23	491080	-0.0429565	-0.0818261	10.1202	34.0625	-1.10801e-05	-0.00583551	0.996465	34.0625	0	0
23	491090	-0.0438261	-0.0746087	10.1121	34.0625	-6.13098e-05	-0.00614575	0.996632	34.0625	0	0
23	491100	-0.039913	-0.0972174	10.0732	34.0625	-4.57977e-05	-0.00569443	0.996457	34.0625	0	0
23	491110	-0.0465217	-0.0831304	10.143	34.0625	-4.57977e-05	-0.00568482	0.996109	34.0625	0	0
23	491120	-0.0307826	-0.0755652	10.0873	34.0625	-3.98883e-05	-0.00561982	0.996342	34.0625	0	0
23	491130	-0.044087	-0.0716522	10.1357	34.0625	-4.21043e-05	-0.00566636	0.996232	34.0625	0	0
23	491140	-0.0268696	-0.0688696	10.1037	34.0625	-9.30727e-05	-0.00580892	0.996438	34.0625	0	0
23	491150	-0.0466956	-0.0734783	10.0906	34.0625	1.32961e-05	-0.00572397	0.996898	34.0625	0	0
23	491160	-0.0274783	-0.072087	10.1293	34.0625	-3.91496e-05	-0.00571289	0.996406	34.0625	0	0
23	491170	-0.0434783	-0.0663478	10.0863	34.0625	-0.000188361	-0.00582665	0.996194	34.0625	0	0
23	491180	-0.0351304	-0.0707826	10.1151	34.0625	-2.28988e-05	-0.00583551	0.996372	34.0625	0	0
23	491190	-0.0441739	-0.0633913	10.1085	34.0625	0	-0.00598768	0.997025	34.0625	0	0
23	491200	-0.0644348	-0.06	10.102	34.125	8.1254e-05	-0.00616127	0.997039	34.125	0	0
23	491210	-0.050087	-0.0744348	10.1136	34.0625	-0.000530367	-0.00582517	0.996566	34.0625	0	0
23	491220	-0.0368696	-0.0817391	10.103	34.0625	-0.000104153	-0.00600024	0.996658	34.0625	0	0
23	491230	-0.037913	-0.0751304	10.1196	34.0625	-5.83551e-05	-0.00619081	0.996747	34.0625	0	0
23	491240	-0.0487826	-0.0863478	10.1134	34.0625	-4.5059e-05	-0.00576017	0.996158	34.0625	0	0
23	491250	-0.0288696	-0.0905217	10.1508	34.0625	-3.39789e-05	-0.0056309	0.996463	34.0625	0	0
23	491260	-0.0490435	-0.0844348	10.1459	34.0625	-0.000151428	-0.0057321	0.996809	34.0625	0	0
23	491270	-0.0413043	-0.0853043	10.1017	34.0625	-0.000132961	-0.00557107	0.996238	34.0625	0	0
23	491280	-0.0365217	-0.0868696	10.1006	34.0625	-0.000101937	-0.00582	0.997012	34.0625	0	0
23	491290	-0.0513913	-0.0729565	10.1353	34.0625	1.10801e-05	-0.00580227	0.996677	34.0625	0	0
23	491300	-0.0402609	-0.0894783	10.0782	34.0625	-0.000117449	-0.0057092	0.996969	34.0625	0	0
23	491310	-0.0406957	-0.068	10.102	34.0625	-5.98325e-05	-0.0060453	0.996452	34.0625	0	0
23	491320	-0.0376522	-0.0952174	10.0992	34.0625	-7.75606e-05	-0.00567448	0.99671	34.0625	0	0
23	491330	-0.0462609	-0.0789565	10.1123	34.0625	2.06828e-05	-0.0061103	0.996774	34.0625	0	0
23	491340	-0.0334783	-0.0752174	10.099	34.0625	-0.000197964	-0.00586137	0.99688	34.0625	0	0
23	491350	-0.0541739	-0.0776522	10.0986	34.0625	-3.54563e-05	-0.00561908	0.996795	34.0625	0	0
23	491360	-0.0582609	-0.0786087	10.0711	34.0625	-0.000166201	-0.00585029	0.996794	34.0625	0	0
23	491370	-0.0307826	-0.0803478	10.0727	34.0625	-0.000374507	-0.00592637	0.996684	34.0625	0	0
23	491380	-0.00808696	-0.0611304	10.1273	34.0625	-1.47734e-06	-0.00587762	0.996946	34.0625	0	0
23	491390	-0.0112174	-0.066	10.1077	34.0625	-0.000104891	-0.0058983	0.996906	34.0625	0	0
23	491400	-0.0378261	-0.0881739	10.099	34.0625	-1.32961e-05	-0.00597069	0.996631	34.0625	0	0
23	491410	-0.0535652	-0.0822609	10.133	34.0625	2.21602e-06	-0.00585102	0.996573	34.0625	0	0
23	491420	-0.0406957	-0.0686087	10.1023	34.0625	-6.50032e-05	-0.00597291	0.9965	34.0625	0	0
23	491430	-0.0207826	-0.0632174	10.1061	34.0625	-7.53446e-05	-0.00583404	0.996622	34.0625	0	0
23	491440	-0.0322609	-0.0836522	10.1334	34.0625	-5.39231e-05	-0.00613246	0.996547	34.0625	0	0
23	491450	-0.0528696	-0.0653913	10.106	34.0625	-6.57418e-05	-0.00583994	0.996607	34.0625	0	0
23	491460	-0.0397391	-0.094	10.1117	34.0625	-0.000244501	-0.00563238	0.996843	34.0625	0	0
23	491470	-0.0553913	-0.0753913	10.1144	34.0625	1.55121e-05	-0.00632599	0.99666	34.0625	0	0
23	491480	-0.0570435	-0.0697391	10.099	34.0625	-1.40961e-05	-0.00618121	0.996576	34.0625	0	0
23	491490	-0.0432174	-0.060087	10.1069	34.0625	0.000135177	-0.00599359	0.996722	34.0625	0	0
23	491500	-0.0247826	-0.0825217	10.1047	34.0625	-4.35817e-05	-0.00590642	0.996908	34.0625	0	0
23	491510	-0.0544348	-0.0905217	10.12	34.0625	0.000118188	-0.005967	0.996454	34.0625	0	0
23	491520	-0.0434783	-0.0770435	10.1457	34.0625	-1.10801e-05	-0.00616127	0.996559	34.0625	0	0
23	491530	-0.0478261	-0.0873043	10.1303	34.0625	-0.000243023	-0.00574761	0.996666	34.0625	0	0
23	491540	-0.0313913	-0.0841739	10.0783	34.0625	-0.000187623	-0.0060187	0.996878	34.0625	0	0
23	491550	-0.0644348	-0.100348	10.1556	34.0625	-8.93794e-05	-0.0060224	0.99692	34.0625	0	0
23	491560	-0.0250435	-0.0646956	10.1288	34.0625	-0.000147734	-0.00589904	0.996455	34.0625	0	0
23	491570	-0.0383478	-0.0874783	10.1046	34.0625	-0.000107108	-0.00601796	0.997124	34.0625	0	0
23	491580	-0.0326957	-0.0567826	10.1069	34.0625	7.23899e-05	-0.00612581	0.996569	34.0625	0	0
23	491590	-0.0456522	-0.0726957	10.1107	34.0625	2.28988e-05	-0.00602609	0.996377	34.0625	0	0
23	491600	-0.0478261	-0.0726957	10.1089	34.0625	-0.000223818	-0.00578898	0.996314	34.0625	0	0
23	491610	-0.0373913	-0.0949565	10.1036	34.0625	-0.000149951	-0.00610661	0.996604	34.0625	0	0
23	491620	-0.0334783	-0.0735652	10.1096	34.0625	-7.01739e-05	-0.00621593	0.996462	34.0625	0	0
23	491630	-0.0267826	-0.0885217	10.0953	34.0625	-0.000104153	-0.00588648	0.996616	34.0625	0	0
23	491640	-0.0413913	-0.0841739	10.125	34.125	-8.5686e-05	-0.00592637	0.996517	34.125	0	0
23	491650	-0.0571304	-0.0886087	10.1064	34.0625	-3.17629e-05	-0.00538418	0.996669	34.0625	0	0
23	491660	-0.0393913	-0.0852174	10.0981	34.0625	-0.000161769	-0.00563312	0.996543	34.0625	0	0
23	491670	-0.0483478	-0.0847826	10.101	34.0625	5.90938e-06	-0.0060224	0.996748	34.0625	0	0
23	491680	-0.0336522	-0.0786956	10.0944	34.0625	-5.61391e-05	-0.00591086	0.996638	34.0625	0	0
23	491690	-0.032	-0.0670435	10.1104	34.0625	-9.60274e-05	-0.00630826	0.996592	34.0625	0	0
23	491700	-0.0386087	-0.0834783	10.1222	34.0625	-3.6195e-05	-0.00629792	0.997042	34.0625	0	0
23	491710	-0.0647826	-0.0644348	10.0957	34.0625	-0.000362688	-0.00556442	0.996819	34.0625	0	0
23	491720	-0.0437391	-0.0832174	10.0946	34.0625	-0.000185407	-0.00579193	0.99674	34.0625	0	0
23	491730	-0.0526957	-0.0723478	10.0649	34.0625	-5.17071e-06	-0.00575795	0.99663	34.0625	0	0
23	491740	-0.0401739	-0.0748696	10.0776	34.125	7.38672e-05	-0.005967	0.996624	34.125	0	0
23	491750	-0.0313043	-0.0906956	10.1005	34.0625	-2.28988e-05	-0.0057875	0.997051	34.0625	0	0
23	491760	-0.0250435	-0.0741739	10.0855	34.0625	-0.00012779	-0.00601723	0.996482	34.0625	0	0
23	491770	-0.0537391	-0.0768696	10.0903	34.0625	-0.000348653	-0.00585989	0.996517	34.0625	0	0
23	491780	-0.04	-0.0610435	10.1123	34.0625	9.60274e-06	-0.00569221	0.996498	34.0625	0	0
23	491790	-0.0563478	-0.0841739	10.0949	34.0625	-0.00011671	-0.00603569	0.996637	34.0625	0	0
23	491800	-0.0243478	-0.0793043	10.0967	34.0625	-0.000180236	-0.00589978	0.996463	34.0625	0	0
23	491810	-0.0370435	-0.0801739	10.077	34.0625	-0.000180236	-0.00628241	0.996586	34.0625	0	0
23	491820	-0.0273913	-0.0906087	10.1221	34.0625	-0.000172111	-0.00554124	0.996974	34.0625	0	0
23	491830	-0.034087	-0.0933913	10.0957	34.0625	-0.000106369	-0.00570181	0.99651	34.0625	0	0
23	491840	-0.0324348	-0.089913	10.0869	34.0625	-6.86965e-05	-0.00616422	0.996503	34.0625	0	0
23	491850	-0.0450435	-0.0666087	10.0973	34.0625	-3.39789e-05	-0.00608962	0.996807	34.0625	0	0
23	491860	-0.040087	-0.0828696	10.1291	34.0625	-0.000213476	-0.00618564	0.996759	34.0625	0	0
23	491870	-0.0407826	-0.0911304	10.0954	34.125	-0.000214954	-0.00609257	0.996527	34.125	0	0
23	491880	-0.06	-0.0848696	10.1059	34.125	-9.82434e-05	-0.00582222	0.996415	34.125	0	0
23	491890	-0.0412174	-0.0857391	10.0796	34.125	-0.000288821	-0.00579858	0.996479	34.125	0	0
23	491900	-0.0592174	-0.0851304	10.0719	34.0625	-0.000152905	-0.00589756	0.996812	34.0625	0	0
23	491910	-0.0632174	-0.0795652	10.1217	34.125	-6.13098e-05	-0.00601427	0.996511	34.125	0	0
23	491920	-0.0345217	-0.0765217	10.1267	34.0625	-0.000104153	-0.00634224	0.996586	34.0625	0	0
23	491930	-0.0375652	-0.0794783	10.1401	34.125	-2.21602e-06	-0.00606302	0.996546	34.125	0	0
23	491940	-0.0346087	-0.0840869	10.1277	34.0625	-0.000223818	-0.00576755	0.996774	34.0625	0	0
23	491950	-0.0350435	-0.0834783	10.0988	34.0625	-0.000329448	-0.00589978	0.996404	34.0625	0	0
23	491960	-0.0489565	-0.0910435	10.1082	34.125	-0.000268877	-0.00628906	0.996596	34.125	0	0
23	491970	-0.0364348	-0.0795652	10.1229	34.0625	6.20485e-05	-0.00634963	0.996884	34.0625	0	0
23	491980	-0.0362609	-0.0911304	10.1191	34.125	-0.000136654	-0.00569147	0.996622	34.125	0	0
23	491990	-0.0462609	-0.0767826	10.1528	34.0625	-0.000138132	-0.00578381	0.996251	34.0625	0	0
23	492000	-0.0309565	-0.095913	10.0939	34.0625	-6.64805e-06	-0.00572028	0.996756	34.0625	0	0
23	492010	-0.031913	-0.070087	10.1095	34.0625	-0.000186145	-0.00554817	0.996757	34.0625	0	0
23	492020	-0.0169565	-0.0863478	10.1215	34.0625	-6.42645e-05	-0.00590125	0.996679	34.0625	0	0
23	492030	-0.0456522	-0.103391	10.0843	34.0625	2.43762e-05	-0.0059862	0.996423	34.0625	0	0
23	492040	-0.0272174	-0.0832174	10.103	34.0625	-0.000186884	-0.00604382	0.996771	34.0625	0	0
23	492050	-0.0453043	-0.0513043	10.1134	34.0625	-0.000248933	-0.00606598	0.996882	34.0625	0	0
23	492060	-0.0169565	-0.074	10.117	34.0625	-0.000228988	-0.00574096	0.996711	34.0625	0	0
23	492070	-0.0390435	-0.0847826	10.0876	34.0625	-0.000260751	-0.00564272	0.996705	34.0625	0	0
23	492080	-0.0248696	-0.0822609	10.079	34.0625	1.55121e-05	-0.00567448	0.996677	34.0625	0	0
23	492090	-0.0449565	-0.0653913	10.0854	34.0625	-1.84668e-05	-0.00572545	0.996579	34.0625	0	0
23	492100	-0.0335652	-0.076087	10.0789	34.0625	-5.98325e-05	-0.00601796	0.996895	34.0625	0	0
23	492110	-0.0217391	-0.0887826	10.0947	34.0625	0	-0.00603939	0.996701	34.0625	0	0
23	492120	-0.0441739	-0.10087	10.091	34.0625	-0.000264445	-0.00591898	0.996844	34.0625	0	0
23	492130	-0.0475652	-0.0772174	10.1588	34.0625	-0.000145518	-0.00593376	0.996574	34.0625	0	0
23	492140	-0.0331304	-0.0785217	10.1594	34.0625	7.38672e-05	-0.00589978	0.996402	34.0625	0	0
23	492150	-0.0249565	-0.0761739	10.1379	34.0625	-6.94352e-05	-0.00593967	0.996975	34.0625	0	0
23	492160	-0.0416522	-0.090087	10.0772	34.0625	-0.000256319	-0.00606155	0.996494	34.0625	0	0
23	492170	-0.0376522	-0.0910435	10.1021	34.0625	-0.000202396	-0.00593597	0.996641	34.0625	0	0
23	492180	-0.0403478	-0.0806956	10.101	34.0625	-0.00017802	-0.00606524	0.996445	34.0625	0	0
23	492190	-0.0357391	-0.0738261	10.1098	34.0625	2.21602e-06	-0.00586654	0.996675	34.0625	0	0
23	492200	-0.0265217	-0.0958261	10.0761	34.0625	-0.000321323	-0.00596995	0.996778	34.0625	0	0
23	492210	-0.0357391	-0.105913	10.0921	34.0625	1.03414e-05	-0.00587688	0.996655	34.0625	0	0
23	492220	-0.0474783	-0.0737391	10.1283	34.0625	0	-0.0059441	0.996603	34.0625	0	0
23	492230	-0.0385217	-0.086	10.0839	34.0625	-5.61391e-05	-0.00594188	0.996477	34.0625	0	0
23	492240	-0.0376522	-0.0824348	10.1118	34.0625	5.98325e-05	-0.00570698	0.996425	34.0625	0	0
23	492250	-0.0505217	-0.0706957	10.0561	34.0625	0.00012779	-0.00571437	0.996841	34.0625	0	0
23	492260	-0.0239301	-0.0726957	10.1004	34.0625	-0.000364166	-0.00569443	0.996529	34.0625	0	0
23	492270	-0.0357391	-0.0821739	10.139	34.0625	-0.00053997	-0.00587688	0.996409	34.0625	0	0
23	492280	-0.0361739	-0.076	10.1433	34.0625	-6.72192e-05	-0.00580301	0.996275	34.0625	0	0
23	492290	-0.035913	-0.0825217	10.1341	34.0625	-0.000195748	-0.0059958	0.996779	34.0625	0	0
23	492300	-0.0255652	-0.0661739	10.1181	34.0625	1.32961e-05	-0.0059899	0.996367	34.0625	0	0
23	492310	-0.0233043	-0.076	10.1361	34.0625	-0.000217908	-0.00566931	0.996674	34.0625	0	0
23	492320	-0.0342609	-0.0755652	10.1198	34.0625	-4.43203e-06	-0.00550459	0.996609	34.0625	0	0
23	492330	-0.030087	-0.052087	10.0815	34.0625	-0.000301378	-0.00587392	0.99649	34.0625	0	0
23	492340	-0.0367826	-0.0862609	10.0937	34.0625	-0.000103414	-0.00565971	0.996437	34.0625	0	0
23	492350	-0.0342609	-0.0804348	10.1034	34.0625	-0.000219386	-0.00589904	0.996685	34.0625	0	0
23	492360	-0.0623478	-0.0848696	10.1785	34.0625	-0.000129268	-0.00585693	0.996453	34.0625	0	0
23	492370	-0.032	-0.0874236	10.1118	34.0625	-0.000220124	-0.00592194	0.996585	34.0625	0	0
23	492380	-0.0537391	-0.0857391	10.0926	34.0625	-0.000169895	-0.00597512	0.996553	34.0625	0	0
23	492390	-0.0362609	-0.0802609	10.1214	34.0625	-0.000237114	-0.00602314	0.996529	34.0625	0	0
23	492400	-0.0386957	-0.083913	10.093	34.0625	-8.64247e-05	-0.00582148	0.996389	34.0625	0	0
23	492410	-0.0353913	-0.0746087	10.0454	34.0625	-6.13098e-05	-0.00584512	0.996379	34.0625	0	0
23	492420	-0.018087	-0.0906087	10.1228	34.0625	-0.000148473	-0.00609848	0.996453	34.0625	0	0
23	492430	-0.0344348	-0.0649565	10.1337	34.0625	-0.000287344	-0.0058067	0.996573	34.0625	0	0
23	492440	-0.0276522	-0.0713044	10.0813	34.0625	-0.000192055	-0.00599063	0.996514	34.0625	0	0
23	492450	-0.0310435	-0.0755652	10.121	34.0625	-0.000131484	-0.00569221	0.996801	34.0625	0	0
23	492460	-0.0254783	-0.0807826	10.1177	34.0625	-2.21602e-05	-0.0060416	0.996367	34.0625	0	0
23	492470	-0.056	-0.0941739	10.1479	34.0625	-0.000172849	-0.00556516	0.996634	34.0625	0	0
23	492480	-0.038087	-0.0758261	10.0932	34.0625	-7.68219e-05	-0.00573579	0.996695	34.0625	0	0
23	492490	-0.0384348	-0.07	10.1002	34.0625	-3.39789e-05	-0.00586063	0.996489	34.0625	0	0
23	492500	-0.0356522	-0.0906956	10.1249	34.0625	-9.52887e-05	-0.00635554	0.996496	34.0625	0	0
23	492510	-0.0398261	-0.0872174	10.1274	34.0625	-0.000190577	-0.0059308	0.996333	34.0625	0	0
23	492520	-0.0454783	-0.084	10.141	34.0625	-9.60274e-05	-0.00595518	0.996748	34.0625	0	0
23	492530	-0.028087	-0.0626957	10.0898	34.0625	-0.000466102	-0.00589682	0.996669	34.0625	0	0
23	492540	-0.0376522	-0.0668696	10.1177	34.0625	-0.000463148	-0.00603274	0.996734	34.0625	0	0
23	492550	-0.0338261	-0.0805217	10.1343	34.0625	-0.000132222	-0.00587688	0.99707	34.0625	0	0
23	492560	-0.0386087	-0.065913	10.0997	34.0625	-0.00011671	-0.00601058	0.996768	34.0625	0	0
23	492570	-0.0322609	-0.078	10.05	34.0625	-0.00022825	-0.00608814	0.996843	34.0625	0	0
23	492580	-0.0333043	-0.0725217	10.0542	34.125	-0.000260013	-0.00573136	0.996593	34.125	0	0
23	492590	-0.0563478	-0.044	10.1331	34.125	-0.000163985	-0.00573579	0.996579	34.125	0	0
23	492600	-0.0370435	-0.0583478	10.1132	34.125	7.46059e-05	-0.00586801	0.996984	34.125	0	0
23	492610	-0.0387826	-0.0653043	10.1422	34.125	-0.000123358	-0.005755	0.996539	34.125	0	0
23	492620	-0.02	-0.0678261	10.1575	34.0625	-0.000114494	-0.00611547	0.99693	34.0625	0	0
23	492630	-0.0258261	-0.073913	10.1234	34.0625	-0.000455761	-0.00576608	0.99648	34.0625	0	0
23	492640	-0.0372174	-0.0886956	10.0863	34.125	-6.64805e-06	-0.00590273	0.996446	34.125	0	0
23	492650	-0.0403478	-0.0861739	10.1075	34.0625	-0.000225295	-0.00585029	0.996381	34.0625	0	0
23	492660	-0.0330435	-0.0762609	10.1263	34.0625	-1.18188e-05	-0.00614206	0.996841	34.0625	0	0
23	492670	-0.0467826	-0.0972174	10.0937	34.0625	-0.000204612	-0.00596626	0.996315	34.0625	0	0
23	492680	-0.0228696	-0.0744348	10.1059	34.0625	-0.000186884	-0.00548095	0.996891	34.0625	0	0
23	492690	-0.030087	-0.0505217	10.1167	34.0625	-0.000332403	-0.005755	0.996496	34.0625	0	0
23	492700	-0.0427826	-0.0852174	10.0968	34.0625	-0.000148473	-0.00601058	0.996675	34.0625	0	0
23	492710	-0.0446957	-0.0748696	10.1285	34.0625	-7.82993e-05	-0.00587392	0.996629	34.0625	0	0
23	492720	-0.0298261	-0.0722609	10.0835	34.0625	-7.46059e-05	-0.00572397	0.99657	34.0625	0	0
23	492730	-0.0316522	-0.0797391	10.0893	34.0625	-1.77281e-05	-0.00575057	0.996592	34.0625	0	0
23	492740	-0.0306087	-0.0798261	10.1119	34.0625	-0.000231204	-0.00585841	0.996677	34.0625	0	0
23	492750	-0.023913	-0.0856522	10.1592	34.0625	-0.000205351	-0.0056405	0.996345	34.0625	0	0
23	492760	-0.0584348	-0.0977391	10.1212	34.0625	-0.000129268	-0.00538862	0.996745	34.0625	0	0
23	492770	-0.0326087	-0.0745217	10.1057	34.0625	-0.000128529	-0.00558953	0.99673	34.0625	0	0
23	492780	-0.0246957	-0.0646956	10.0935	34.0625	-6.64805e-05	-0.00590716	0.996874	34.0625	0	0
23	492790	-0.0367826	-0.0846957	10.1145	34.0625	-0.000262229	-0.00578676	0.997	34.0625	0	0
23	492800	-0.029913	-0.0707826	10.1028	34.0625	-0.000109324	-0.00616053	0.996655	34.0625	0	0
23	492810	-0.0157391	-0.0741739	10.1011	34.0625	-0.000134438	-0.00582	0.996641	34.0625	0	0
23	492820	-0.0341739	-0.1	10.096	34.0625	-0.000322061	-0.00588574	0.996669	34.0625	0	0
23	492830	-0.0316522	-0.0824348	10.0896	34.0625	-0.000284389	-0.0061849	0.996117	34.0625	0	0
23	492840	-0.03	-0.0902609	10.1219	34.0625	-0.000297685	-0.005478	0.996516	34.0625	0	0
23	492850	-0.0173913	-0.0855652	10.1162	34.0625	-0.000214954	-0.00592342	0.996599	34.0625	0	0
23	492860	-0.0235652	-0.073913	10.0812	34.0625	-0.000110062	-0.00586358	0.996757	34.0625	0	0
23	492870	-0.0337391	-0.0982609	10.0962	34.0625	-0.000251149	-0.00544402	0.996606	34.0625	0	0
23	492880	-0.0164348	-0.075913	10.1122	34.0625	-0.000110062	-0.00583699	0.996582	34.0625	0	0
23	492890	-0.0272174	-0.0749565	10.1277	34.0625	-0.000109324	-0.00578085	0.996559	34.0625	0	0
23	492900	-0.00973913	-0.0990435	10.0872	34.0625	-0.000206828	-0.00568039	0.99647	34.0625	0	0
23	492910	-0.0558261	-0.0867826	10.1499	34.0625	-0.000233421	-0.00603495	0.996375	34.0625	0	0
23	492920	-0.0366087	-0.090087	10.1071	34.0625	-0.000345699	-0.00612212	0.996748	34.0625	0	0
23	492930	-0.0302609	-0.076	10.1264	34.125	-0.000346437	-0.00548317	0.99648	34.125	0	0
23	492940	-0.044	-0.0826957	10.111	34.0625	-3.76723e-05	-0.00561834	0.996519	34.0625	0	0
23	492950	-0.0368696	-0.072	10.133	34.0625	-9.89821e-05	-0.00595813	0.996602	34.0625	0	0
23	492960	-0.0303478	-0.0886087	10.0932	34.0625	-0.00010563	-0.00567374	0.996954	34.0625	0	0
23	492970	-0.047913	-0.0673913	10.1318	34.0625	0	-0.00565749	0.996368	34.0625	0	0
23	492980	-0.0524348	-0.0721739	10.1176	34.0625	-0.000139609	-0.00574392	0.996573	34.0625	0	0
23	492990	-0.0366087	-0.0794783	10.0952	34.0625	-0.000108585	-0.00568852	0.996879	34.0625	0	0
23	493000	-0.0331304	-0.096087	10.12	34.125	-5.02297e-05	-0.00548612	0.996644	34.125	0	0
23	493010	-0.043913	-0.101826	10.1612	34.0625	-1.77281e-05	-0.00569295	0.996554	34.0625	0	0
23	493020	-0.0426087	-0.0858261	10.1051	34.0625	-0.000213476	-0.00593597	0.996471	34.0625	0	0
23	493030	-0.0473043	-0.0690435	10.145	34.0625	-9.52887e-05	-0.00599876	0.996866	34.0625	0	0
23	493040	-0.0346957	-0.0953913	10.1302	34.0625	-0.000104153	-0.00560948	0.99641	34.0625	0	0
23	493050	-0.0411304	-0.0937391	10.0752	34.0625	-0.000113017	-0.00584364	0.996827	34.0625	0	0
23	493060	-0.0424348	-0.0847826	10.113	34.0625	-0.000171372	-0.00602092	0.996996	34.0625	0	0
23	493070	-0.0408696	-0.0646087	10.1263	34.0625	-0.000142564	-0.00574022	0.996833	34.0625	0	0
23	493080	-0.0532174	-0.0932174	10.1013	34.0625	1.10801e-05	-0.00602166	0.996579	34.0625	0	0
23	493090	-0.04	-0.0905217	10.1352	34.0625	-0.000170633	-0.00595001	0.99645	34.0625	0	0
23	493100	-0.0313913	-0.0869565	10.0883	34.0625	-0.000245978	-0.00588796	0.996421	34.0625	0	0
23	493110	-0.042087	-0.0873913	10.0876	34.0625	-0.000282173	-0.00588057	0.996519	34.0625	0	0
23	493120	-0.0311304	-0.0949565	10.0955	34.0625	3.02856e-05	-0.00593006	0.996334	34.0625	0	0
23	493130	-0.0442609	-0.0991304	10.1259	34.0625	-0.000209044	-0.00580818	0.99691	34.0625	0	0
23	493140	-0.0429565	-0.08	10.0975	34.0625	-0.00021126	-0.00571215	0.996538	34.0625	0	0
23	493150	-0.0422609	-0.0881739	10.1003	34.0625	-0.000157337	-0.00602166	0.996707	34.0625	0	0
23	493160	-0.0215652	-0.0857391	10.1549	34.0625	-0.000155121	-0.00586728	0.996476	34.0625	0	0
23	493170	-0.0109565	-0.0774783	10.1116	34.0625	-0.000220124	-0.00603569	0.996423	34.0625	0	0
23	493180	-0.0409565	-0.0791304	10.0903	34.0625	-9.23341e-05	-0.005673	0.996241	34.0625	0	0
23	493190	-0.0397391	-0.0595652	10.1226	34.0625	0.000101937	-0.00570625	0.996822	34.0625	0	0
23	493200	-0.0593913	-0.0805217	10.091	34.0625	-7.53446e-05	-0.00604603	0.996867	34.0625	0	0
23	493210	-0.0343478	-0.0846957	10.1067	34.0625	-0.000112278	-0.00563903	0.996605	34.0625	0	0
23	493220	-0.0415652	-0.08	10.1438	34.0625	-0.000291037	-0.00547504	0.996729	34.0625	0	0
23	493230	-0.0529565	-0.0772174	10.1178	34.0625	-0.000203135	-0.00578085	0.996589	34.0625	0	0
23	493240	-0.03	-0.0868696	10.1261	34.0625	-4.2843e-05	-0.00547726	0.996094	34.0625	0	0
23	493250	-0.0313043	-0.0895652	10.1018	34.0625	-0.000156599	-0.00576312	0.996344	34.0625	0	0
23	493260	-0.0605217	-0.0878261	10.0815	34.0625	-0.00016694	-0.0057225	0.996867	34.0625	0	0
23	493270	-0.045913	-0.082087	10.0853	34.0625	-0.000248933	-0.00577642	0.99704	34.0625	0	0
23	493280	-0.0246957	-0.0882609	10.1179	34.125	-0.000194271	-0.00545879	0.996674	34.125	0	0
23	493290	-0.036087	-0.0786956	10.0797	34.0625	-8.86407e-05	-0.00584438	0.996726	34.0625	0	0
23	493300	-0.043913	-0.0751304	10.0878	34.0625	-0.00020018	-0.00587983	0.996807	34.0625	0	0
23	493310	-0.0244348	-0.0723478	10.0966	34.0625	-0.000186884	-0.00610661	0.996809	34.0625	0	0
23	493320	-0.0226087	-0.0844348	10.1117	34.0625	-0.000560652	-0.00587319	0.99676	34.0625	0	0
23	493330	-0.036087	-0.0934783	10.0946	34.125	-0.000187623	-0.00580153	0.996723	34.125	0	0
23	493340	-0.0405217	-0.0907826	10.1201	34.125	-0.000449113	-0.00575204	0.996337	34.125	0	0
23	493350	-0.04	-0.0586956	10.0997	34.0625	-0.00012262	-0.00629349	0.99652	34.0625	0	0
23	493360	-0.0649565	-0.067913	10.1077	34.0625	-0.000176543	-0.00595075	0.996674	34.0625	0	0
23	493370	-0.0281739	-0.0741739	10.0566	34.0625	-0.000149951	-0.00567448	0.996403	34.0625	0	0
23	493380	-0.0333913	-0.0867826	10.1026	34.0625	-0.000124836	-0.0059862	0.996519	34.0625	0	0
23	493390	-0.0330435	-0.0854783	10.1017	34.0625	-0.000297685	-0.00587836	0.996638	34.0625	0	0
23	493400	-0.0375652	-0.092	10.0985	34.0625	-0.000103414	-0.0064006	0.996894	34.0625	0	0
23	493410	-0.0302609	-0.0933913	10.1191	34.0625	-0.000253365	-0.00585472	0.996351	34.0625	0	0
23	493420	-0.0466087	-0.106435	10.0927	34.0625	-0.000108585	-0.00595222	0.996516	34.0625	0	0
23	493430	-0.037913	-0.102174	10.1083	34.0625	-0.000260751	-0.00572988	0.996485	34.0625	0	0
23	493440	-0.0425217	-0.0948696	10.0898	34.125	-0.000237853	-0.00595518	0.996271	34.125	0	0
23	493450	-0.0546957	-0.0892174	10.077	34.0625	-7.68219e-05	-0.00573801	0.996898	34.0625	0	0
23	493460	-0.0192174	-0.0707826	10.0974	34.0625	0	-0.00608814	0.996452	34.0625	0	0
23	493470	-0.021913	-0.0887826	10.0597	34.0625	-0.000401838	-0.00601649	0.996445	34.0625	0	0
23	493480	-0.040087	-0.0943478	10.1295	34.0625	-0.000288821	-0.00569664	0.996683	34.0625	0	0
23	493490	-0.0367826	-0.104522	10.066	34.125	-0.000146257	-0.00586875	0.996585	34.125	0	0
23	493500	-0.036087	-0.0853043	10.096	34.125	-0.000141825	-0.00603717	0.996505	34.125	0	0
23	493510	-0.0377391	-0.0696522	10.1093	34.0625	-0.000107108	-0.00562868	0.996596	34.0625	0	0
23	493520	-0.0361739	-0.0734783	10.1125	34.125	-0.000149951	-0.0059345	0.996955	34.125	0	0
23	493530	-0.0322609	-0.103913	10.0966	34.0625	-0.00031172	-0.00593671	0.99677	34.0625	0	0
23	493540	-0.048	-0.102783	10.1024	34.0625	-0.000197964	-0.00577125	0.996385	34.0625	0	0
23	493550	-0.042087	-0.0836522	10.1403	34.0625	-0.000210522	-0.00573136	0.99704	34.0625	0	0
23	493560	-0.0463478	-0.085913	10.0764	34.0625	-0.00015586	-0.00564715	0.99661	34.0625	0	0
23	493570	-0.0285217	-0.0846087	10.1045	34.0625	-0.000198703	-0.00549794	0.996806	34.0625	0	0
23	493580	-0.04	-0.0908696	10.1295	34.0625	-3.69336e-05	-0.00576091	0.996463	34.0625	0	0
23	493590	-0.0246957	-0.087913	10.0877	34.0625	-0.000209783	-0.0057417	0.99666	34.0625	0	0
23	493600	-0.0343478	-0.107391	10.094	34.125	-0.000102675	-0.00568852	0.996562	34.125	0	0
23	493610	-0.0594783	-0.0787826	10.1096	34.125	-8.42087e-05	-0.00548169	0.99627	34.125	0	0
23	493620	-0.0192174	-0.0813043	10.1287	34.0625	-0.000291037	-0.00609479	0.996817	34.0625	0	0
23	493630	-0.0255652	-0.0811304	10.1276	34.0625	-0.000231204	-0.00602535	0.996774	34.0625	0	0
23	493640	-0.0393043	-0.0773913	10.1521	34.0625	-1.55121e-05	-0.00582517	0.996756	34.0625	0	0
23	493650	-0.0511304	-0.0877391	10.1522	34.0625	-0.00017802	-0.00577937	0.996602	34.0625	0	0
23	493660	-0.0328696	-0.0856522	10.068	34.0625	-0.000151428	-0.00552158	0.99622	34.0625	0	0
23	493670	-0.0464348	-0.075913	10.1241	34.0625	-0.000268877	-0.00595222	0.996343	34.0625	0	0
23	493680	-0.0362609	-0.0894783	10.1577	34.0625	-0.000245978	-0.00578898	0.996395	34.0625	0	0
23	493690	-0.0495652	-0.0610435	10.1121	34.0625	-4.80137e-05	-0.0056863	0.996867	34.0625	0	0
23	493700	-0.0258261	-0.0911304	10.137	34.0625	1.99442e-05	-0.00606893	0.997002	34.0625	0	0
23	493710	-0.043913	-0.0670435	10.1112	34.0625	-0.000128529	-0.00586949	0.996904	34.0625	0	0
23	493720	-0.028	-0.0950435	10.1226	34.0625	-4.57977e-05	-0.00564567	0.996632	34.0625	0	0
23	493730	-0.0181739	-0.0875652	10.1083	34.0625	-8.42087e-05	-0.00580227	0.996899	34.0625	0	0
23	493740	-0.052087	-0.0984348	10.127	34.0625	-5.90938e-05	-0.00575795	0.997144	34.0625	0	0
23	493750	-0.0318261	-0.10313	10.1098	34.0625	-0.000226772	-0.00574466	0.996853	34.0625	0	0
23	493760	-0.038	-0.107652	10.0968	34.0625	-0.00038928	-0.00601132	0.996854	34.0625	0	0
23	493770	-0.0442609	-0.0920869	10.1146	34.0625	-0.000123358	-0.00588279	0.996699	34.0625	0	0
23	493780	-0.0428696	-0.0917391	10.118	34.125	-6.86965e-05	-0.00616422	0.996696	34.125	0	0
23	493790	-0.0574783	-0.0838261	10.1201	34.0625	-0.000236375	-0.00567891	0.996422	34.0625	0	0
23	493800	-0.0507826	-0.0857391	10.0993	34.0625	-0.000319845	-0.00595961	0.996617	34.0625	0	0
23	493810	-0.0373043	-0.0828696	10.0756	34.0625	3.25016e-05	-0.00599211	0.996321	34.0625	0	0
23	493820	-0.0248696	-0.0733043	10.1214	34.0625	-0.000103414	-0.00580597	0.996658	34.0625	0	0
23	493830	-0.0328696	-0.0777391	10.1249	34.0625	-0.000141825	-0.00549572	0.996402	34.0625	0	0
23	493840	-0.0386087	-0.0830435	10.1403	34.0625	-1.92055e-05	-0.00594779	0.996769	34.0625	0	0
23	493850	-0.0457391	-0.0881739	10.1252	34.0625	-0.000195748	-0.0061332	0.996914	34.0625	0	0
23	493860	-0.03	-0.0846957	10.1012	34.0625	-0.000298424	-0.0056767	0.996429	34.0625	0	0
23	493870	-0.0373043	-0.0796522	10.1156	34.0625	-0.000100459	-0.0059116	0.996688	34.0625	0	0
23	493880	-0.0286087	-0.0745217	10.1059	34.0625	-6.79579e-05	-0.00591086	0.996839	34.0625	0	0
23	493890	-0.0237391	-0.0894783	10.0791	34.0625	-0.000224556	-0.00547504	0.99629	34.0625	0	0
23	493900	-0.0253043	-0.0686956	10.1066	34.0625	0.000135916	-0.00583256	0.996402	34.0625	0	0
23	493910	-0.0273913	-0.0840869	10.1163	34.0625	-1.03414e-05	-0.00540117	0.996502	34.0625	0	0
23	493920	-0.0504348	-0.0763478	10.093	34.0625	-0.00012262	-0.00572102	0.996704	34.0625	0	0
23	493930	-0.0333913	-0.093913	10.1184	34.0625	-0.000279218	-0.00581926	0.996815	34.0625	0	0
23	493940	-0.0392174	-0.0728696	10.1196	34.0625	-0.000129268	-0.00561022	0.996348	34.0625	0	0
23	493950	-0.0381739	-0.0754783	10.0901	34.0625	0.000217908	-0.00567522	0.996513	34.0625	0	0
23	493960	-0.0310435	-0.0843478	10.0905	34.125	7.38672e-07	-0.00573579	0.996403	34.125	0	0
23	493970	-0.0330435	-0.108522	10.12	34.0625	-4.21043e-05	-0.00543885	0.996641	34.0625	0	0
23	493980	-0.032087	-0.0845217	10.1002	34.125	-8.42087e-05	-0.00593745	0.996669	34.125	0	0
23	493990	-0.0388696	-0.0794783	10.1062	34.125	-1.32961e-05	-0.00577716	0.996376	34.125	0	0
23	494000	-0.0283478	-0.0689565	10.1125	34.0625	-0.000134438	-0.00583256	0.996567	34.0625	0	0
23	494010	-0.0373043	-0.0816522	10.1499	34.0625	-8.1254e-06	-0.0058525	0.996742	34.0625	0	0
23	494020	-0.028087	-0.08	10.1169	34.0625	-0.000329448	-0.00555334	0.996601	34.0625	0	0
23	494030	-0.046	-0.0746087	10.1128	34.0625	-1.25574e-05	-0.00571954	0.996454	34.0625	0	0
23	494040	-0.0456522	-0.0816522	10.1013	34.0625	-0.000110062	-0.00586284	0.996617	34.0625	0	0
23	494050	-0.0289565	-0.0795652	10.1013	34.0625	-0.000130745	-0.00606967	0.996658	34.0625	0	0
23	494060	-0.0525217	-0.0953043	10.1275	34.0625	-0.000132222	-0.00599137	0.996875	34.0625	0	0
23	494070	-0.0382609	-0.0732174	10.1126	34.0625	-5.98325e-05	-0.00566119	0.996509	34.0625	0	0
23	494080	-0.0408696	-0.0807826	10.0735	34.0625	-0.000160292	-0.00568482	0.996774	34.0625	0	0
23	494090	-0.048087	-0.0833043	10.0839	34.0625	-8.42087e-05	-0.00574687	0.996794	34.0625	0	0
23	494100	-0.0393913	-0.0804348	10.0963	34.0625	-5.90938e-06	-0.00612138	0.99644	34.0625	0	0
23	494110	-0.0426956	-0.0809565	10.089	34.0625	-0.000287344	-0.00548317	0.996417	34.0625	0	0
23	494120	-0.0470435	-0.0815652	10.0886	34.0625	-7.31286e-05	-0.00563533	0.996585	34.0625	0	0
23	494130	-0.0345217	-0.0957391	10.0788	34.0625	-0.000260013	-0.00591824	0.996598	34.0625	0	0
23	494140	-0.0501739	-0.0892174	10.1092	34.0625	-1.84668e-05	-0.00575204	0.996386	34.0625	0	0
23	494150	-0.0489565	-0.0754783	10.0957	34.0625	-3.69336e-05	-0.00595222	0.996468	34.0625	0	0
23	494160	-0.0445217	-0.0846957	10.1103	34.0625	-0.000130006	-0.00601649	0.99673	34.0625	0	0
23	494170	-0.038	-0.097913	10.1106	34.0625	-0.000167679	-0.00575426	0.996376	34.0625	0	0
23	494180	-0.0387826	-0.0796522	10.1028	34.0625	-0.00016694	-0.00600467	0.996666	34.0625	0	0
23	494190	-0.0401739	-0.0784348	10.1263	34.0625	5.90938e-06	-0.00567153	0.997045	34.0625	0	0
23	494200	-0.0463478	-0.086	10.1202	34.0625	-0.000276264	-0.00534799	0.996853	34.0625	0	0
23	494210	-0.0363478	-0.0895652	10.1217	34.0625	-0.000183929	-0.00568852	0.996696	34.0625	0	0
23	494220	-0.0492174	-0.0895652	10.1052	34.0625	-0.000173588	-0.00552823	0.996563	34.0625	0	0
23	494230	-0.068	-0.0903478	10.1496	34.0625	-8.49473e-05	-0.00571659	0.996363	34.0625	0	0
23	494240	-0.0435652	-0.0793043	10.0896	34.0625	-3.02856e-05	-0.00585546	0.996707	34.0625	0	0
23	494250	-0.044087	-0.0809565	10.1002	34.125	-2.80696e-05	-0.0059766	0.996786	34.125	0	0
23	494260	-0.0350435	-0.064	10.115	34.0625	-1.18188e-05	-0.00566045	0.996431	34.0625	0	0
23	494270	-0.0362609	-0.0843478	10.1072	34.0625	-4.94911e-05	-0.00587688	0.996699	34.0625	0	0
23	494280	-0.053913	-0.0794783	10.0995	34.0625	-0.000351608	-0.00561317	0.996948	34.0625	0	0
23	494290	-0.0590435	-0.0929565	10.1282	34.0625	-6.72192e-05	-0.005885	0.996601	34.0625	0	0
23	494300	-0.0533913	-0.0742609	10.0954	34.125	6.64805e-06	-0.0061524	0.996213	34.125	0	0
23	494310	-0.0324348	-0.0867826	10.1205	34.0625	4.43203e-05	-0.00563533	0.996771	34.0625	0	0
23	494320	-0.0381739	-0.0906087	10.0817	34.125	-0.000160292	-0.00605638	0.996545	34.125	0	0
23	494330	-0.0542609	-0.0825217	10.1181	34.0625	4.43203e-05	-0.00567596	0.996464	34.0625	0	0
23	494340	-0.0442609	-0.0841739	10.1044	34.0625	-9.23341e-05	-0.00586728	0.997048	34.0625	0	0
23	494350	-0.0523478	-0.081913	10.1111	34.0625	2.43762e-05	-0.00609774	0.996715	34.0625	0	0
23	494360	-0.0458261	-0.0949565	10.0951	34.0625	-0.000143302	-0.00571437	0.996697	34.0625	0	0
23	494370	-0.0463478	-0.0866956	10.1365	34.0625	-8.49473e-05	-0.00574835	0.996628	34.0625	0	0
23	494380	-0.0426956	-0.0858261	10.1036	34.0625	-0.000200919	-0.00572397	0.996586	34.0625	0	0
23	494390	-0.053913	-0.0906956	10.1182	34.0625	-0.000215692	-0.00577716	0.996586	34.0625	0	0
23	494400	-0.025913	-0.0723478	10.0795	34.0625	-5.46618e-05	-0.00599728	0.99688	34.0625	0	0
23	494410	-0.0457391	-0.0766087	10.0717	34.0625	-0.000102675	-0.0056767	0.99642	34.0625	0	0
23	494420	-0.0347826	-0.0718261	10.1145	34.0625	-0.000205351	-0.00586949	0.996448	34.0625	0	0
23	494430	-0.0458261	-0.0838261	10.0843	34.0625	-2.73309e-05	-0.00610365	0.997049	34.0625	0	0
23	494440	-0.0405217	-0.0891304	10.1383	34.0625	-4.57977e-05	-0.00623735	0.996574	34.0625	0	0
23	494450	-0.0427826	-0.069913	10.114	34.0625	-7.82993e-05	-0.00587023	0.996468	34.0625	0	0
23	494460	-0.0357391	-0.0786956	10.1024	34.0625	-0.000154383	-0.00590495	0.996658	34.0625	0	0
23	494470	-0.0376522	-0.0889565	10.1204	34.0625	1.47734e-06	-0.00544919	0.996431	34.0625	0	0
23	494480	-0.0282609	-0.0972174	10.053	34.0625	-1.77281e-05	-0.00584512	0.996576	34.0625	0	0
23	494490	-0.0364348	-0.0901739	10.109	34.0625	-2.58535e-05	-0.00564789	0.996559	34.0625	0	0
23	494500	-0.0552174	-0.0985217	10.0888	34.0625	-0.000418089	-0.00551271	0.996524	34.0625	0	0
23	494510	-0.0369565	-0.0984348	10.1116	34.0625	-0.000137393	-0.00597069	0.996771	34.0625	0	0
23	494520	-0.0450435	-0.0827826	10.0903	34.0625	-5.09684e-05	-0.00577642	0.996938	34.0625	0	0
23	494530	-0.0346957	-0.0728696	10.0775	34.0625	-5.17071e-05	-0.0057875	0.997039	34.0625	0	0
23	494540	-0.0361739	-0.0843478	10.0958	34.0625	-4.87524e-05	-0.00576534	0.996914	34.0625	0	0
23	494550	-0.0595652	-0.0849565	10.1153	34.0625	9.52887e-05	-0.00602978	0.996821	34.0625	0	0
23	494560	-0.04	-0.0755652	10.1368	34.0625	3.69336e-06	-0.00541004	0.996565	34.0625	0	0
23	494570	-0.0334783	-0.0585217	10.1177	34.0625	-0.000231943	-0.00560357	0.996522	34.0625	0	0
23	494580	-0.0309565	-0.0717391	10.0941	34.0625	-0.000172849	-0.0058562	0.996544	34.0625	0	0
23	494590	-0.0354783	-0.0693913	10.1194	34.0625	-4.94911e-05	-0.00584142	0.996564	34.0625	0	0
23	494600	-0.0305217	-0.0953913	10.1229	34.0625	-0.000128529	-0.00600688	0.996711	34.0625	0	0
23	494610	-0.0464348	-0.0851304	10.0915	34.0625	-8.7902e-05	-0.00583551	0.996451	34.0625	0	0
23	494620	-0.0527826	-0.0816522	10.1377	34.0625	-5.17071e-05	-0.00575352	0.996555	34.0625	0	0
23	494630	-0.0444348	-0.0772174	10.1086	34.0625	-2.21602e-06	-0.00597291	0.996497	34.0625	0	0
23	494640	-0.0376522	-0.0954783	10.0936	34.0625	0.000131484	-0.005543	0.996583	34.0625	0	0
23	494650	-0.04	-0.0773913	10.1003	34.0625	-0.000152167	-0.0057188	0.996918	34.0625	0	0
23	494660	-0.0450435	-0.0913913	10.1078	34.0625	-5.54004e-05	-0.00589239	0.99661	34.0625	0	0
23	494670	-0.0466087	-0.102783	10.1238	34.0625	-0.000140348	-0.00576091	0.996456	34.0625	0	0
23	494680	-0.0353913	-0.0756522	10.123	34.0625	0	-0.0055201	0.996565	34.0625	0	0
23	494690	-0.0450435	-0.078	10.0983	34.0625	6.42645e-05	-0.00581187	0.996607	34.0625	0	0
23	494700	-0.0571304	-0.0648696	10.1202	34.0625	-0.000295469	-0.00556811	0.996615	34.0625	0	0
23	494710	-0.0713044	-0.0648696	10.1283	34.0625	-3.17629e-05	-0.0059308	0.996344	34.0625	0	0
23	494720	-0.0552174	-0.0918261	10.0918	34.0625	-9.82434e-05	-0.00582591	0.996579	34.0625	0	0
23	494730	-0.052087	-0.0809565	10.1158	34.0625	-4.21043e-05	-0.00578307	0.996649	34.0625	0	0
23	494740	-0.0194783	-0.0832174	10.096	34.0625	6.57418e-05	-0.00576165	0.996132	34.0625	0	0
23	494750	-0.0244348	-0.0824348	10.1113	34.0625	2.58535e-05	-0.00583182	0.996641	34.0625	0	0
23	494760	-0.0265217	-0.064087	10.1323	34.0625	-0.000352347	-0.00571289	0.996665	34.0625	0	0
23	494770	-0.0456522	-0.0743478	10.1063	34.0625	-0.000146257	-0.00543958	0.996819	34.0625	0	0
23	494780	-0.0433043	-0.064087	10.143	34.0625	-7.38672e-05	-0.00575869	0.996618	34.0625	0	0
23	494790	-0.0513043	-0.0629565	10.1145	34.0625	-4.7275e-05	-0.00587392	0.996415	34.0625	0	0
23	494800	-0.049913	-0.0743478	10.1039	34.0625	1.47734e-06	-0.0057971	0.996813	34.0625	0	0
23	494810	-0.0593913	-0.0794783	10.1522	34.0625	6.35258e-05	-0.00574244	0.99653	34.0625	0	0
23	494820	-0.0266087	-0.090087	10.1023	34.0625	-4.35817e-05	-0.00574466	0.996687	34.0625	0	0
23	494830	-0.0353913	-0.076	10.1051	34.0625	-0.000102675	-0.00559471	0.996623	34.0625	0	0
23	494840	-0.0587826	-0.0913913	10.0744	34.0625	-8.49473e-05	-0.00565749	0.996751	34.0625	0	0
23	494850	-0.0369565	-0.0828696	10.1082	34.125	-0.000141086	-0.00600393	0.996534	34.125	0	0
23	494860	-0.0535652	-0.0793043	10.1148	34.0625	-0.000186884	-0.00635702	0.996274	34.0625	0	0
23	494870	-0.042	-0.0681739	10.1029	34.0625	-0.000146257	-0.00590125	0.996759	34.0625	0	0
23	494880	-0.0406957	-0.064	10.1103	34.0625	-5.02297e-05	-0.00592859	0.99668	34.0625	0	0
23	494890	-0.0543478	-0.0706957	10.1131	34.125	5.90938e-05	-0.00599728	0.996737	34.125	0	0
23	494900	-0.045913	-0.0643478	10.0885	34.0625	2.88082e-05	-0.00578233	0.996683	34.0625	0	0
23	494910	-0.0489565	-0.063913	10.1006	34.0625	-5.83551e-05	-0.00610144	0.99641	34.0625	0	0
23	494920	-0.0471304	-0.0869565	10.0867	34.0625	0	-0.00599137	0.996457	34.0625	0	0
23	494930	-0.0423478	-0.0945217	10.097	34.0625	-3.91496e-05	-0.00597512	0.99681	34.0625	0	0
23	494940	-0.0458261	-0.078	10.1005	34.0625	-0.000181713	-0.00569073	0.996646	34.0625	0	0
23	494950	-0.0547826	-0.0803478	10.1209	34.0625	-5.31844e-05	-0.00552823	0.99667	34.0625	0	0
23	494960	-0.0475652	-0.065913	10.1383	34.0625	-0.000230466	-0.0056405	0.996632	34.0625	0	0
23	494970	-0.054	-0.066087	10.1182	34.0625	-0.000180236	-0.00557919	0.996737	34.0625	0	0
23	494980	-0.0356522	-0.101043	10.1092	34.0625	3.8411e-05	-0.00637105	0.996459	34.0625	0	0
23	494990	-0.0456522	-0.0722609	10.0805	34.0625	-3.69336e-05	-0.00601501	0.996633	34.0625	0	0
23	495000	-0.042087	-0.0846957	10.0936	34.0625	3.02856e-05	-0.00606967	0.996938	34.0625	0	0
23	495010	-0.0490435	-0.0776522	10.1368	34.0625	4.21043e-05	-0.00599876	0.996423	34.0625	0	0
23	495020	-0.0250435	-0.0934783	10.1088	34.0625	0	-0.00547282	0.996832	34.0625	0	0
23	495030	-0.0415652	-0.0543478	10.0916	34.0625	-0.000148473	-0.00595075	0.996501	34.0625	0	0
23	495040	-0.0281739	-0.0622609	10.1272	34.0625	-3.76723e-05	-0.00575574	0.996556	34.0625	0	0
23	495050	-0.0249565	-0.099913	10.0779	34.0625	-4.21043e-05	-0.00567744	0.99648	34.0625	0	0
23	495060	-0.0316522	-0.0995652	10.1302	34.0625	-7.16512e-05	-0.00575648	0.996828	34.0625	0	0
23	495070	-0.0473043	-0.0751304	10.1136	34.0625	0	-0.00596256	0.996562	34.0625	0	0
23	495080	-0.046	-0.076087	10.105	34.0625	-4.35817e-05	-0.00529407	0.996491	34.0625	0	0
23	495090	-0.0603478	-0.0816522	10.1378	34.0625	-0.000104153	-0.00591455	0.996762	34.0625	0	0
23	495100	-0.0338261	-0.086087	10.1037	34.0625	-0.00019501	-0.00558289	0.996581	34.0625	0	0
23	495110	-0.0625217	-0.085913	10.125	34.0625	0.000195748	-0.00569517	0.996214	34.0625	0	0
23	495120	-0.0495652	-0.0763478	10.1028	34.0625	-0.00047275	-0.00599728	0.996736	34.0625	0	0
23	495130	-0.0255652	-0.0956522	10.1183	34.0625	-0.000183929	-0.00574096	0.996752	34.0625	0	0
23	495140	-0.0487826	-0.0855652	10.0863	34.0625	-9.52887e-05	-0.0058067	0.996325	34.0625	0	0
23	495150	-0.0427826	-0.0632174	10.1159	34.0625	-9.08567e-05	-0.00626394	0.997034	34.0625	0	0
23	495160	-0.0457391	-0.0910435	10.1394	34.0625	-5.02297e-05	-0.0056442	0.996463	34.0625	0	0
23	495170	-0.0516522	-0.0770435	10.0685	34.0625	-0.000229727	-0.00601206	0.996831	34.0625	0	0
23	495180	-0.058	-0.0787826	10.0908	34.0625	-9.75048e-05	-0.00581261	0.99653	34.0625	0	0
23	495190	-0.0409565	-0.0731304	10.0755	34.0625	-0.00016694	-0.00581483	0.996624	34.0625	0	0
23	495200	-0.0177391	-0.0906087	10.1369	34.0625	0.000124097	-0.00617826	0.996689	34.0625	0	0
23	495210	-0.0364348	-0.0773043	10.1145	34.0625	-0.000130006	-0.0057875	0.996858	34.0625	0	0
23	495220	-0.0412174	-0.0920869	10.0998	34.0625	-0.000316891	-0.00606081	0.996539	34.0625	0	0
23	495230	-0.0223478	-0.0731304	10.1063	34.0625	-0.000326493	-0.00615757	0.996502	34.0625	0	0
23	495240	-0.037913	-0.0656522	10.0895	34.0625	-0.000264445	-0.00605047	0.996853	34.0625	0	0
23	495250	-0.0531304	-0.0887826	10.0582	34.0625	-0.00013887	-0.00594336	0.996522	34.0625	0	0
23	495260	-0.048	-0.0737391	10.1203	34.0625	-0.000131484	-0.00622553	0.99631	34.0625	0	0
23	495270	-0.04	-0.074	10.1283	34.0625	-4.57977e-05	-0.00594484	0.996425	34.0625	0	0
23	495280	-0.0482609	-0.066087	10.109	34.0625	-1.77281e-05	-0.00554891	0.996875	34.0625	0	0
23	495290	-0.0412174	-0.0526957	10.077	34.0625	-0.000219386	-0.00570403	0.996731	34.0625	0	0
23	495300	-0.0532174	-0.0665217	10.1113	34.0625	-1.32961e-05	-0.00592859	0.996457	34.0625	0	0
23	495310	-0.0468696	-0.0773913	10.1313	34.0625	-5.76165e-05	-0.00560283	0.996385	34.0625	0	0
23	495320	-0.0490435	-0.072	10.1072	34.0625	7.38672e-07	-0.00574613	0.996528	34.0625	0	0
23	495330	-0.0231304	-0.0716522	10.0837	34.0625	0.000146257	-0.00617456	0.996389	34.0625	0	0
23	495340	-0.0354783	-0.0729565	10.0902	34.0625	2.14215e-05	-0.00579045	0.99672	34.0625	0	0
23	495350	-0.0338261	-0.0927826	10.0964	34.0625	-0.000232682	-0.00565232	0.996915	34.0625	0	0
23	495360	-0.0474783	-0.0814783	10.135	34.0625	-7.9038e-05	-0.0057513	0.996759	34.0625	0	0
23	495370	-0.0474783	-0.0777391	10.0853	34.0625	0	-0.00633781	0.996058	34.0625	0	0
23	495380	-0.0454783	-0.0811304	10.1404	34.0625	-9.89821e-05	-0.00586654	0.996556	34.0625	0	0
23	495390	-0.0388696	-0.0665217	10.0711	34.0625	-4.5059e-05	-0.00595666	0.996239	34.0625	0	0
23	495400	-0.0247826	-0.0556522	10.0934	34.0625	-5.17071e-05	-0.00565749	0.996594	34.0625	0	0
23	495410	-0.0341739	-0.0761739	10.1134	34.0625	-2.21602e-05	-0.00581409	0.996333	34.0625	0	0
23	495420	-0.0374783	-0.0913043	10.1077	34.0625	-9.75048e-05	-0.00587909	0.996442	34.0625	0	0
23	495430	-0.0416522	-0.0602609	10.133	34.0625	-8.42087e-05	-0.00576829	0.996436	34.0625	0	0
23	495440	-0.05	-0.0890435	10.1492	34.0625	-1.32961e-05	-0.00555629	0.99661	34.0625	0	0
23	495450	-0.0409565	-0.0778261	10.0864	34.0625	-0.000127052	-0.00582813	0.996529	34.0625	0	0
23	495460	-0.0351304	-0.0728696	10.1156	34.0625	-0.000147734	-0.00577199	0.99647	34.0625	0	0
23	495470	-0.0525217	-0.091913	10.123	34.0625	-0.000187623	-0.00582517	0.996659	34.0625	0	0
23	495480	-0.0470435	-0.079913	10.1572	34.0625	-0.000121142	-0.0056405	0.996744	34.0625	0	0
23	495490	-0.0421739	-0.0918261	10.0992	34.0625	-5.61391e-05	-0.00555334	0.996553	34.0625	0	0
23	495500	-0.0545217	-0.078087	10.116	34.0625	-2.21602e-05	-0.00583994	0.996788	34.0625	0	0
23	495510	-0.030087	-0.0755652	10.131	34.0625	3.69336e-05	-0.00582886	0.996691	34.0625	0	0
23	495520	-0.0211304	-0.0690435	10.1273	34.0625	-6.57418e-05	-0.00605047	0.996853	34.0625	0	0
23	495530	-0.0371304	-0.0733913	10.0922	34.0625	-0.000309504	-0.00619081	0.996583	34.0625	0	0
23	495540	-0.0398261	-0.0850435	10.1203	34.0625	0	-0.00574761	0.996516	34.0625	0	0
23	495550	-0.0486956	-0.0676522	10.1002	34.0625	-6.20485e-05	-0.00593154	0.996533	34.0625	0	0
23	495560	-0.038087	-0.0727826	10.138	34.0625	-0.000121142	-0.00592563	0.996711	34.0625	0	0
23	495570	-0.0415652	-0.067913	10.0883	34.0625	-0.000155121	-0.00559618	0.99634	34.0625	0	0
23	495580	-0.0336522	-0.0473043	10.091	34.0625	-0.000180236	-0.00582074	0.99669	34.0625	0	0
23	495590	-0.0407826	-0.0725217	10.135	34.0625	-0.00019501	-0.00574318	0.996868	34.0625	0	0
23	495600	-0.0592174	-0.0948696	10.091	34.0625	-0.000251149	-0.00613394	0.996712	34.0625	0	0
23	495610	-0.0586087	-0.0874783	10.076	34.0625	-0.000103414	-0.00588944	0.996903	34.0625	0	0
23	495620	-0.0155652	-0.0830435	10.0923	34.0625	-0.000194271	-0.00569295	0.996977	34.0625	0	0
23	495630	-0.053913	-0.0655652	10.0961	34.0625	-9.67661e-05	-0.00615831	0.996549	34.0625	0	0
23	495640	-0.0446957	-0.0690435	10.1203	34.0625	-0.000151428	-0.0059345	0.996485	34.0625	0	0
23	495650	-0.0307826	-0.0826087	10.1228	34.0625	-4.7275e-05	-0.00593671	0.996534	34.0625	0	0
23	495660	-0.0493043	-0.094087	10.1019	34.0625	-0.000218647	-0.00575057	0.996579	34.0625	0	0
23	495670	-0.0225217	-0.0810435	10.0798	34.0625	-0.000176543	-0.0058658	0.996629	34.0625	0	0
23	495680	-0.0382609	-0.0769565	10.1124	34.0625	-1.10801e-05	-0.00575278	0.996543	34.0625	0	0
23	495690	-0.0266087	-0.0786956	10.1199	34.0625	-7.38672e-07	-0.00626911	0.997182	34.0625	0	0
23	495700	-0.0346957	-0.0791304	10.1162	34.0625	-3.91496e-05	-0.00598472	0.996839	34.0625	0	0
23	495710	-0.0197391	-0.0735652	10.0957	34.0625	-0.000106369	-0.00598325	0.996406	34.0625	0	0
23	495720	-0.0546957	-0.0753043	10.1298	34.0625	3.10242e-05	-0.00615019	0.996677	34.0625	0	0
23	495730	-0.049913	-0.0705217	10.1054	34.0625	-0.000146996	-0.00581187	0.996814	34.0625	0	0
23	495740	-0.0282609	-0.0631304	10.1344	34.0625	0	-0.00580301	0.996777	34.0625	0	0
23	495750	-0.0272174	-0.0936522	10.1258	34.0625	-0.000146996	-0.00620854	0.996222	34.0625	0	0
23	495760	-0.0497391	-0.0893044	10.111	34.0625	-0.000163247	-0.00593302	0.996662	34.0625	0	0
23	495770	-0.0333913	-0.0813043	10.1212	34.0625	-0.000259274	-0.00574318	0.996869	34.0625	0	0
23	495780	-0.0318261	-0.0706957	10.1397	34.0625	-0.000243023	-0.00570846	0.996774	34.0625	0	0
23	495790	-0.0207826	-0.0777391	10.0817	34.0625	-0.000107846	-0.00593376	0.99674	34.0625	0	0
23	495800	-0.0412174	-0.0713044	10.1211	34.0625	-0.000238591	-0.00595296	0.997069	34.0625	0	0
23	495810	-0.034	-0.0846087	10.0934	34.0625	-0.000156599	-0.00614354	0.996753	34.0625	0	0
23	495820	-0.0452174	-0.0618261	10.1401	34.0625	-0.000145518	-0.00606302	0.996853	34.0625	0	0
23	495830	-0.0463478	-0.0622609	10.103	34.0625	-3.76723e-05	-0.00577494	0.996742	34.0625	0	0
23	495840	-0.0326957	-0.0812174	10.1271	34.0625	-1.92055e-05	-0.00598029	0.997146	34.0625	0	0
23	495850	-0.0262609	-0.0791304	10.14	34.0625	-0.000345699	-0.00577642	0.996459	34.0625	0	0
23	495860	-0.0316522	-0.0752174	10.111	34.0625	-0.000265922	-0.00590938	0.996919	34.0625	0	0
23	495870	-0.0271304	-0.0745217	10.11	34.0625	-0.000184668	-0.00563755	0.996815	34.0625	0	0
23	495880	-0.0413043	-0.0733043	10.1168	34.0625	-0.000121142	-0.00567005	0.996932	34.0625	0	0
23	495890	-0.0376522	-0.0812174	10.1113	34.0625	-0.00014478	-0.00563903	0.996632	34.0625	0	0
23	495900	-0.0366087	-0.0812174	10.1212	34.0625	-5.17071e-05	-0.00619746	0.996819	34.0625	0	0
23	495910	-0.0407826	-0.0758261	10.1088	34.0625	-0.000308765	-0.00601206	0.996625	34.0625	0	0
23	495920	-0.0316522	-0.0821739	10.0896	34.0625	-0.000141825	-0.0057971	0.996861	34.0625	0	0
23	495930	-0.0253043	-0.0825217	10.1106	34.0625	7.97766e-05	-0.00569812	0.996562	34.0625	0	0
23	495940	-0.0381739	-0.0791304	10.0478	34.0625	-3.17629e-05	-0.00621667	0.996683	34.0625	0	0
23	495950	-0.0417391	-0.081913	10.1312	34.0625	-0.000319845	-0.00573579	0.996955	34.0625	0	0
23	495960	-0.053913	-0.0722609	10.139	34.0625	-0.000206828	-0.00595075	0.996562	34.0625	0	0
23	495970	-0.052	-0.0723478	10.1021	34.0625	-0.000364904	-0.00575278	0.996624	34.0625	0	0
23	495980	-0.0409565	-0.0733043	10.1263	34.0625	-5.24457e-05	-0.00587466	0.996716	34.0625	0	0
23	495990	-0.0251304	-0.0856522	10.0969	34.0625	-0.000429169	-0.0057646	0.996659	34.0625	0	0
23	496000	-0.0326957	-0.0987826	10.111	34.0625	-8.93794e-05	-0.00578307	0.996432	34.0625	0	0
23	496010	-0.024	-0.0825217	10.1124	34.0625	-0.000315413	-0.005885	0.996457	34.0625	0	0
23	496020	-0.0556522	-0.0684348	10.099	34.0625	-6.35258e-05	-0.00594705	0.996755	34.0625	0	0
23	496030	-0.0490435	-0.090087	10.1174	34.0625	-0.000183929	-0.005673	0.996776	34.0625	0	0
23	496040	-0.0308696	-0.075913	10.1468	34.0625	-4.0627e-05	-0.0058333	0.996871	34.0625	0	0
23	496050	-0.0372174	-0.0951304	10.112	34.0625	-0.000161031	-0.00594853	0.996526	34.0625	0	0
23	496060	-0.0290435	-0.0666087	10.0853	34.0625	-0.000249671	-0.00583404	0.996747	34.0625	0	0
23	496070	-0.0289565	-0.0946087	10.1221	34.0625	-0.00027257	-0.00618417	0.996776	34.0625	0	0
23	496080	-0.0238261	-0.0834783	10.0917	34.0625	6.64805e-06	-0.00592194	0.996809	34.0625	0	0
23	496090	-0.0341739	-0.0702609	10.1467	34.0625	-4.0627e-05	-0.00589091	0.996769	34.0625	0	0
23	496100	-0.0534783	-0.072	10.1115	34.0625	-0.000144041	-0.00585841	0.996525	34.0625	0	0
23	496110	-0.022087	-0.0936522	10.1276	34.0625	-0.000224556	-0.00613467	0.996949	34.0625	0	0
23	496120	-0.0365217	-0.0806956	10.1053	34.0625	1.69895e-05	-0.00578159	0.996697	34.0625	0	0
23	496130	-0.031913	-0.0651304	10.0842	34.0625	-0.000108585	-0.0060091	0.996623	34.0625	0	0
23	496140	-0.04	-0.0696522	10.1017	34.0625	-0.000126313	-0.00621445	0.99671	34.0625	0	0
23	496150	-0.0566087	-0.0865217	10.0915	34.0625	-9.08567e-05	-0.00558953	0.996674	34.0625	0	0
23	496160	-0.0328696	-0.0648696	10.1033	34.0625	-9.75048e-05	-0.00582665	0.997129	34.0625	0	0
23	496170	-0.0378261	-0.0689565	10.0977	34.0625	-5.24457e-05	-0.00597881	0.996947	34.0625	0	0
23	496180	-0.0366957	-0.0806956	10.1273	34.0625	-0.000114494	-0.0059899	0.996734	34.0625	0	0
23	496190	-0.04	-0.0861739	10.1005	34.0625	-0.000137393	-0.00604086	0.996805	34.0625	0	0
23	496200	-0.0357391	-0.068	10.1277	34.0625	-0.000130745	-0.00579784	0.996931	34.0625	0	0
23	496210	-0.0224348	-0.0693043	10.1061	34.0625	-0.000257797	-0.00555851	0.996953	34.0625	0	0
23	496220	-0.0456522	-0.0724348	10.1148	34.0625	-0.000316891	-0.00560061	0.996293	34.0625	0	0
23	496230	-0.0217391	-0.0782609	10.0955	34.0625	-0.000199442	-0.00567005	0.99663	34.0625	0	0
23	496240	-0.0472174	-0.0898261	10.1442	34.0625	-0.000200919	-0.00599137	0.996532	34.0625	0	0
23	496250	-0.0272174	-0.0722609	10.1255	34.0625	-0.000404793	-0.00577937	0.996392	34.0625	0	0
23	496260	-0.0410435	-0.0813913	10.127	34.0625	-0.000117449	-0.00555999	0.996581	34.0625	0	0
23	496270	-0.0430435	-0.0743478	10.0988	34.0625	-0.000302117	-0.00590938	0.996754	34.0625	0	0
23	496280	-0.0426956	-0.0790435	10.1242	34.0625	-0.00013887	-0.00566636	0.996649	34.0625	0	0
23	496290	-0.0333913	-0.0765217	10.104	34.0625	-0.000257058	-0.00593302	0.996422	34.0625	0	0
23	496300	-0.0404348	-0.063913	10.1297	34.0625	-0.000100459	-0.00591972	0.996903	34.0625	0	0
23	496310	-0.0187826	-0.0813043	10.0772	34.0625	-0.000354563	-0.00590864	0.99654	34.0625	0	0
23	496320	-0.0337391	-0.0638261	10.097	34.0625	-0.000184668	-0.00585767	0.996542	34.0625	0	0
23	496330	-0.0357391	-0.0993043	10.0718	34.0625	-0.0001891	-0.00582369	0.996621	34.0625	0	0
23	496340	-0.0376522	-0.0684348	10.1233	34.0625	-9.45501e-05	-0.00591307	0.996419	34.0625	0	0
23	496350	-0.0324348	-0.0811304	10.0963	34.0625	-0.00011154	-0.00580818	0.996397	34.0625	0	0
23	496360	-0.0291304	-0.0993043	10.1374	34.0625	-0.000285128	-0.00587392	0.996582	34.0625	0	0
23	496370	-0.0271304	-0.0790435	10.1368	34.0625	-0.00027257	-0.0057321	0.996521	34.0625	0	0
23	496380	-0.0421739	-0.0813043	10.1005	34.0625	-7.38672e-05	-0.00559692	0.99678	34.0625	0	0
23	496390	-0.040087	-0.0875652	10.0984	34.0625	-0.000287344	-0.00569369	0.996508	34.0625	0	0
23	496400	-0.0237391	-0.0794783	10.085	34.0625	-7.01739e-05	-0.00597364	0.996619	34.0625	0	0
23	496410	-0.0493043	-0.0710435	10.1225	34.0625	-0.00028365	-0.00583182	0.996427	34.0625	0	0
23	496420	-0.0161739	-0.0672174	10.113	34.0625	-0.000118188	-0.00621814	0.996847	34.0625	0	0
23	496430	-0.0533913	-0.0848696	10.1295	34.0625	-0.000163985	-0.00602166	0.996802	34.0625	0	0
23	496440	-0.0282609	-0.0813913	10.118	34.0625	-0.000237114	-0.00556073	0.996691	34.0625	0	0
23	496450	-0.0407826	-0.0957391	10.1163	34.0625	-0.000180236	-0.00584733	0.996627	34.0625	0	0
23	496460	-0.0218261	-0.0717391	10.1366	34.0625	-5.17071e-05	-0.00601132	0.996347	34.0625	0	0
23	496470	-0.0212174	-0.0816522	10.1248	34.0625	-0.000112278	-0.00619155	0.996525	34.0625	0	0
23	496480	-0.0398261	-0.10513	10.1409	34.0625	-0.000285128	-0.00578898	0.99661	34.0625	0	0
23	496490	-0.0311304	-0.0788696	10.1245	34.0625	-0.000190577	-0.00594631	0.996451	34.0625	0	0
23	496500	-0.0363478	-0.075913	10.1163	34.0625	-0.000267399	-0.00584955	0.996762	34.0625	0	0
23	496510	-0.0387826	-0.078	10.1321	34.0625	-0.000307288	-0.00584585	0.99663	34.0625	0	0
23	496520	-0.0418261	-0.0837391	10.1453	34.0625	-0.00027848	-0.00547873	0.996645	34.0625	0	0
23	496530	-0.0430435	-0.0907826	10.0918	34.0625	-0.000140348	-0.00592785	0.996787	34.0625	0	0
23	496540	-0.00973913	-0.092	10.1165	34.0625	-0.00011671	-0.00568999	0.996713	34.0625	0	0
23	496550	-0.0368696	-0.0976522	10.1183	34.0625	-0.000114494	-0.00573358	0.996575	34.0625	0	0
23	496560	-0.0268696	-0.0832174	10.0977	34.0625	-0.000113017	-0.00568999	0.996475	34.0625	0	0
23	496570	-0.0393043	-0.0772174	10.089	34.0625	-0.000237114	-0.005755	0.996604	34.0625	0	0
23	496580	-0.0462609	-0.047913	10.1039	34.0625	-9.97208e-05	-0.0060091	0.996754	34.0625	0	0
23	496590	-0.0297391	-0.101652	10.0953	34.0625	-0.000302117	-0.0060187	0.996669	34.0625	0	0
23	496600	-0.0516522	-0.0707826	10.1041	34.0625	-0.000307288	-0.0056863	0.99666	34.0625	0	0
23	496610	-0.0410435	-0.0786956	10.0956	34.0625	-2.14215e-05	-0.00606229	0.996897	34.0625	0	0
23	496620	-0.0449565	-0.078087	10.1121	34.0625	-4.43203e-05	-0.00604825	0.996876	34.0625	0	0
23	496630	-0.0504348	-0.08	10.1018	34.0625	2.65922e-05	-0.00579562	0.996641	34.0625	0	0
23	496640	-0.0368696	-0.0895652	10.1567	34.0625	-6.13098e-05	-0.00592637	0.996693	34.0625	0	0
23	496650	-0.0470435	-0.0897391	10.1055	34.0625	-0.00020018	-0.00560431	0.99683	34.0625	0	0
23	496660	-0.042087	-0.0897391	10.1123	34.0625	-0.000319845	-0.00550237	0.99695	34.0625	0	0
23	496670	-0.0274783	-0.0801739	10.1104	34.0625	-8.71634e-05	-0.00574983	0.996513	34.0625	0	0
23	496680	-0.0203478	-0.0887826	10.114	34.0625	-0.000253365	-0.00583477	0.996605	34.0625	0	0
23	496690	-0.0384348	-0.0889565	10.1247	34.0625	-0.000220124	-0.00593228	0.996644	34.0625	0	0
23	496700	-0.0447826	-0.0920869	10.1493	34.0625	-9.60274e-05	-0.00574318	0.996618	34.0625	0	0
23	496710	-0.0232174	-0.0807826	10.1147	34.0625	-0.000177281	-0.00575721	0.996728	34.0625	0	0
23	496720	-0.0406087	-0.0795652	10.1172	34.0625	-0.000286605	-0.0059175	0.996702	34.0625	0	0
23	496730	-0.032087	-0.071913	10.101	34.0625	-0.00023933	-0.00605342	0.996624	34.0625	0	0
23	496740	-0.0333913	-0.101826	10.0967	34.0625	-0.000196487	-0.00561908	0.996141	34.0625	0	0
23	496750	-0.0310435	-0.0844348	10.109	34.0625	9.60274e-06	-0.00572914	0.996591	34.0625	0	0
23	496760	-0.0243478	-0.0691304	10.1214	34.0625	-0.000140348	-0.00577346	0.996707	34.0625	0	0
23	496770	-0.0547826	-0.0913043	10.1192	34.0625	-0.000200919	-0.00561391	0.996958	34.0625	0	0
23	496780	-0.0377391	-0.0889565	10.109	34.0625	-1.92055e-05	-0.00567374	0.996655	34.0625	0	0
23	496790	-0.0413043	-0.0727826	10.1087	34.0625	-0.000137393	-0.00557624	0.997034	34.0625	0	0
23	496800	-0.0344348	-0.095913	10.1337	34.0625	-0.000151428	-0.0058983	0.9968	34.0625	0	0
23	496810	-0.0165217	-0.095913	10.1194	34.0625	6.64805e-05	-0.00596552	0.996858	34.0625	0	0
23	496820	-0.0269565	-0.0933913	10.1075	34.0625	-6.57418e-05	-0.00565602	0.996723	34.0625	0	0
23	496830	-0.051913	-0.0754783	10.1425	34.0625	-0.000143302	-0.00586063	0.996494	34.0625	0	0
23	496840	-0.0398261	-0.0734783	10.12	34.0625	-0.00017802	-0.00581926	0.997047	34.0625	0	0
23	496850	-0.0426956	-0.081913	10.1277	34.0625	-0.00027848	-0.00571142	0.996816	34.0625	0	0
23	496860	-0.0329565	-0.0836522	10.1164	34.0625	-0.000149951	-0.00568335	0.996715	34.0625	0	0
23	496870	-0.0375652	-0.100174	10.1542	34.0625	-0.00029473	-0.00579858	0.99683	34.0625	0	0
23	496880	-0.0306957	-0.0832174	10.103	34.0625	-0.000251149	-0.00572988	0.996692	34.0625	0	0
23	496890	-0.0437391	-0.08	10.0917	34.0625	-2.06828e-05	-0.00560283	0.996544	34.0625	0	0
23	496900	-0.0203478	-0.0774783	10.1029	34.0625	-0.000257797	-0.00623292	0.996581	34.0625	0	0
23	496910	-0.0298261	-0.0750435	10.1323	34.0625	-0.000192794	-0.00577199	0.99642	34.0625	0	0
23	496920	-0.0363478	-0.0857391	10.1063	34.0625	-6.72192e-05	-0.0058333	0.99654	34.0625	0	0
23	496930	-0.0393913	-0.0965217	10.0876	34.0625	-6.79579e-05	-0.00574613	0.9969	34.0625	0	0
23	496940	-0.0274783	-0.0841739	10.0723	34.0625	9.60274e-05	-0.00561022	0.996693	34.0625	0	0
23	496950	-0.0347826	-0.0763478	10.1394	34.0625	-8.71634e-05	-0.00573284	0.996839	34.0625	0	0
23	496960	-0.0428696	-0.0812174	10.1485	34.0625	-0.000158076	-0.0052985	0.996866	34.0625	0	0
23	496970	-0.0526087	-0.0868696	10.0697	34.0625	-0.000223818	-0.00533469	0.99683	34.0625	0	0
23	496980	-0.0290435	-0.0992174	10.1358	34.0625	-0.000168417	-0.00574096	0.996794	34.0625	0	0
23	496990	-0.01	-0.0835652	10.1268	34.0625	-0.000221602	-0.00591012	0.996861	34.0625	0	0
23	497000	-0.0486087	-0.107304	10.1397	34.0625	-5.31844e-05	-0.00551641	0.996385	34.0625	0	0
23	497010	-0.0551304	-0.072087	10.0923	34.0625	-0.000237114	-0.0061524	0.996429	34.0625	0	0
23	497020	-0.0446957	-0.0890435	10.1328	34.0625	-0.000180236	-0.00561908	0.996366	34.0625	0	0
23	497030	-0.0412174	-0.0630435	10.1179	34.0625	-0.000231943	-0.00609479	0.99646	34.0625	0	0
23	497040	-0.0290435	-0.0822609	10.1125	34.0625	-0.000246717	-0.00579193	0.996426	34.0625	0	0
23	497050	-0.0390435	-0.0842609	10.109	34.0625	-0.000191316	-0.00563976	0.996773	34.0625	0	0
23	497060	-0.0404348	-0.104174	10.113	34.0625	-0.000235637	-0.00549277	0.99652	34.0625	0	0
23	497070	-0.0373913	-0.0871304	10.1253	34.0625	-0.000161031	-0.00588796	0.996454	34.0625	0	0
23	497080	-0.0436522	-0.104783	10.0983	34.0625	-0.000117449	-0.00582222	0.996739	34.0625	0	0
23	497090	-0.0321739	-0.0830435	10.1283	34.0625	-6.13098e-05	-0.00566045	0.996768	34.0625	0	0
23	497100	-0.0310435	-0.093913	10.1341	34.0625	3.69336e-06	-0.0061199	0.996566	34.0625	0	0
23	497110	-0.0404348	-0.102348	10.1317	34.0625	-0.000165463	-0.00574096	0.996539	34.0625	0	0
23	497120	-0.043913	-0.0828696	10.1102	34.0625	-0.000226772	-0.00572176	0.996726	34.0625	0	0
23	497130	-0.0558261	-0.103304	10.1162	34.0625	-2.21602e-05	-0.00573727	0.996672	34.0625	0	0
23	497140	-0.027913	-0.0847826	10.1283	34.0625	-9.0118e-05	-0.00583551	0.997017	34.0625	0	0
23	497150	-0.0442609	-0.0523478	10.1098	34.0625	-0.000141086	-0.00587762	0.996557	34.0625	0	0
23	497160	-0.0393913	-0.0849565	10.1065	34.0625	-1.18188e-05	-0.00578011	0.996807	34.0625	0	0
23	497170	-0.0418261	-0.0831304	10.1088	34.0625	-5.17071e-05	-0.00556664	0.996624	34.0625	0	0
23	497180	-0.0251304	-0.0907826	10.0881	34.0625	-0.000104153	-0.0055755	0.996624	34.0625	0	0
23	497190	-0.024087	-0.0890435	10.1035	34.0625	-0.000171372	-0.00532287	0.99666	34.0625	0	0
23	497200	-0.0196522	-0.0893044	10.1232	34.0625	-9.60274e-06	-0.00574096	0.996488	34.0625	0	0
23	497210	-0.0283478	-0.0789565	10.112	34.0625	-0.000157337	-0.00603126	0.996587	34.0625	0	0
23	497220	-0.0313913	-0.0845217	10.11	34.0625	-0.00010563	-0.005673	0.996373	34.0625	0	0
23	497230	-0.0338261	-0.0750435	10.1335	34.0625	-8.27313e-05	-0.00592194	0.996613	34.0625	0	0
23	497240	-0.0336522	-0.0888696	10.1265	34.0625	-0.00022825	-0.00586063	0.996847	34.0625	0	0
23	497250	-0.0264348	-0.101565	10.1048	34.0625	-0.000200919	-0.00600762	0.996959	34.0625	0	0
23	497260	-0.0475652	-0.0743478	10.0928	34.0625	-0.000148473	-0.00581631	0.996342	34.0625	0	0
23	497270	-0.0477391	-0.0613043	10.0783	34.0625	-0.000130745	-0.00586728	0.996848	34.0625	0	0
23	497280	-0.0585217	-0.0870435	10.131	34.0625	-9.08567e-05	-0.00544032	0.99658	34.0625	0	0
23	497290	-0.0376522	-0.0827826	10.1185	34.0625	-0.000152167	-0.00570698	0.996776	34.0625	0	0
23	497300	-0.0330435	-0.0938261	10.1404	34.0625	-0.000198703	-0.00586949	0.996851	34.0625	0	0
23	497310	-0.048	-0.0823478	10.0971	34.0625	-1.92055e-05	-0.00585324	0.996855	34.0625	0	0
23	497320	-0.0370435	-0.0866956	10.1117	34.0625	-0.000176543	-0.00567005	0.996421	34.0625	0	0
23	497330	-0.049913	-0.083913	10.0677	34.0625	-3.54563e-05	-0.0058104	0.996646	34.0625	0	0
23	497340	-0.0293913	-0.072	10.0959	34.0625	2.88082e-05	-0.00556664	0.996742	34.0625	0	0
23	497350	-0.0463478	-0.0831304	10.0907	34.0625	-0.000143302	-0.00582665	0.996827	34.0625	0	0
23	497360	-0.04	-0.069913	10.087	34.0625	-0.000109324	-0.00580375	0.996857	34.0625	0	0
23	497370	-0.0233043	-0.0996522	10.1003	34.0625	-1.84668e-05	-0.00557993	0.996815	34.0625	0	0
23	497380	-0.0507826	-0.0709565	10.1268	34.0625	-0.000119665	-0.00583625	0.996696	34.0625	0	0
23	497390	-0.0463478	-0.0707826	10.1073	34.0625	-0.000172111	-0.00575426	0.996352	34.0625	0	0
23	497400	-0.042	-0.0897391	10.1057	34.0625	0	-0.00577273	0.996843	34.0625	0	0
23	497410	-0.0428696	-0.066087	10.1225	34.0625	-4.35817e-05	-0.00578676	0.996655	34.0625	0	0
23	497420	-0.0538261	-0.0711304	10.1455	34.0625	-0.000164724	-0.00611399	0.996693	34.0625	0	0
23	497430	-0.0326087	-0.0723478	10.1178	34.0625	-0.000171372	-0.0058525	0.996366	34.0625	0	0
23	497440	-0.0384348	-0.0892174	10.1163	34.0625	-7.23899e-05	-0.00572397	0.996648	34.0625	0	0
23	497450	-0.0368696	-0.0930435	10.1029	34.0625	-4.35817e-05	-0.0060416	0.996356	34.0625	0	0
23	497460	-0.0431304	-0.103478	10.083	34.0625	-3.39789e-05	-0.00580744	0.996754	34.0625	0	0
23	497470	-0.0401739	-0.0813913	10.1037	34.0625	-0.000107108	-0.00557107	0.996727	34.0625	0	0
23	497480	-0.0491304	-0.094087	10.0945	34.0625	-0.000119665	-0.00554004	0.996811	34.0625	0	0
23	497490	-0.0366087	-0.0833913	10.1128	34.0625	-0.000125574	-0.00580375	0.99699	34.0625	0	0
23	497500	-0.0277391	-0.0953913	10.1187	34.0625	2.95469e-06	-0.00596109	0.996903	34.0625	0	0
23	497510	-0.0401739	-0.0912174	10.0744	34.0625	-0.000109324	-0.00583921	0.99674	34.0625	0	0
23	497520	-0.0429565	-0.0866956	10.1178	34.0625	-0.000171372	-0.00577568	0.9965	34.0625	0	0
23	497530	-0.0514783	-0.0782609	10.1093	34.0625	-0.00030064	-0.00583847	0.996824	34.0625	0	0
23	497540	-0.041913	-0.0935652	10.1095	34.0625	-0.000145518	-0.0057092	0.996903	34.0625	0	0
23	497550	-0.022087	-0.0909565	10.111	34.0625	-3.6195e-05	-0.00566414	0.996975	34.0625	0	0
23	497560	-0.0313913	-0.0911304	10.1407	34.0625	-0.000121881	-0.00579784	0.997056	34.0625	0	0
23	497570	-0.0388696	-0.0801739	10.1039	34.0625	1.11285e-05	-0.00553561	0.996284	34.0625	0	0
23	497580	-0.0287826	-0.094	10.0949	34.0625	-0.000113017	-0.0056996	0.996533	34.0625	0	0
23	497590	-0.0405217	-0.0902609	10.102	34.0625	-4.35817e-05	-0.0061007	0.996788	34.0625	0	0
23	497600	-0.0278261	-0.093913	10.1259	34	-3.69336e-05	-0.00565897	0.99672	34	0	0
23	497610	-0.0266957	-0.0709565	10.1746	34.0625	-0.000277002	-0.00597734	0.996628	34.0625	0	0
23	497620	-0.00991304	-0.0917391	10.0829	34.0625	-6.13098e-05	-0.00608297	0.996729	34.0625	0	0
23	497630	-0.02	-0.0849565	10.1106	34.0625	-0.000205351	-0.00599802	0.996376	34.0625	0	0
23	497640	-0.0262609	-0.0955652	10.1307	34.0625	-3.54563e-05	-0.00596183	0.996556	34.0625	0	0
23	497650	-0.0458261	-0.0710435	10.1117	34.0625	-0.000254103	-0.00567448	0.996734	34.0625	0	0
23	497660	-0.0429565	-0.103913	10.1163	34.0625	7.38672e-05	-0.00567596	0.996695	34.0625	0	0
23	497670	-0.0563478	-0.108348	10.1457	34.0625	-0.000146996	-0.00585102	0.996743	34.0625	0	0
23	497680	-0.0394783	-0.0926087	10.0738	34.0625	-3.69336e-05	-0.00565232	0.996819	34.0625	0	0
23	497690	-0.0384348	-0.0697391	10.081	34.0625	-5.68778e-05	-0.00610439	0.996153	34.0625	0	0
23	497700	-0.0454783	-0.0891304	10.1183	34.0625	3.25016e-05	-0.00605416	0.996562	34.0625	0	0
23	497710	-0.0302609	-0.08	10.1161	34.0625	-0.000213476	-0.00603939	0.996451	34.0625	0	0
23	497720	-0.0416522	-0.0706957	10.1162	34.0625	8.05153e-05	-0.00598177	0.99643	34.0625	0	0
23	497730	-0.0391304	-0.0693913	10.0933	34.0625	-0.00016694	-0.00565454	0.996581	34.0625	0	0
23	497740	-0.0381739	-0.110261	10.1596	34.0625	-0.000181713	-0.00599359	0.996717	34.0625	0	0
23	497750	-0.0522609	-0.0825217	10.1161	34.0625	6.64805e-05	-0.00588131	0.996947	34.0625	0	0
23	497760	-0.059913	-0.0981739	10.139	34.0625	-5.54004e-05	-0.00583921	0.996494	34.0625	0	0
23	497770	-0.0544348	-0.0932174	10.087	34.0625	-0.000209783	-0.00529407	0.996502	34.0625	0	0
23	497780	-0.0376522	-0.0777391	10.0893	34.0625	-0.000295469	-0.00588722	0.996306	34.0625	0	0
23	497790	-0.0373913	-0.0830435	10.0887	34.0625	-7.16512e-05	-0.0058658	0.996841	34.0625	0	0
23	497800	-0.0231304	-0.0671304	10.0824	34.0625	-5.39231e-05	-0.00585472	0.996364	34.0625	0	0
23	497810	-0.0327826	-0.0889565	10.0943	34.0625	-2.95469e-06	-0.00564346	0.996543	34.0625	0	0
23	497820	-0.0451304	-0.0801739	10.1284	34.0625	-8.71634e-05	-0.00574392	0.996392	34.0625	0	0
23	497830	-0.0318261	-0.0842609	10.1511	34.0625	-3.17629e-05	-0.00582148	0.996686	34.0625	0	0
23	497840	-0.0430435	-0.0786087	10.1581	34.0625	-0.000123358	-0.00596921	0.997004	34.0625	0	0
23	497850	-0.0292174	-0.0774783	10.1246	34.0625	4.5059e-05	-0.00593597	0.99691	34.0625	0	0
23	497860	-0.0296522	-0.0686087	10.0994	34.0625	-0.000119665	-0.00576091	0.996602	34.0625	0	0
23	497870	-0.05	-0.0922609	10.1039	34.0625	-0.000124836	-0.00563459	0.996983	34.0625	0	0
23	497880	-0.042087	-0.0920869	10.1341	34.0625	-0.000166201	-0.00562351	0.996589	34.0625	0	0
23	497890	-0.0538261	-0.0903478	10.1213	34.0625	-6.64805e-05	-0.00575795	0.997016	34.0625	0	0
23	497900	-0.0528696	-0.0749565	10.107	34.0625	-5.83551e-05	-0.00577197	0.996876	34.0625	0	0
23	497910	-0.0275652	-0.0795652	10.0636	34.0625	-0.000214954	-0.00571289	0.996425	34.0625	0	0
23	497920	-0.0234783	-0.0812174	10.1399	34.0625	-0.000186145	-0.00597808	0.996783	34.0625	0	0
23	497930	-0.0329565	-0.0903478	10.1179	34.0625	-0.000167679	-0.00523128	0.996725	34.0625	0	0
23	497940	-0.0232174	-0.100696	10.0798	34.0625	-0.000182452	-0.00600319	0.99639	34.0625	0	0
23	497950	-0.0473043	-0.0902609	10.1197	34.0625	-0.000101198	-0.00550902	0.996627	34.0625	0	0
23	497960	-0.0403478	-0.0710435	10.1041	34.0625	-4.13657e-05	-0.00559692	0.996403	34.0625	0	0
23	497970	-0.0313043	-0.0965217	10.11	34.0625	-8.27313e-05	-0.00583994	0.996527	34.0625	0	0
23	497980	-0.0462609	-0.0886956	10.1389	34.0625	3.69336e-06	-0.00557919	0.996556	34.0625	0	0
23	497990	-0.0357391	-0.0889565	10.119	34.0625	-6.35258e-05	-0.00554965	0.996655	34.0625	0	0
23	498000	-0.0330435	-0.0786087	10.0614	34.0625	-5.68778e-05	-0.00570403	0.996471	34.0625	0	0
23	498010	-0.0358261	-0.0906956	10.1198	34.0625	-4.21043e-05	-0.00590273	0.996581	34.0625	0	0
23	498020	-0.0572174	-0.0735652	10.1579	34.0625	-0.000101937	-0.00584955	0.996801	34.0625	0	0
23	498030	-0.0444348	-0.0866956	10.123	34.0625	-1.99442e-05	-0.00577494	0.996711	34.0625	0	0
23	498040	-0.0415652	-0.122435	10.0995	34.0625	-7.68219e-05	-0.00545805	0.996607	34.0625	0	0
23	498050	-0.0426956	-0.0990435	10.1265	34.0625	-0.000161031	-0.00585841	0.996514	34.0625	0	0
23	498060	-0.0443478	-0.105217	10.1283	34.0625	-0.000163247	-0.0061753	0.996347	34.0625	0	0
23	498070	-0.0326087	-0.0953043	10.1101	34.0625	1.69895e-05	-0.00584142	0.996895	34.0625	0	0
23	498080	-0.0364348	-0.0798261	10.0851	34.0625	1.18188e-05	-0.00591677	0.99661	34.0625	0	0
23	498090	-0.0326087	-0.0813043	10.1164	34.0625	-7.38672e-07	-0.0058008	0.996563	34.0625	0	0
23	498100	-0.0542609	-0.0856522	10.061	34.0625	-9.67661e-05	-0.00556294	0.996988	34.0625	0	0
23	498110	-0.0466087	-0.0773043	10.1013	34.0625	-0.000108585	-0.00581852	0.996782	34.0625	0	0
23	498120	-0.0273913	-0.0706087	10.0993	34.0625	-1.69895e-05	-0.0055334	0.996412	34.0625	0	0
23	498130	-0.0312174	-0.0949565	10.1505	34.0625	-7.46059e-05	-0.00582222	0.996585	34.0625	0	0
23	498140	-0.034	-0.10087	10.1146	34.0625	-0.000136654	-0.00572176	0.996696	34.0625	0	0
23	498150	-0.042	-0.0695652	10.0975	34.0625	-9.38114e-05	-0.00544697	0.996711	34.0625	0	0
23	498160	-0.0367826	-0.0846957	10.0932	34.0625	-8.5686e-05	-0.00574392	0.996844	34.0625	0	0
23	498170	-0.044087	-0.0801739	10.0899	34.0625	-6.13098e-05	-0.00570846	0.996532	34.0625	0	0
23	498180	-0.0427826	-0.0708696	10.119	34.0625	-2.58535e-05	-0.00562499	0.996822	34.0625	0	0
23	498190	-0.0497391	-0.100609	10.0963	34.0625	-3.91496e-05	-0.00552305	0.9968	34.0625	0	0
23	498200	-0.0478261	-0.0943478	10.0883	34.0625	-3.39789e-05	-0.00595887	0.996677	34.0625	0	0
23	498210	-0.0338261	-0.0764348	10.1231	34.0625	5.31844e-05	-0.00599507	0.996721	34.0625	0	0
23	498220	-0.0396522	-0.0672174	10.1038	34.0625	-0.000327232	-0.00557255	0.996406	34.0625	0	0
23	498230	-0.042	-0.0808696	10.08	34.0625	4.21043e-05	-0.00583625	0.99657	34.0625	0	0
23	498240	-0.0306957	-0.0791304	10.0965	34.0625	-0.000117449	-0.00556811	0.996873	34.0625	0	0
23	498250	-0.0409565	-0.078	10.1194	34.0625	-0.000153644	-0.00559914	0.996555	34.0625	0	0
23	498260	-0.0454783	-0.077913	10.1023	34.0625	-2.95469e-05	-0.00577346	0.99686	34.0625	0	0
23	498270	-0.0218261	-0.0684348	10.087	34.0625	0.000103414	-0.00562056	0.996699	34.0625	0	0
23	498280	-0.0286087	-0.0703478	10.084	34.0625	-1.92055e-05	-0.00623513	0.996573	34.0625	0	0
23	498290	-0.0468696	-0.094	10.147	34.0625	-0.000157337	-0.00553044	0.996822	34.0625	0	0
23	498300	-0.041913	-0.0930435	10.103	34.0625	0	-0.00604308	0.996797	34.0625	0	0
23	498310	-0.0386087	-0.0936522	10.1346	34	7.09126e-05	-0.00615019	0.996895	34	0	0
23	498320	-0.0309565	-0.0877391	10.1113	34.0625	-3.32403e-05	-0.00555925	0.996464	34.0625	0	0
23	498330	-0.06	-0.0775652	10.0683	34.0625	9.45501e-05	-0.0058067	0.996604	34.0625	0	0
23	498340	-0.0515652	-0.0824348	10.1013	34.0625	1.25574e-05	-0.00594631	0.996449	34.0625	0	0
23	498350	-0.040262	-0.0943478	10.0708	34.0625	-5.24457e-05	-0.00584142	0.996453	34.0625	0	0
23	498360	-0.0376522	-0.0922609	10.141	34.0625	-9.60274e-05	-0.00547873	0.996722	34.0625	0	0
23	498370	-0.0426956	-0.0768696	10.088	34.0625	-0.000149212	-0.00578972	0.996492	34.0625	0	0
23	498380	-0.0410435	-0.066	10.0945	34.0625	-7.68219e-05	-0.00614502	0.996826	34.0625	0	0
23	498390	-0.0542609	-0.0788696	10.1077	34.0625	-0.000161031	-0.00583847	0.996878	34.0625	0	0
23	498400	-0.0625217	-0.0794783	10.0659	34.0625	-8.86407e-05	-0.00586728	0.996292	34.0625	0	0
23	498410	-0.0372174	-0.0986957	10.1246	34.0625	-0.00011671	-0.00591012	0.996578	34.0625	0	0
23	498420	-0.0424348	-0.082	10.1362	34.0625	-0.000124097	-0.00599433	0.996632	34.0625	0	0
23	498430	-0.0421739	-0.0763478	10.1303	34.0625	-6.42645e-05	-0.00570994	0.996643	34.0625	0	0
23	498440	-0.040087	-0.0893913	10.1325	34.0625	-8.64247e-05	-0.00588944	0.996393	34.0625	0	0
23	498450	-0.0557391	-0.074	10.099	34.0625	0	-0.0059899	0.996622	34.0625	0	0
23	498460	-0.0517391	-0.0800873	10.1085	34.0625	-9.0118e-05	-0.00571215	0.996728	34.0625	0	0
23	498470	-0.0546957	-0.0735652	10.1368	34.0625	-0.000104891	-0.00612729	0.996791	34.0625	0	0
23	498480	-0.0542609	-0.0826087	10.0839	34.0625	0	-0.00599654	0.996806	34.0625	0	0
23	498490	-0.0153913	-0.0954783	10.1159	34.0625	-0.000108585	-0.00594631	0.996691	34.0625	0	0
23	498500	-0.0273043	-0.0901739	10.1138	34.0625	-0.000148473	-0.00575352	0.996528	34.0625	0	0
23	498510	-0.026087	-0.0686956	10.1336	34.0625	2.95469e-06	-0.005755	0.996483	34.0625	0	0
23	498520	-0.0430435	-0.0657391	10.0997	34.0625	1.62508e-05	-0.00614723	0.996853	34.0625	0	0
23	498530	-0.0311304	-0.0985217	10.1464	34.0625	-0.000143302	-0.00562204	0.99641	34.0625	0	0
23	498540	-0.0418261	-0.0786087	10.0797	34.0625	-4.43203e-05	-0.00591381	0.996311	34.0625	0	0
23	498550	-0.0603478	-0.0685217	10.1424	34.0625	-0.000180236	-0.00605416	0.996391	34.0625	0	0
23	498560	-0.0422609	-0.073913	10.1183	34.0625	-7.60833e-05	-0.00583182	0.997124	34.0625	0	0
23	498570	-0.0538261	-0.0862609	10.1012	34.0625	-5.83551e-05	-0.00608592	0.996508	34.0625	0	0
23	498580	-0.0183478	-0.0692174	10.1069	34.0625	7.38672e-07	-0.00585398	0.99694	34.0625	0	0
23	498590	-0.0291304	-0.0892174	10.1022	34.0625	3.54563e-05	-0.00602757	0.996771	34.0625	0	0
23	498600	-0.0382609	-0.0983478	10.1119	34.0625	2.88082e-05	-0.00621445	0.996771	34.0625	0	0
23	498610	-0.052	-0.08	10.1417	34.0625	8.49473e-05	-0.00568704	0.996839	34.0625	0	0
23	498620	-0.0397391	-0.0657391	10.1069	34.0625	-8.93794e-05	-0.00562056	0.996348	34.0625	0	0
23	498630	-0.046	-0.0747826	10.1026	34.0625	-0.000270354	-0.00578085	0.997069	34.0625	0	0
23	498640	-0.0271304	-0.0809565	10.0858	34.0625	-0.000103414	-0.00576017	0.996825	34.0625	0	0
23	498650	-0.0534783	-0.062087	10.1664	34.0625	2.21602e-05	-0.00595444	0.997033	34.0625	0	0
23	498660	-0.0311304	-0.071913	10.1243	34.0625	-6.64805e-05	-0.00619303	0.99668	34.0625	0	0
23	498670	-0.0315652	-0.0815652	10.1176	34.0625	-0.00023933	-0.00596774	0.996672	34.0625	0	0
23	498680	-0.0262609	-0.0895652	10.1033	34.0625	-7.75606e-05	-0.00562425	0.996467	34.0625	0	0
23	498690	-0.0457391	-0.0947826	10.0848	34.0625	-0.00033388	-0.00576829	0.99623	34.0625	0	0
23	498700	-0.0507826	-0.0935652	10.103	34.0625	-0.000318368	-0.00606893	0.996768	34.0625	0	0
23	498710	-0.0417391	-0.0654783	10.1187	34.0625	-0.000226772	-0.00628463	0.99672	34.0625	0	0
23	498720	-0.0476522	-0.061913	10.1437	34.0625	-0.000103414	-0.00592932	0.996819	34.0625	0	0
23	498730	-0.0471304	-0.0861739	10.125	34.0625	0.000131484	-0.00577346	0.996352	34.0625	0	0
23	498740	-0.0504348	-0.0747826	10.123	34.0625	-9.08567e-05	-0.00582222	0.996836	34.0625	0	0
23	498750	-0.0502609	-0.0812174	10.1023	34.0625	0.000107108	-0.00574244	0.996612	34.0625	0	0
23	498760	-0.0562609	-0.083913	10.143	34.0625	5.98325e-05	-0.00589682	0.996805	34.0625	0	0
23	498770	-0.0432174	-0.0849565	10.0778	34.0625	3.39789e-05	-0.00606229	0.996743	34.0625	0	0
23	498780	-0.0487826	-0.072087	10.1285	34.0625	-4.5059e-05	-0.00591381	0.996768	34.0625	0	0
23	498790	-0.0449565	-0.0809565	10.1337	34.0625	-0.000142564	-0.00591455	0.996312	34.0625	0	0
23	498800	-0.0417391	-0.0636522	10.1301	34.0625	-0.000104153	-0.00588057	0.996292	34.0625	0	0
23	498810	-0.0515652	-0.0841739	10.1179	34.0625	-3.10242e-05	-0.00598694	0.996584	34.0625	0	0
23	498820	-0.0213913	-0.0853043	10.1181	34.0625	-3.39789e-05	-0.00610882	0.996658	34.0625	0	0
23	498830	-0.0368696	-0.0863478	10.1635	34.0625	-7.09126e-05	-0.00547504	0.99661	34.0625	0	0
23	498840	-0.0462609	-0.0782609	10.137	34.0625	-8.86407e-05	-0.0057092	0.996565	34.0625	0	0
23	498850	-0.0518261	-0.0769565	10.1088	34.0625	-0.000231204	-0.00573136	0.996796	34.0625	0	0
23	498860	-0.0467826	-0.0613913	10.1388	34.0625	9.60274e-06	-0.00598842	0.996737	34.0625	0	0
23	498870	-0.0575652	-0.0916522	10.0879	34.0625	-3.32403e-05	-0.00583477	0.996505	34.0625	0	0
23	498880	-0.0351304	-0.0751304	10.117	34.0625	-0.000314674	-0.00570329	0.996598	34.0625	0	0
23	498890	-0.0384348	-0.0533913	10.1137	34.0625	-0.000161031	-0.00584364	0.996642	34.0625	0	0
23	498900	-0.0222609	-0.063913	10.1382	34.0625	0.00010563	-0.00576312	0.996793	34.0625	0	0
23	498910	-0.0538261	-0.076	10.116	34.0625	-0.000328709	-0.00561096	0.996715	34.0625	0	0
23	498920	-0.0358261	-0.0783478	10.1205	34.0625	-5.68778e-05	-0.0057092	0.99672	34.0625	0	0
23	498930	-0.0366087	-0.0709565	10.1008	34.0625	-0.000146996	-0.00606302	0.996528	34.0625	0	0
23	498940	-0.0363478	-0.0696522	10.1205	34.0625	-0.000165463	-0.00586728	0.996672	34.0625	0	0
23	498950	-0.0242609	-0.0716522	10.1253	34.0625	-3.76723e-05	-0.00591972	0.996868	34.0625	0	0
23	498960	-0.0436522	-0.061913	10.1187	34.0625	-6.86965e-05	-0.0055888	0.996506	34.0625	0	0
23	498970	-0.044	-0.0669565	10.1291	34.0625	-0.000227511	-0.0057742	0.996587	34.0625	0	0
23	498980	-0.0443478	-0.0547826	10.1236	34.0625	2.88082e-05	-0.00607041	0.996488	34.0625	0	0
23	498990	-0.0344348	-0.0704348	10.1132	34.0625	-5.02297e-05	-0.00599654	0.996547	34.0625	0	0
23	499000	-0.05	-0.0789565	10.159	34.0625	0	-0.00580227	0.996657	34.0625	0	0
23	499010	-0.0367826	-0.0761739	10.1578	34.0625	-0.000131484	-0.00600393	0.996241	34.0625	0	0
23	499020	-0.0430435	-0.0772174	10.0781	34.0625	-0.000126313	-0.00576165	0.996988	34.0625	0	0
23	499030	-0.0508696	-0.0744348	10.0666	34.0625	0.000161031	-0.00596109	0.99689	34.0625	0	0
23	499040	-0.0185217	-0.086087	10.0993	34.0625	-7.60833e-05	-0.00643162	0.996604	34.0625	0	0
23	499050	-0.0350435	-0.0633043	10.1041	34.0625	5.98325e-05	-0.00625729	0.996397	34.0625	0	0
23	499060	-0.0263478	-0.0801739	10.1007	34.0625	-0.000143302	-0.00623587	0.996782	34.0625	0	0
23	499070	-0.0507826	-0.0773043	10.0805	34.0625	-0.000369336	-0.00595666	0.996616	34.0625	0	0
23	499080	-0.0376522	-0.0778261	10.1059	34.0625	-0.000121881	-0.00601501	0.996703	34.0625	0	0
23	499090	-0.0374783	-0.0798261	10.115	34.0625	-0.000137393	-0.00596921	0.996606	34.0625	0	0
23	499100	-0.0522609	-0.0744348	10.1173	34.0625	-3.91496e-05	-0.00588131	0.996497	34.0625	0	0
23	499110	-0.0403478	-0.0801739	10.097	34.0625	-0.000268877	-0.00585767	0.996615	34.0625	0	0
23	499120	-0.0214783	-0.0698261	10.1263	34.0625	-0.000248933	-0.00586801	0.996603	34.0625	0	0
23	499130	-0.0313043	-0.0784348	10.113	34.0625	-4.13657e-05	-0.0057742	0.996931	34.0625	0	0
23	499140	-0.0468696	-0.0776522	10.155	34.0625	2.51149e-05	-0.00588131	0.997106	34.0625	0	0
23	499150	-0.0463478	-0.0913913	10.1081	34.0625	-0.000184668	-0.00581852	0.996464	34.0625	0	0
23	499160	-0.0562609	-0.10513	10.129	34.0625	-3.17629e-05	-0.00626985	0.99648	34.0625	0	0
23	499170	-0.0456522	-0.104783	10.1003	34.0625	-0.000473489	-0.0059212	0.99668	34.0625	0	0
23	499180	-0.032	-0.0830435	10.0867	34.0625	-9.52887e-05	-0.00619229	0.99684	34.0625	0	0
23	499190	-0.04	-0.0711304	10.1129	34.0625	-3.8411e-05	-0.00584585	0.9964	34.0625	0	0
23	499200	-0.0258261	-0.0726087	10.1193	34.0625	-0.000158076	-0.00550976	0.996713	34.0625	0	0
23	499210	-0.0402609	-0.0926087	10.1337	34.0625	-0.000243023	-0.0056538	0.996692	34.0625	0	0
23	499220	-0.0491304	-0.0750435	10.0853	34.0625	-0.000273309	-0.005755	0.996897	34.0625	0	0
23	499230	-0.0442609	-0.0750435	10.0701	34.0625	-4.13657e-05	-0.00607632	0.996669	34.0625	0	0
23	499240	-0.0552174	-0.0732174	10.1163	34.0625	-0.000113017	-0.00613615	0.996652	34.0625	0	0
23	499250	-0.0283478	-0.0927826	10.1402	34.0625	-0.000214215	-0.00591381	0.996386	34.0625	0	0
23	499260	-0.0435652	-0.0742609	10.1375	34.0625	-0.000275525	-0.00590569	0.996352	34.0625	0	0
23	499270	-0.0532174	-0.0896522	10.1201	34.0625	-0.000230466	-0.00594557	0.996723	34.0625	0	0
23	499280	-0.0471304	-0.0802609	10.1111	34.0625	-2.28988e-05	-0.0061524	0.996594	34.0625	0	0
23	499290	-0.0354783	-0.0793043	10.0941	34.0625	-7.82993e-05	-0.0061753	0.996416	34.0625	0	0
23	499300	-0.0375652	-0.068087	10.1225	34.0625	-3.98883e-05	-0.00605047	0.996503	34.0625	0	0
23	499310	-0.041913	-0.0832174	10.089	34.0625	-3.8411e-05	-0.0056309	0.996381	34.0625	0	0
23	499320	-0.0369565	-0.0683478	10.1213	34.0625	-4.65364e-05	-0.00608075	0.996864	34.0625	0	0
23	499330	-0.0346957	-0.0876522	10.0957	34.0625	-9.60274e-05	-0.00592785	0.996783	34.0625	0	0
23	499340	-0.0369565	-0.0707826	10.107	34.0625	-0.000104891	-0.00582886	0.99664	34.0625	0	0
23	499350	-0.0317391	-0.0568696	10.1321	34.0625	-4.43203e-06	-0.00608666	0.996974	34.0625	0	0
23	499360	-0.0368696	-0.0591304	10.0803	34.0625	5.68778e-05	-0.00574909	0.996386	34.0625	0	0
23	499370	-0.045913	-0.078	10.1209	34.0625	-0.000265183	-0.0057742	0.99621	34.0625	0	0
23	499380	-0.0525217	-0.0872174	10.1254	34.0625	-0.000226034	-0.00613394	0.996596	34.0625	0	0
23	499390	-0.0473043	-0.0788696	10.1198	34.0625	-0.000101937	-0.00620263	0.996596	34.0625	0	0
23	499400	-0.0313043	-0.066087	10.1494	34.0625	-0.000161031	-0.00585767	0.996662	34.0625	0	0
23	499410	-0.0283478	-0.0762609	10.1257	34.0625	-0.000343483	-0.00570477	0.997005	34.0625	0	0
23	499420	-0.018	-0.0855652	10.0954	34.0625	-0.000179497	-0.00604677	0.996704	34.0625	0	0
23	499430	-0.0352174	-0.0718261	10.1283	34.0625	-9.97208e-05	-0.00583108	0.996529	34.0625	0	0
23	499440	-0.0344348	-0.0548696	10.1221	34.0625	-3.69336e-05	-0.00529702	0.996651	34.0625	0	0
23	499450	-0.0350435	-0.0648696	10.137	34.0625	1.47734e-05	-0.00606007	0.996917	34.0625	0	0
23	499460	-0.0433043	-0.0904348	10.0807	34.0625	-0.000125574	-0.00582665	0.99664	34.0625	0	0
23	499470	-0.0346957	-0.0875652	10.138	34.0625	-0.000125574	-0.00563312	0.996604	34.0625	0	0
23	499480	-0.0450435	-0.08	10.125	34.0625	-0.00036195	-0.00572397	0.996732	34.0625	0	0
23	499490	-0.0369565	-0.0833913	10.1131	34.0625	-0.000158076	-0.00574983	0.99679	34.0625	0	0
23	499500	-0.016	-0.0713044	10.1377	34.0625	-3.47176e-05	-0.00611916	0.99676	34.0625	0	0
23	499510	-0.0402609	-0.076	10.1131	34.0625	-0.000100459	-0.00606155	0.996723	34.0625	0	0
23	499520	-0.0693043	-0.0678261	10.0997	34.0625	-0.000216431	-0.00574392	0.996573	34.0625	0	0
23	499530	-0.022087	-0.0888696	10.105	34.0625	4.21043e-05	-0.00600467	0.996799	34.0625	0	0
23	499540	-0.0346087	-0.0791304	10.089	34.0625	-0.000276264	-0.00586801	0.996551	34.0625	0	0
23	499550	-0.0537391	-0.0813043	10.1252	34.0625	-1.40348e-05	-0.00590864	0.996669	34.0625	0	0
23	499560	-0.044087	-0.0774783	10.0809	34.0625	-0.00023933	-0.00575278	0.996713	34.0625	0	0
23	499570	-0.0404348	-0.0756522	10.0796	34.0625	-0.000138132	-0.00594336	0.996816	34.0625	0	0
23	499580	-0.026087	-0.0788696	10.1523	34.0625	-0.000130745	-0.00622479	0.996409	34.0625	0	0
23	499590	-0.0333043	-0.0893913	10.1261	34.0625	-0.00017802	-0.00580006	0.996505	34.0625	0	0
23	499600	-0.0514783	-0.0752174	10.104	34.0625	-9.45501e-05	-0.0057875	0.996542	34.0625	0	0
23	499610	-0.0425217	-0.0916522	10.0996	34.0625	-0.000220124	-0.00569221	0.99649	34.0625	0	0
23	499620	-0.0374783	-0.0907826	10.073	34.0625	-0.000270354	-0.00579341	0.996598	34.0625	0	0
23	499630	-0.0487826	-0.0890435	10.1052	34.0625	-0.000186884	-0.00598472	0.996758	34.0625	0	0
23	499640	-0.0531304	-0.0849565	10.0939	34.0625	-0.00011671	-0.00585546	0.996867	34.0625	0	0
23	499650	-0.0465217	-0.0602609	10.1304	34.0625	-0.000197226	-0.00552527	0.996849	34.0625	0	0
23	499660	-0.0353043	-0.0970435	10.1085	34.0625	-5.61391e-05	-0.00576091	0.996832	34.0625	0	0
23	499670	-0.0293913	-0.0833913	10.0977	34.0625	-0.000185407	-0.00614058	0.996801	34.0625	0	0
23	499680	-0.0338261	-0.0842609	10.1343	34.0625	-0.000308765	-0.00543072	0.996655	34.0625	0	0
23	499690	-0.0411304	-0.0826087	10.1594	34.0625	-0.000114494	-0.0061561	0.996501	34.0625	0	0
23	499700	-0.0490435	-0.0808696	10.112	34.0625	-0.000150689	-0.00578898	0.996974	34.0625	0	0
23	499710	-0.0386087	-0.0731304	10.1427	34.0625	-0.000265922	-0.00551197	0.996996	34.0625	0	0
23	499720	-0.0464348	-0.071913	10.1157	34.0625	-8.1254e-06	-0.00601796	0.996632	34.0625	0	0
23	499730	-0.0332174	-0.0808696	10.1185	34.0625	0	-0.00592932	0.996646	34.0625	0	0
23	499740	-0.0353043	-0.0784348	10.1101	34.0625	-0.000164724	-0.00583625	0.996706	34.0625	0	0
23	499750	-0.0414783	-0.0803478	10.1225	34.0625	-0.000146996	-0.00584733	0.996547	34.0625	0	0
23	499760	-0.0330435	-0.07	10.1149	34.0625	-0.000107108	-0.00608075	0.996681	34.0625	0	0
23	499770	-0.0261739	-0.0805217	10.1352	34.0625	-0.000228988	-0.00597955	0.996749	34.0625	0	0
23	499780	-0.0395652	-0.0967826	10.1175	34.0625	-0.000100459	-0.00601279	0.996448	34.0625	0	0
23	499790	-0.0408696	-0.0795652	10.1305	34.0625	3.54563e-05	-0.00581631	0.996406	34.0625	0	0
23	499800	-0.0586956	-0.0886956	10.1224	34.0625	-0.000282173	-0.0057779	0.996719	34.0625	0	0
23	499810	-0.0432174	-0.0678261	10.1222	34.0625	-0.000308765	-0.0057417	0.996703	34.0625	0	0
23	499820	-0.0205217	-0.067913	10.116	34.0625	-0.000119665	-0.00573062	0.996473	34.0625	0	0
23	499830	-0.03	-0.0824348	10.1052	34.0625	1.99442e-05	-0.00593523	0.996495	34.0625	0	0
23	499840	-0.0365217	-0.0866087	10.1464	34.0625	-8.5686e-05	-0.00542186	0.997096	34.0625	0	0
23	499850	-0.0310435	-0.075913	10.1377	34.0625	-1.77281e-05	-0.0057513	0.996892	34.0625	0	0
23	499860	-0.0294783	-0.0837391	10.1291	34.0625	-8.27313e-05	-0.00581852	0.996996	34.0625	0	0
23	499870	-0.0535652	-0.0706957	10.125	34.0625	1.84668e-05	-0.00551493	0.996378	34.0625	0	0
23	499880	-0.0466956	-0.0877391	10.1081	34.0625	-0.000234898	-0.00562942	0.996784	34.0625	0	0
23	499890	-0.0218261	-0.0702609	10.1077	34.0625	1.47734e-05	-0.00590273	0.996331	34.0625	0	0
23	499900	-0.0216522	-0.0674783	10.1203	34.0625	-6.42645e-05	-0.00619525	0.996328	34.0625	0	0
23	499910	-0.0156522	-0.0682609	10.1159	34.0625	-0.000181713	-0.00581409	0.996497	34.0625	0	0
23	499920	-0.0293913	-0.0802609	10.0786	34.0625	-0.000220863	-0.00548612	0.996647	34.0625	0	0
23	499930	-0.024	-0.10513	10.1143	34.0625	-0.000208306	-0.0058067	0.996512	34.0625	0	0
23	499940	-0.0390435	-0.0751304	10.1201	34.0625	1.69895e-05	-0.00544549	0.996691	34.0625	0	0
23	499950	-0.0401739	-0.0904348	10.1173	34.0625	-2.80696e-05	-0.00575648	0.99652	34.0625	0	0
23	499960	-0.0341739	-0.0726087	10.0932	34.0625	-7.38672e-07	-0.00591307	0.99674	34.0625	0	0
23	499970	-0.0329565	-0.0831304	10.1103	34.0625	1.03414e-05	-0.00573653	0.996707	34.0625	0	0
23	499980	-0.0254783	-0.0883478	10.1254	34.0625	-0.000169156	-0.00598103	0.99645	34.0625	0	0
23	499990	-0.0366087	-0.0956522	10.1148	34.0625	-9.08567e-05	-0.00601796	0.996375	34.0625	0	0
23	500000	-0.0314783	-0.0842609	10.117	34.0625	-4.43203e-05	-0.00588131	0.996474	34.0625	0	0
23	500010	-0.0261739	-0.0865217	10.1202	34.0625	-0.00022825	-0.00608518	0.997141	34.0625	0	0
23	500020	-0.0382609	-0.085913	10.0771	34.0625	-8.347e-05	-0.00575352	0.996793	34.0625	0	0
23	500030	-0.0404348	-0.0706957	10.1019	34.0625	-0.00015586	-0.00566488	0.996624	34.0625	0	0
23	500040	-0.0416522	-0.0875652	10.1277	34.0625	-0.000286605	-0.00578233	0.996742	34.0625	0	0
23	500050	-0.0292174	-0.0829565	10.0863	34.0625	-0.000293992	-0.00584364	0.996689	34.0625	0	0
23	500060	-0.0457391	-0.08	10.0872	34.0625	-0.000114494	-0.00561243	0.996463	34.0625	0	0
23	500070	-0.0441739	-0.0623478	10.1217	34.0625	-0.00017802	-0.00584807	0.996667	34.0625	0	0
23	500080	-0.0513043	-0.0791304	10.1153	34.0625	-6.57418e-05	-0.00558363	0.99657	34.0625	0	0
23	500090	-0.0303478	-0.0795652	10.1122	34.0625	-0.00021126	-0.0057779	0.99676	34.0625	0	0
23	500100	-0.0362609	-0.101391	10.0964	34.0625	-1.77281e-05	-0.00604825	0.99657	34.0625	0	0
23	500110	-0.0305217	-0.0826957	10.126	34.0625	-0.000251887	-0.00582591	0.996569	34.0625	0	0
23	500120	-0.0644348	-0.074	10.1203	34.0625	-0.000149212	-0.00599876	0.996215	34.0625	0	0
23	500130	-0.0447826	-0.0738261	10.1228	34.0625	-0.000303594	-0.00583182	0.996547	34.0625	0	0
23	500140	-0.0490435	-0.0826957	10.1063	34.0625	-8.86407e-05	-0.00593006	0.996573	34.0625	0	0
23	500150	-0.040087	-0.0781739	10.1384	34.0625	-3.47176e-05	-0.00598399	0.996938	34.0625	0	0
23	500160	-0.027913	-0.0937391	10.1019	34.0625	-0.000337573	-0.00565454	0.99669	34.0625	0	0
23	500170	-0.050087	-0.0808696	10.1396	34.0625	-0.000180236	-0.00600762	0.99657	34.0625	0	0
23	500180	-0.0293913	-0.0911304	10.117	34.0625	-0.000340528	-0.00582074	0.9964	34.0625	0	0
23	500190	-0.0424348	-0.0847826	10.0949	34.0625	-0.000257797	-0.00584585	0.996363	34.0625	0	0
23	500200	-0.0414783	-0.0713044	10.0948	34.0625	-9.0118e-05	-0.00581926	0.996447	34.0625	0	0
23	500210	-0.0446087	-0.0694783	10.1091	34.0625	-0.000209783	-0.00524457	0.996585	34.0625	0	0
23	500220	-0.0422609	-0.0757391	10.1499	34.0625	-0.000201658	-0.00594779	0.996783	34.0625	0	0
23	500230	-0.0474783	-0.0715652	10.1183	34.0625	2.06828e-05	-0.00589756	0.996963	34.0625	0	0
23	500240	-0.0386087	-0.0805217	10.1346	34.0625	-7.16512e-05	-0.00590864	0.996997	34.0625	0	0
23	500250	-0.0233913	-0.068	10.0842	34.0625	-0.000167679	-0.00588648	0.997248	34.0625	0	0
23	500260	-0.046	-0.0869565	10.0883	34.0625	-1.69895e-05	-0.00601206	0.996819	34.0625	0	0
23	500270	-0.0497391	-0.072	10.1414	34.0625	-0.000141086	-0.00582591	0.996472	34.0625	0	0
23	500280	-0.0383478	-0.107043	10.1205	34.0625	-7.38672e-05	-0.00602166	0.996635	34.0625	0	0
23	500290	-0.033913	-0.0892174	10.1071	34.0625	-6.64805e-06	-0.00564493	0.996385	34.0625	0	0
23	500300	-0.026087	-0.0969565	10.1304	34.0625	-0.000192055	-0.00602609	0.996912	34.0625	0	0
23	500310	-0.0273913	-0.058087	10.1169	34.0625	-0.000215692	-0.00594114	0.996618	34.0625	0	0
23	500320	-0.0431304	-0.0996522	10.1098	34.0625	-0.000232682	-0.00576386	0.996395	34.0625	0	0
23	500330	-0.0528696	-0.0937391	10.1016	34.0625	-9.97208e-05	-0.00600984	0.996405	34.0625	0	0
23	500340	-0.026087	-0.088	10.0922	34.0625	-0.000141086	-0.00568704	0.996812	34.0625	0	0
23	500350	-0.0206087	-0.0946087	10.1392	34.0625	-0.000128529	-0.00610439	0.996597	34.0625	0	0
23	500360	-0.0401739	-0.0866956	10.1496	34.0625	-0.000141825	-0.00579193	0.996549	34.0625	0	0
23	500370	-0.0428696	-0.0903478	10.1291	34.0625	-0.000241546	-0.00590421	0.996763	34.0625	0	0
23	500380	-0.0196522	-0.0696522	10.1237	34.0625	-0.000188361	-0.00624769	0.996497	34.0625	0	0
23	500390	-0.0162609	-0.101391	10.1231	34.0625	-0.000211999	-0.00582222	0.996689	34.0625	0	0
23	500400	-0.0227826	-0.0856522	10.1303	34.0625	-0.0001337	-0.00565749	0.996926	34.0625	0	0
23	500410	-0.0191304	-0.086	10.081	34.0625	-0.000112278	-0.00556885	0.996481	34.0625	0	0
23	500420	-0.0465217	-0.087913	10.1216	34.0625	-0.000163247	-0.00579932	0.996513	34.0625	0	0
23	500430	-0.0331304	-0.075913	10.1443	34.0625	-5.83551e-05	-0.00602905	0.99653	34.0625	0	0
23	500440	-0.048	-0.0588696	10.1017	34.0625	-6.20485e-05	-0.00598399	0.996466	34.0625	0	0
23	500450	-0.0364348	-0.0961739	10.0855	34.0625	-0.000146996	-0.00574318	0.996714	34.0625	0	0
23	500460	-0.0412174	-0.0814783	10.11	34.0625	-0.000128529	-0.0055888	0.996833	34.0625	0	0
23	500470	-0.0509565	-0.0747826	10.1345	34.0625	-0.000255581	-0.00591529	0.996292	34.0625	0	0
23	500480	-0.0372174	-0.0808696	10.1037	34.0625	-0.000232682	-0.00555112	0.996775	34.0625	0	0
23	500490	-0.0356522	-0.0885217	10.0983	34.0625	-0.000292514	-0.00540561	0.996562	34.0625	0	0
23	500500	-0.0352174	-0.0921739	10.0997	34.0625	-0.000293253	-0.00578085	0.996351	34.0625	0	0
23	500510	-0.0133913	-0.100174	10.1293	34.0625	-2.28988e-05	-0.00588279	0.996877	34.0625	0	0
23	500520	-0.0164348	-0.0875652	10.124	34.0625	-6.05711e-05	-0.00575352	0.996414	34.0625	0	0
23	500530	-0.0193043	-0.0765217	10.0645	34.0625	-0.000148473	-0.00588426	0.996634	34.0625	0	0
23	500540	-0.0354783	-0.0686956	10.0879	34.0625	-3.02856e-05	-0.00563459	0.996734	34.0625	0	0
23	500550	-0.0334783	-0.0829565	10.1353	34.0625	-0.00017802	-0.00579415	0.99678	34.0625	0	0
23	500560	-0.0594783	-0.0905217	10.0951	34.125	-0.000186145	-0.00585693	0.996672	34.125	0	0
23	500570	-0.0546087	-0.0750435	10.097	34.0625	-0.000103414	-0.00575795	0.996635	34.0625	0	0
23	500580	-0.0282609	-0.0674783	10.0919	34.0625	-2.28988e-05	-0.00559471	0.996649	34.0625	0	0
23	500590	-0.0188696	-0.0735652	10.1041	34.0625	-0.000257797	-0.0062994	0.996706	34.0625	0	0
23	500600	-0.0513913	-0.0785217	10.1041	34.125	-0.000256319	-0.00553561	0.996646	34.125	0	0
23	500610	-0.038	-0.104957	10.0783	34.0625	-0.000129268	-0.00565823	0.996695	34.0625	0	0
23	500620	-0.0368696	-0.0889565	10.107	34.0625	-0.000367859	-0.00544475	0.996583	34.0625	0	0
23	500630	-0.0532174	-0.0888696	10.0853	34.125	-0.000129268	-0.00558289	0.996512	34.125	0	0
23	500640	-0.0304348	-0.0814783	10.13	34.0625	-0.000158815	-0.00565749	0.99643	34.0625	0	0
23	500650	-0.0697391	-0.0827826	10.111	34.0625	-0.000146996	-0.00554891	0.99669	34.0625	0	0
23	500660	-0.0322609	-0.0738261	10.1143	34.0625	-0.000107108	-0.00600836	0.996711	34.0625	0	0
23	500670	-0.0418261	-0.072	10.1387	34.0625	-8.5686e-05	-0.0059404	0.996539	34.0625	0	0
23	500680	-0.0443478	-0.103043	10.1188	34.0625	-0.000223818	-0.005755	0.996491	34.0625	0	0
23	500690	-0.0385217	-0.0943478	10.105	34.0625	-8.1254e-05	-0.00608223	0.996632	34.0625	0	0
23	500700	-0.0492174	-0.103217	10.1338	34.0625	-9.89821e-05	-0.00616127	0.997071	34.0625	0	0
23	500710	-0.0381739	-0.0743478	10.1424	34.0625	-0.000393712	-0.00591824	0.996553	34.0625	0	0
23	500720	-0.0386957	-0.0907826	10.1262	34.0625	-0.000275525	-0.00574466	0.99661	34.0625	0	0
23	500730	-0.0273043	-0.1	10.1137	34.0625	-0.000180236	-0.00587762	0.996765	34.0625	0	0
23	500740	-0.0311304	-0.0890435	10.1262	34.0625	-0.000257797	-0.00614723	0.996555	34.0625	0	0
23	500750	-0.0286087	-0.0987826	10.1257	34.0625	-0.00023933	-0.00562795	0.996352	34.0625	0	0
23	500760	-0.0233043	-0.0808696	10.1155	34.0625	-4.13657e-05	-0.00555629	0.996691	34.0625	0	0
23	500770	-0.0203478	-0.0712174	10.1163	34.0625	-0.000234898	-0.00590273	0.996397	34.0625	0	0
23	500780	-0.038087	-0.085913	10.1323	34.0625	6.64805e-06	-0.00591677	0.996805	34.0625	0	0
23	500790	-0.0425217	-0.104609	10.0842	34.0625	-0.000100459	-0.00573579	0.996565	34.0625	0	0
23	500800	-0.0450435	-0.0704348	10.1199	34.0625	-2.95469e-05	-0.00567153	0.996646	34.0625	0	0
23	500810	-0.0310435	-0.0858261	10.1081	34.0625	-2.21602e-05	-0.00588722	0.996666	34.0625	0	0
23	500820	-0.0391304	-0.0790435	10.1241	34.0625	-0.000152905	-0.00595592	0.996971	34.0625	0	0
23	500830	-0.0413913	-0.0933043	10.139	34.0625	-0.000249671	-0.005478	0.996838	34.0625	0	0
23	500840	-0.0365217	-0.0856522	10.144	34.0625	-0.000402577	-0.00567818	0.996548	34.0625	0	0
23	500850	-0.0225217	-0.076087	10.1031	34.0625	-0.000140348	-0.00580966	0.996581	34.0625	0	0
23	500860	-0.0295652	-0.0957391	10.1222	34.0625	-0.000152905	-0.00586801	0.99652	34.0625	0	0
23	500870	-0.0350435	-0.0870435	10.1237	34.0625	-0.000175065	-0.00576017	0.996626	34.0625	0	0
23	500880	-0.0384348	-0.0663478	10.097	34.0625	-0.000121881	-0.006032	0.996907	34.0625	0	0
23	500890	-0.0225217	-0.0975652	10.1212	34.0625	-2.95469e-05	-0.00560652	0.996472	34.0625	0	0
23	500900	-0.0292174	-0.0886087	10.0943	34.0625	7.38672e-07	-0.00596626	0.996596	34.0625	0	0
23	500910	-0.0412174	-0.0903478	10.1297	34.0625	-0.000137393	-0.00564715	0.99655	34.0625	0	0
23	500920	-0.0273043	-0.0906087	10.1206	34.0625	-0.000143302	-0.00622405	0.996695	34.0625	0	0
23	500930	-0.037913	-0.0826957	10.0902	34.0625	-0.000114494	-0.00606081	0.996789	34.0625	0	0
23	500940	-0.0409565	-0.0794783	10.0977	34.0625	-0.000120404	-0.00589387	0.996559	34.0625	0	0
23	500950	-0.0409565	-0.0888696	10.0997	34.0625	-0.000118188	-0.00593967	0.99653	34.0625	0	0
23	500960	-0.0318261	-0.0873913	10.1077	34.0625	8.93794e-05	-0.00593893	0.997082	34.0625	0	0
23	500970	-0.0333043	-0.0991304	10.0809	34.0625	-0.000145518	-0.0054551	0.996248	34.0625	0	0
23	500980	-0.0323478	-0.0886956	10.1331	34.0625	6.35258e-05	-0.00574244	0.996403	34.0625	0	0
23	500990	-0.036087	-0.0818261	10.1172	34.0625	-0.000152167	-0.00593967	0.996974	34.0625	0	0
23	501000	-0.0356522	-0.0753913	10.1036	34.0625	-0.000109324	-0.00596183	0.996954	34.0625	0	0
23	501010	-0.0321739	-0.0712174	10.1253	34.0625	-0.000163985	-0.00564124	0.996661	34.0625	0	0
23	501020	-0.0471304	-0.0856522	10.1764	34.0625	-7.97766e-05	-0.00577642	0.996704	34.0625	0	0
