23	297880	0.0187826	-0.0826957	0.0909565	34	-3.8411e-05	-0.00586801	0.996302	34	0	0
23	297890	0.0143478	-0.0816522	0.0689565	34	-0.00014478	-0.00565454	0.996621	34	0	0
23	297900	0.0145217	-0.0943478	0.0789565	34	-8.7902e-05	-0.00585767	0.996423	34	0	0
23	297910	0.0135652	-0.106522	0.0675652	34	0.000119665	-0.005967	0.996517	34	0	0
23	297920	0.0126957	-0.08	0.0777391	34	-9.15954e-05	-0.00581261	0.99655	34	0	0
23	297930	0.00104348	-0.0687826	0.0693043	34	-0.000129268	-0.00588722	0.996106	34	0	0
23	297940	0.00782609	-0.0887826	0.0770435	34	-1.40348e-05	-0.00559323	0.996475	34	0	0
23	297950	0.0189565	-0.0895652	0.0805217	34	-0.000180975	-0.00580966	0.996282	34	0	0
23	297960	0.0223478	-0.0663478	0.0861739	34	-4.80137e-05	-0.00576608	0.996334	34	0	0
23	297970	0.00269565	-0.0991304	0.0636522	34	0	-0.00534873	0.996739	34	0	0
23	297980	0.015913	-0.102696	0.067913	34	-2.51149e-05	-0.00557107	0.996245	34	0	0
23	297990	0.00130435	-0.104348	0.0805217	34	0.000113017	-0.00569738	0.996555	34	0	0
23	298000	0.00826087	-0.0885217	0.0721739	34	-1.77281e-05	-0.0058562	0.996247	34	0	0
23	298010	0.006	-0.0982609	0.105391	34	7.01739e-05	-0.00570994	0.99675	34	0	0
23	298020	0.000956522	-0.106609	0.123304	34	-2.80696e-05	-0.00579193	0.996806	34	0	0
23	298030	0.0165217	-0.0851304	0.0794783	34	-2.14215e-05	-0.00604677	0.996915	34	0	0
23	298040	0.02	-0.083913	0.0593043	34	-3.10242e-05	-0.00588131	0.996799	34	0	0
23	298050	-0.00513043	-0.0678261	0.112696	34	-0.000174327	-0.00625138	0.996659	34	0	0
23	298060	0.008	-0.061913	0.0722609	34	-1.47734e-05	-0.00559101	0.996686	34	0	0
23	298070	0.0186957	-0.0753043	0.0817391	34	-7.75606e-05	-0.005673	0.996698	34	0	0
23	298080	0.0154783	-0.0831304	0.0733913	34	-4.0627e-05	-0.00594557	0.996738	34	0	0
23	298090	0.0227826	-0.0795652	0.115217	34	2.51149e-05	-0.00583182	0.996352	34	0	0
23	298100	0.02	-0.0909565	0.0726957	34	-0.000115972	-0.00600615	0.996558	34	0	0
23	298110	0.021913	-0.0944348	0.103478	34	4.43203e-06	-0.00587023	0.996691	34	0	0
23	298120	0.00530435	-0.0857391	0.0795652	34	5.09684e-05	-0.00574392	0.996621	34	0	0
23	298130	0.00878261	-0.0612174	0.0963478	34	-8.19926e-05	-0.00574983	0.996276	34	0	0
23	298140	0.0123478	-0.0767826	0.0633043	34	-0.000223818	-0.00556073	0.99658	34	0	0
23	298150	0.00382609	-0.0738261	0.0910435	34	1.77281e-05	-0.00583994	0.996516	34	0	0
23	298160	0.0183478	-0.072087	0.0773043	34	-2.88082e-05	-0.00561908	0.996487	34	0	0
23	298170	0.0112174	-0.073913	0.0542609	34	-4.0627e-05	-0.00598768	0.996317	34	0	0
23	298180	0.0173043	-0.0936522	0.107391	34	-0.000225295	-0.00563459	0.996701	34	0	0
23	298190	0.0130435	-0.0761739	0.0744348	34	-9.60274e-06	-0.00602978	0.996403	34	0	0
23	298200	0.0127826	-0.0847826	0.0893044	34	-4.94911e-05	-0.00599063	0.99668	34	0	0
23	298210	0.0270435	-0.0594783	0.0924348	34	-4.35817e-05	-0.0054322	0.996596	34	0	0
23	298220	0.0215652	-0.0905217	0.0950435	34	-0.000195748	-0.00580301	0.996905	34	0	0
23	298230	0.0296522	-0.0733043	0.0787826	34	4.2843e-05	-0.00560652	0.996509	34	0	0
23	298240	0.0142609	-0.0871304	0.0922609	34	0.000110801	-0.00576386	0.996407	34	0	0
23	298250	0.0255652	-0.0833043	0.0824348	34	-1.32961e-05	-0.005755	0.996509	34	0	0
23	298260	0.00678261	-0.0730435	0.0485217	34	4.65364e-05	-0.00608371	0.996618	34	0	0
23	298270	0.02	-0.068	0.0645217	34	6.50032e-05	-0.00582517	0.996646	34	0	0
23	298280	0.0167826	-0.0773043	0.0615652	34	-0.000107846	-0.00601723	0.996419	34	0	0
23	298290	0.0195652	-0.094087	0.0902609	34	8.19926e-05	-0.00599063	0.996519	34	0	0
23	298300	0.0174783	-0.0946957	0.0891304	34	-4.2843e-05	-0.00571585	0.996054	34	0	0
23	298310	0.0234783	-0.0787826	0.0931304	34	9.60274e-06	-0.00597217	0.996488	34	0	0
23	298320	0.00843478	-0.0847826	0.101913	34	-5.83551e-05	-0.00625508	0.99656	34	0	0
23	298330	0.0106957	-0.0634783	0.0728696	34	2.58535e-05	-0.00611251	0.996623	34	0	0
23	298340	0.018	-0.0888696	0.111826	34	2.51149e-05	-0.00624178	0.996639	34	0	0
23	298350	0.0231304	-0.0764348	0.0675652	34	0.000178759	-0.00622553	0.996615	34	0	0
23	298360	0.00391304	-0.0629565	0.0583478	34	8.347e-05	-0.00582148	0.996847	34	0	0
23	298370	0.0194783	-0.0984348	0.114957	34	-8.5686e-05	-0.00601206	0.996934	34	0	0
23	298380	0.0106087	-0.0947826	0.0893044	34	-0.000139609	-0.00601132	0.997027	34	0	0
23	298390	0.00652174	-0.0916522	0.0675652	34	2.65922e-05	-0.00565675	0.996554	34	0	0
23	298400	0.0278261	-0.101913	0.0825217	34	-0.000130006	-0.00576608	0.99657	34	0	0
23	298410	0.0181739	-0.0721739	0.0833043	34	-0.000215692	-0.00585546	0.996683	34	0	0
23	298420	0.017913	-0.102435	0.0768696	34	6.20485e-05	-0.00558953	0.996699	34	0	0
23	298430	0.000956522	-0.0822609	0.0852174	34	-5.39231e-05	-0.00558806	0.996581	34	0	0
23	298440	0.00965217	-0.0868696	0.0742609	34	-1.03414e-05	-0.00596552	0.996646	34	0	0
23	298450	0.00478261	-0.053913	0.0806087	34	-9.08567e-05	-0.0057225	0.996232	34	0	0
23	298460	0.00965217	-0.0912174	0.101304	34	1.69895e-05	-0.00574687	0.996626	34	0	0
23	298470	0.0187826	-0.0874783	0.101826	34	-6.50032e-05	-0.00604751	0.996741	34	0	0
23	298480	0.0150435	-0.0927826	0.0833043	34	-2.65922e-05	-0.00574983	0.996739	34	0	0
23	298490	0.00826087	-0.0833043	0.0701739	34	-0.000146996	-0.00586211	0.996052	34	0	0
23	298500	0.02	-0.0772174	0.072	34	-0.000137393	-0.00589904	0.996451	34	0	0
23	298510	0.002	-0.0917391	0.0875652	34	-9.75048e-05	-0.00581187	0.996686	34	0	0
23	298520	0.011913	-0.0886087	0.0710435	34	-2.80696e-05	-0.00597955	0.99673	34	0	0
23	298530	0.0153913	-0.0895652	0.0933913	34	7.68219e-05	-0.0056634	0.996539	34	0	0
23	298540	-0.00217391	-0.0818261	0.0684348	34	1.69895e-05	-0.00565971	0.997024	34	0	0
23	298550	0.015913	-0.0934783	0.0851304	34	-4.87524e-05	-0.00619081	0.996265	34	0	0
23	298560	0.00521739	-0.0714783	0.0473043	34	-0.000271093	-0.00594557	0.996339	34	0	0
23	298570	0.0113913	-0.0831304	0.0817391	34	-6.86965e-05	-0.00566931	0.996505	34	0	0
23	298580	0.0166087	-0.0694783	0.100783	34	-9.89821e-05	-0.00600541	0.99685	34	0	0
23	298590	0.0158261	-0.0964348	0.0604348	34	-3.76723e-05	-0.00577051	0.996558	34	0	0
23	298600	0.00721739	-0.0822609	0.0496522	34	-8.27313e-05	-0.00598472	0.99648	34	0	0
23	298610	0.0132174	-0.0774783	0.0838261	34	-0.000237853	-0.00589756	0.996597	34	0	0
23	298620	0.0157391	-0.0972174	0.0626957	34	0.000117449	-0.00546987	0.996508	34	0	0
23	298630	0.0156522	-0.0991304	0.0851304	34	-7.23899e-05	-0.00572693	0.99653	34	0	0
23	298640	0.0189565	-0.0829565	0.061913	34	-4.43203e-05	-0.00570994	0.996316	34	0	0
23	298650	0.0233913	-0.0916522	0.0937391	34	0	-0.00580966	0.996453	34	0	0
23	298660	0.0221739	-0.059913	0.0754783	34	-3.54563e-05	-0.00589682	0.996218	34	0	0
23	298670	-0.0104348	-0.0753043	0.055913	34	8.1254e-05	-0.00601132	0.996476	34	0	0
23	298680	0.0191304	-0.089913	0.0697391	34	0	-0.00548095	0.996463	34	0	0
23	298690	0.0181739	-0.0815652	0.0927826	34	3.32403e-05	-0.00578381	0.996858	34	0	0
23	298700	0.0178261	-0.0804348	0.233478	34	-8.86407e-06	-0.00570255	0.99647	34	0	0
23	298710	-0.00443478	-0.100435	0.838261	34	-9.60274e-06	-0.00554078	0.996568	34	0	0
23	298720	0.0157391	-0.0630435	1.8407	34	-0.000344221	-0.00558584	0.996887	34	0	0
23	298730	0.0109565	-0.086087	2.84878	34	-0.000249671	-0.00576903	0.996607	34	0	0
23	298740	-0.0134783	-0.0562609	3.79948	34	-0.000209783	-0.00583404	0.996612	34	0	0
23	298750	-0.0248696	-0.0851304	4.78783	34	-0.000366382	-0.00562795	0.996373	34	0	0
23	298760	-0.0185217	-0.0856522	5.83557	34	-7.60833e-05	-0.00608075	0.99678	34	0	0
23	298770	-0.026087	-0.0857391	6.82896	34	-0.000408486	-0.00568261	0.996832	34	0	0
23	298780	-0.0364348	-0.0806956	7.83313	34	-0.000627133	-0.00565306	0.996642	34	0	0
23	298790	-0.0414783	-0.0775652	8.83496	34	-0.00025041	-0.00562499	0.996494	34	0	0
23	298800	-0.0469565	-0.079913	9.74191	34	-6.27872e-05	-0.00562647	0.996711	34	0	0
23	298810	-0.0535652	-0.0829565	10.0358	34	-8.347e-05	-0.00576091	0.99704	34	0	0
23	298820	-0.051913	-0.0791304	10.058	34	-8.49473e-05	-0.00575943	0.996549	34	0	0
23	298830	-0.0463478	-0.0838261	10.077	34	3.25016e-05	-0.00590642	0.996587	34	0	0
23	298840	-0.0526957	-0.0969565	10.1273	34	-0.000177281	-0.0062211	0.996553	34	0	0
23	298850	-0.0473913	-0.0864348	10.1351	34	-6.57418e-05	-0.00587762	0.996847	34	0	0
23	298860	-0.0526957	-0.0823478	10.1158	34	-9.23341e-05	-0.00603791	0.996778	34	0	0
23	298870	-0.0516522	-0.097913	10.1179	34	6.35258e-05	-0.00594705	0.996345	34	0	0
23	298880	-0.0426956	-0.0883478	10.0823	34	-2.51149e-05	-0.00594853	0.996687	34	0	0
23	298890	-0.0465217	-0.105913	10.1175	34	-8.7902e-05	-0.00568261	0.996577	34	0	0
23	298900	-0.0546957	-0.085913	10.0904	34	-0.000104891	-0.00622479	0.996552	34	0	0
23	298910	-0.069913	-0.0642609	10.0937	34	-0.000349392	-0.00591972	0.996303	34	0	0
23	298920	-0.0494783	-0.082087	10.1151	34	-8.5686e-05	-0.00574909	0.996916	34	0	0
23	298930	-0.0517391	-0.078087	10.1327	34	-0.000372291	-0.00592415	0.996695	34	0	0
23	298940	-0.0464348	-0.0663478	10.1388	34	-0.000246717	-0.00607706	0.996955	34	0	0
23	298950	-0.0467826	-0.0845217	10.1142	34	-0.000149951	-0.00557181	0.996824	34	0	0
23	298960	-0.0369565	-0.0914783	10.1132	34	-0.000187623	-0.00596256	0.9968	34	0	0
23	298970	-0.0231304	-0.0821739	10.1234	34	-6.64805e-05	-0.00595961	0.996724	34	0	0
23	298980	-0.0402609	-0.0718261	10.083	34	-0.000285128	-0.00612581	0.996392	34	0	0
23	298990	-0.052087	-0.0925217	10.1068	34	-0.000128529	-0.00599654	0.99662	34	0	0
23	299000	-0.0166957	-0.0707826	10.1136	34	-0.000192055	-0.00555482	0.996615	34	0	0
23	299010	-0.0566087	-0.0886087	10.0697	34	-4.94911e-05	-0.00582665	0.996265	34	0	0
23	299020	-0.0565217	-0.0911304	10.1015	34	0.000115972	-0.0059862	0.996539	34	0	0
23	299030	-0.0425217	-0.0754783	10.072	34	-1.69895e-05	-0.00622258	0.996706	34	0	0
23	299040	-0.0587826	-0.0746957	10.131	34	-0.000325016	-0.00630531	0.996644	34	0	0
23	299050	-0.038087	-0.0915652	10.0895	34	-0.0001891	-0.00592046	0.996728	34	0	0
23	299060	-0.0431304	-0.0948696	10.1175	34	-0.000134438	-0.00602092	0.996622	34	0	0
23	299070	-0.0394783	-0.0871304	10.0623	34	1.25574e-05	-0.00550311	0.996706	34	0	0
23	299080	-0.0584348	-0.079913	10.0882	34	8.86407e-06	-0.00572693	0.996507	34	0	0
23	299090	-0.0366957	-0.076	10.081	34	0.000139609	-0.0063548	0.996506	34	0	0
23	299100	-0.0369565	-0.0664348	10.1064	34	-5.39231e-05	-0.00568335	0.996457	34	0	0
23	299110	-0.0486956	-0.0809565	10.097	34	-1.55121e-05	-0.00586875	0.99655	34	0	0
23	299120	-0.0503478	-0.0695652	10.1169	34	-2.88082e-05	-0.00579193	0.996633	34	0	0
23	299130	-0.0367826	-0.0870435	10.1209	34	8.19926e-05	-0.00586358	0.996253	34	0	0
23	299140	-0.0438261	-0.0793043	10.1318	34	-1.92055e-05	-0.00593228	0.996697	34	0	0
23	299150	-0.0504348	-0.0832174	10.1153	34	-5.24457e-05	-0.00586801	0.99664	34	0	0
23	299160	-0.0433043	-0.0730435	10.1308	34	-0.000173588	-0.00615093	0.996686	34	0	0
23	299170	-0.0255652	-0.074087	10.0924	34	1.99442e-05	-0.00582443	0.996926	34	0	0
23	299180	-0.049913	-0.0746087	10.1003	34	-3.8411e-05	-0.00603495	0.99667	34	0	0
23	299190	-0.0493913	-0.086087	10.1157	34	-0.000229727	-0.00612729	0.996618	34	0	0
23	299200	-0.0292174	-0.0828696	10.1081	34	-5.02297e-05	-0.00618121	0.996432	34	0	0
23	299210	-0.0364348	-0.0855652	10.1077	34	-0.000164724	-0.00541742	0.996727	34	0	0
23	299220	-0.036087	-0.0728696	10.107	34	6.05711e-05	-0.00624104	0.996952	34	0	0
23	299230	-0.027913	-0.0568696	10.0855	34	-8.05153e-05	-0.00581409	0.996792	34	0	0
23	299240	-0.0230435	-0.0846957	10.0772	34	-8.7902e-05	-0.00605933	0.996502	34	0	0
23	299250	-0.0274783	-0.0878261	10.0866	34	-8.93794e-05	-0.00595075	0.997018	34	0	0
23	299260	-0.0289565	-0.0838261	10.1298	34	-0.00030064	-0.00579636	0.996723	34	0	0
23	299270	-0.0350435	-0.0933913	10.0803	34	-9.15954e-05	-0.00592711	0.996784	34	0	0
23	299280	-0.0563478	-0.0707826	10.1125	34	-6.57418e-05	-0.00565084	0.996655	34	0	0
23	299290	-0.0313913	-0.0834783	10.0827	34	-8.347e-05	-0.00583034	0.996751	34	0	0
23	299300	-0.0528696	-0.0886087	10.1188	34	2.88082e-05	-0.00564567	0.996494	34	0	0
23	299310	-0.0410435	-0.0788696	10.1429	34	-2.14215e-05	-0.00602757	0.996771	34	0	0
23	299320	-0.0388696	-0.0946957	10.1203	34	-0.000282173	-0.00596847	0.996441	34	0	0
23	299330	-0.0417391	-0.0898261	10.0657	34	-0.000520764	-0.00602757	0.996385	34	0	0
23	299340	-0.0342609	-0.072	10.0953	34	-0.000146257	-0.00576682	0.996686	34	0	0
23	299350	-0.0391304	-0.0844348	10.1219	34	-8.42087e-05	-0.0059212	0.996315	34	0	0
23	299360	-0.0386087	-0.0947826	10.1149	34	-6.94352e-05	-0.00550016	0.996728	34	0	0
23	299370	-0.0381739	-0.0635652	10.1137	34	-1.18188e-05	-0.00567448	0.996692	34	0	0
23	299380	-0.0477391	-0.0840869	10.1231	34	-0.000134438	-0.00568113	0.996112	34	0	0
23	299390	-0.0533913	-0.0895652	10.1129	34	-0.000206828	-0.00601427	0.996685	34	0	0
23	299400	-0.051913	-0.0862609	10.0737	34	-5.83551e-05	-0.00587392	0.996592	34	0	0
23	299410	-0.038	-0.0775652	10.0963	34	-6.42645e-05	-0.00571437	0.996499	34	0	0
23	299420	-0.0306957	-0.0766957	10.106	34	-4.94911e-05	-0.00548464	0.996485	34	0	0
23	299430	-0.0308696	-0.0732174	10.1136	34	-0.000259274	-0.00568113	0.996707	34	0	0
23	299440	-0.0404348	-0.0770435	10.1551	34	-0.000113756	-0.00555482	0.996612	34	0	0
23	299450	-0.00852174	-0.105652	10.1395	34	-6.57418e-05	-0.00597512	0.996658	34	0	0
23	299460	-0.0182609	-0.0758261	10.1195	34	-8.64247e-05	-0.00595222	0.996568	34	0	0
23	299470	-0.0393043	-0.0689565	10.089	34	-0.000129268	-0.00591381	0.997167	34	0	0
23	299480	-0.0389565	-0.0913913	10.1469	34	-6.57418e-05	-0.00610734	0.996607	34	0	0
23	299490	-0.0455652	-0.0791304	10.1432	34	-8.27313e-05	-0.00584733	0.996542	34	0	0
23	299500	-0.0406087	-0.0742609	10.1232	34	-8.49473e-05	-0.0056213	0.9965	34	0	0
23	299510	-0.0261739	-0.0802609	10.1134	34	-0.00021717	-0.00578233	0.996936	34	0	0
23	299520	-0.0436522	-0.0844348	10.0891	34	-0.000496388	-0.00619894	0.996328	34	0	0
23	299530	-0.0235652	-0.0621739	10.1243	34	-0.000146996	-0.00605711	0.996788	34	0	0
23	299540	-0.0578261	-0.0865217	10.1295	34	-0.000204612	-0.00606672	0.996533	34	0	0
23	299550	-0.0585217	-0.0814783	10.141	33.9375	-8.86407e-05	-0.00576829	0.996323	33.9375	0	0
23	299560	-0.0367826	-0.086	10.1277	34	-0.000260013	-0.00565602	0.996704	34	0	0
23	299570	-0.0253913	-0.101565	10.1124	34	-3.6195e-05	-0.00576829	0.996497	34	0	0
23	299580	-0.0409565	-0.0761739	10.0781	34	-0.000171372	-0.00623809	0.996829	34	0	0
23	299590	-0.0466087	-0.079913	10.125	34	-3.69336e-05	-0.00601501	0.99657	34	0	0
23	299600	-0.034087	-0.0957391	10.1311	34	-7.38672e-07	-0.00599507	0.996435	34	0	0
23	299610	-0.0231304	-0.0786956	10.0821	34	-0.000248933	-0.00570107	0.996075	34	0	0
23	299620	-0.0493913	-0.0987826	10.1236	34	-0.000195748	-0.00548464	0.996474	34	0	0
23	299630	-0.0526087	-0.0825217	10.1037	34	-0.000169895	-0.00568556	0.996552	34	0	0
23	299640	-0.0616522	-0.0782609	10.0949	34	-4.57977e-05	-0.00572841	0.996508	34	0	0
23	299650	-0.0391304	-0.0682609	10.124	34	-0.000213476	-0.00609996	0.996602	34	0	0
23	299660	-0.0331304	-0.0883478	10.0688	34	-0.00012262	-0.00579636	0.996847	34	0	0
23	299670	-0.0376522	-0.0772174	10.0837	34	4.43203e-06	-0.00610217	0.996666	34	0	0
23	299680	-0.0484348	-0.086087	10.094	34	-0.00020609	-0.00564493	0.996723	34	0	0
23	299690	-0.0365217	-0.0753913	10.0882	34	-2.58535e-05	-0.00568113	0.996754	34	0	0
23	299700	-0.0557391	-0.0708696	10.1337	34	-0.000184668	-0.00582074	0.996506	34	0	0
23	299710	-0.0358261	-0.0666087	10.0859	34	-1.69895e-05	-0.00601279	0.99661	34	0	0
23	299720	-0.0430435	-0.0747826	10.1059	34	-2.21602e-06	-0.00587466	0.996454	34	0	0
23	299730	-0.0485217	-0.0896522	10.0893	34	-7.01739e-05	-0.00622405	0.996477	34	0	0
23	299740	-0.0329565	-0.0768696	10.0997	34	-8.19926e-05	-0.00577494	0.996365	34	0	0
23	299750	-0.0583478	-0.0788696	10.1218	34	-6.13098e-05	-0.00581335	0.99689	34	0	0
23	299760	-0.0278261	-0.0742609	10.0969	34	-8.42087e-05	-0.00586728	0.9967	34	0	0
23	299770	-0.0462609	-0.0826957	10.0733	34	-0.000220124	-0.00566266	0.996689	34	0	0
23	299780	-0.0495652	-0.0925217	10.0959	34	-0.000220124	-0.00580449	0.996566	34	0	0
23	299790	-0.0543478	-0.0710435	10.1173	34	-0.000141086	-0.00572693	0.996756	34	0	0
23	299800	-0.0423478	-0.0607826	10.1031	34	-0.000100459	-0.00612729	0.996579	34	0	0
23	299810	-0.044	-0.0828696	10.1103	34	-0.000247455	-0.00609774	0.996632	34	0	0
23	299820	-0.0461739	-0.0825217	10.0736	34	-0.000197964	-0.00558953	0.996576	34	0	0
23	299830	-0.04	-0.0783478	10.124	34	-0.000102675	-0.00592932	0.996307	34	0	0
23	299840	-0.0398261	-0.08	10.1189	34	-0.000269615	-0.00580006	0.996855	34	0	0
23	299850	-0.0153913	-0.0920869	10.1326	34	-0.000231204	-0.00602092	0.996484	34	0	0
23	299860	-0.0337391	-0.0808696	10.1274	34	0	-0.00595887	0.996596	34	0	0
23	299870	-0.0263478	-0.0933913	10.0719	34	-0.000226034	-0.00590052	0.996466	34	0	0
23	299880	-0.0253043	-0.0786956	10.1198	34	-7.9038e-05	-0.00612433	0.996797	34	0	0
23	299890	-0.0285217	-0.0951304	10.1074	34	-0.000146996	-0.00563976	0.996815	34	0	0
23	299900	-0.0385217	-0.0761739	10.1403	34	-0.00019501	-0.00595887	0.996704	34	0	0
23	299910	-0.0244348	-0.0706957	10.1458	34	-0.000141086	-0.0058658	0.996896	34	0	0
23	299920	-0.0333043	-0.0816522	10.1088	34	-0.000327971	-0.00593597	0.996528	34	0	0
23	299930	-0.029913	-0.0757391	10.1316	34	0	-0.00596626	0.996505	34	0	0
23	299940	-0.0287826	-0.0664348	10.0865	34	-9.82434e-05	-0.00621445	0.997023	34	0	0
23	299950	-0.0461739	-0.0784348	10.09	34	-8.7902e-05	-0.00553857	0.996296	34	0	0
23	299960	-0.0485217	-0.110609	10.127	34	-0.000152167	-0.00590347	0.996556	34	0	0
23	299970	-0.0407826	-0.0913043	10.1016	34	-3.69336e-05	-0.00573358	0.996458	34	0	0
23	299980	-0.0410435	-0.0908696	10.1234	34	-0.000150689	-0.00596995	0.996891	34	0	0
23	299990	-0.0372174	-0.0869565	10.1142	34	-0.000257058	-0.00606672	0.996576	34	0	0
23	300000	-0.0145217	-0.0850435	10.119	34	-0.00031172	-0.00545436	0.99669	34	0	0
23	300010	-0.030087	-0.0861739	10.1216	34	-0.000224556	-0.00588426	0.996615	34	0	0
23	300020	-0.0436522	-0.0776522	10.0812	34	-9.89821e-05	-0.00584438	0.996322	34	0	0
23	300030	-0.0306957	-0.0826087	10.1296	34	-0.000176543	-0.00600984	0.996457	34	0	0
23	300040	-0.0366087	-0.0966956	10.127	34	-0.000138132	-0.00581261	0.996442	34	0	0
23	300050	-0.0404348	-0.0926957	10.1401	34	-0.000182452	-0.00562647	0.99608	34	0	0
23	300060	-0.0393043	-0.0827826	10.0976	34	-0.00010563	-0.00586654	0.996287	34	0	0
23	300070	-0.0430435	-0.0972174	10.1155	34	-4.35817e-05	-0.0054839	0.996821	34	0	0
23	300080	-0.0446087	-0.0848696	10.0793	34	-4.35817e-05	-0.00527634	0.996453	34	0	0
23	300090	-0.0583478	-0.0908696	10.0963	34	-0.000232682	-0.0057875	0.996742	34	0	0
23	300100	-0.0412174	-0.118957	10.0894	34	-0.000148473	-0.00637622	0.996865	34	0	0
23	300110	-0.033913	-0.0840869	10.1475	34	-0.000153644	-0.00570181	0.99672	34	0	0
23	300120	-0.0293043	-0.0883478	10.0976	34	-0.000169895	-0.00572176	0.996691	34	0	0
23	300130	-0.0383478	-0.0733043	10.1138	34	-0.000155121	-0.00584807	0.996542	34	0	0
23	300140	-0.038087	-0.0849565	10.1217	34	-0.000123358	-0.00559397	0.997005	34	0	0
23	300150	-0.0351304	-0.0793043	10.0934	34	-6.79579e-05	-0.00582517	0.996556	34	0	0
23	300160	-0.0234783	-0.0676522	10.109	34	-1.77281e-05	-0.00593523	0.996635	34	0	0
23	300170	-0.0406087	-0.083913	10.1165	34	-9.67661e-05	-0.00564272	0.996771	34	0	0
23	300180	-0.0266087	-0.0843478	10.0771	34	-0.000126313	-0.00584733	0.996454	34	0	0
23	300190	-0.0415652	-0.0965217	10.0905	34	-0.000319107	-0.00565528	0.996479	34	0	0
23	300200	-0.0572174	-0.0961739	10.0948	34	-0.000184668	-0.00588353	0.99658	34	0	0
23	300210	-0.0478261	-0.0849565	10.0822	34	-0.000243762	-0.00582	0.996744	34	0	0
23	300220	-0.0356522	-0.093913	10.1084	34	-0.000112278	-0.00600762	0.99648	34	0	0
23	300230	-0.0268696	-0.0906956	10.1116	34	3.02856e-05	-0.00576682	0.996757	34	0	0
23	300240	-0.0425217	-0.0806956	10.1002	34	2.58535e-05	-0.00567448	0.996894	34	0	0
23	300250	-0.0402609	-0.0872174	10.1333	34	-0.000248933	-0.00610661	0.996286	34	0	0
23	300260	-0.0435652	-0.086087	10.0561	34	2.80696e-05	-0.00579489	0.996547	34	0	0
23	300270	-0.0367826	-0.100696	10.0992	34	-0.000235637	-0.00564198	0.996525	34	0	0
23	300280	-0.0318261	-0.0841739	10.114	34	-1.84668e-05	-0.00595444	0.996969	34	0	0
23	300290	-0.033913	-0.0806956	10.1122	33.9375	-1.03414e-05	-0.00551641	0.996739	33.9375	0	0
23	300300	-0.017913	-0.0844348	10.1035	34	-0.000141086	-0.00531327	0.996768	34	0	0
23	300310	-0.0336522	-0.0988696	10.1511	33.9375	-5.54004e-05	-0.00606302	0.997011	33.9375	0	0
23	300320	-0.035913	-0.0741739	10.0863	34	-6.57418e-05	-0.00575426	0.996955	34	0	0
23	300330	-0.0370435	-0.08	10.105	34	-2.73309e-05	-0.00599728	0.996952	34	0	0
23	300340	-0.0421739	-0.0873043	10.1147	34	3.02856e-05	-0.00576608	0.996644	34	0	0
23	300350	-0.0307826	-0.0921739	10.1389	34	-5.68778e-05	-0.00573505	0.99653	34	0	0
23	300360	-0.0524348	-0.0830435	10.1043	34	-0.000149212	-0.00588796	0.996497	34	0	0
23	300370	-0.0345217	-0.0966956	10.1078	34	4.7275e-05	-0.00564124	0.996747	34	0	0
23	300380	-0.0455652	-0.0808696	10.1337	34	-0.000112278	-0.00569738	0.996436	34	0	0
23	300390	-0.0366957	-0.106957	10.091	34	-9.30727e-05	-0.00628389	0.996539	34	0	0
23	300400	-0.0425217	-0.0666957	10.0942	34	-8.27313e-05	-0.00603495	0.996734	34	0	0
23	300410	-0.0557391	-0.071913	10.1175	34	-0.000103414	-0.00587614	0.996627	34	0	0
23	300420	-0.0342609	-0.0776522	10.0966	34	-6.64805e-06	-0.0060453	0.996747	34	0	0
23	300430	-0.0378261	-0.0886087	10.0981	34	-0.000210522	-0.00569517	0.996792	34	0	0
23	300440	-0.0385217	-0.0596522	10.1187	34	-5.76165e-05	-0.00586654	0.996647	34	0	0
23	300450	-0.0522609	-0.0971304	10.1061	34	-0.000146257	-0.00568408	0.996378	34	0	0
23	300460	-0.0432174	-0.102087	10.1041	34	-0.000154383	-0.00585472	0.996642	34	0	0
23	300470	-0.0373913	-0.0953913	10.1153	34	-1.25574e-05	-0.00560135	0.996565	34	0	0
23	300480	-0.0332174	-0.0796522	10.1207	34	-4.80137e-05	-0.00573727	0.996737	34	0	0
23	300490	-0.0191304	-0.101913	10.1372	34	-0.000211999	-0.00565011	0.996497	34	0	0
23	300500	-0.0297391	-0.0754783	10.145	34	-0.000271831	-0.00578972	0.996626	34	0	0
23	300510	-0.032	-0.0861739	10.0984	34	-4.57977e-05	-0.00583625	0.996635	34	0	0
23	300520	-0.0365217	-0.0769565	10.1037	34	-0.000211999	-0.0058525	0.996777	34	0	0
23	300530	-0.0358261	-0.104435	10.1117	34	-0.000349392	-0.00606081	0.9967	34	0	0
23	300540	-0.0236522	-0.0954783	10.0831	34	-3.10242e-05	-0.00536055	0.996599	34	0	0
23	300550	-0.0377391	-0.09	10.1172	34	-0.000101937	-0.00608297	0.996534	34	0	0
23	300560	-0.042	-0.0875652	10.0977	34	-9.15954e-05	-0.00564641	0.996901	34	0	0
23	300570	-0.0335652	-0.078087	10.1079	34	-0.000248194	-0.005543	0.99683	34	0	0
23	300580	-0.0415652	-0.0933913	10.1221	34	-0.000113756	-0.00557181	0.996491	34	0	0
23	300590	-0.048	-0.0942609	10.1043	34	-1.99442e-05	-0.00581187	0.996809	34	0	0
23	300600	-0.0394783	-0.0774783	10.1155	34	-7.97766e-05	-0.00595075	0.996658	34	0	0
23	300610	-0.046	-0.0926087	10.0888	34	-5.76165e-05	-0.00593671	0.996756	34	0	0
23	300620	-0.0173913	-0.0810435	10.1148	34	-6.27872e-05	-0.00602535	0.99636	34	0	0
23	300630	-0.0416522	-0.0882609	10.1238	34	2.95469e-05	-0.00599063	0.996793	34	0	0
23	300640	-0.0327826	-0.104435	10.0828	34	-0.000114494	-0.00571437	0.996467	34	0	0
23	300650	-0.0506957	-0.0930435	10.1206	34	-4.5059e-05	-0.005608	0.996362	34	0	0
23	300660	-0.0469565	-0.0913913	10.1324	34	-3.47176e-05	-0.00539083	0.996567	34	0	0
23	300670	-0.0314783	-0.094087	10.1638	34	-0.000184668	-0.00580006	0.996262	34	0	0
23	300680	-0.0381739	-0.0831304	10.1134	34	-0.000107108	-0.00582296	0.99641	34	0	0
23	300690	-0.0493043	-0.0725217	10.0956	34	-0.000110062	-0.00581187	0.996728	34	0	0
23	300700	-0.0373043	-0.0986087	10.1092	34	-0.000161769	-0.00589904	0.996454	34	0	0
23	300710	-0.0443478	-0.0954783	10.1149	33.9375	0.000139609	-0.00568261	0.996349	33.9375	0	0
23	300720	-0.0412174	-0.080087	10.1201	34	-3.25016e-05	-0.00609626	0.996446	34	0	0
23	300730	-0.0327826	-0.0971304	10.0876	34	-9.89821e-05	-0.00589165	0.99684	34	0	0
23	300740	-0.04	-0.0803478	10.119	34	-2.06828e-05	-0.00586875	0.996366	34	0	0
23	300750	-0.0366087	-0.0687826	10.1144	34	0	-0.00586211	0.996896	34	0	0
23	300760	-0.0389565	-0.0747826	10.0773	34	-0.000112278	-0.00564346	0.99674	34	0	0
23	300770	-0.0411304	-0.0855652	10.071	34	-0.000185407	-0.00579193	0.996966	34	0	0
23	300780	-0.035913	-0.102261	10.1013	34	-0.000163247	-0.00587466	0.99658	34	0	0
23	300790	-0.0283478	-0.095913	10.1061	34	-2.51149e-05	-0.00580966	0.996591	34	0	0
23	300800	-0.0401739	-0.08	10.0948	34	-0.000132961	-0.00597438	0.996251	34	0	0
23	300810	-0.0306087	-0.0791304	10.1122	34	-0.000291776	-0.00574613	0.996831	34	0	0
23	300820	-0.0396522	-0.071913	10.1174	34	-3.8411e-05	-0.00531623	0.996596	34	0	0
23	300830	-0.0423478	-0.0915652	10.1143	34	-0.00023933	-0.0057742	0.996524	34	0	0
23	300840	-0.0532174	-0.0845217	10.1003	33.9375	-3.69336e-06	-0.00595001	0.996689	33.9375	0	0
23	300850	-0.0309565	-0.0764348	10.1163	34	-0.000132222	-0.005608	0.996542	34	0	0
23	300860	-0.02	-0.0888696	10.116	34	-0.000263706	-0.0056863	0.996704	34	0	0
23	300870	-0.0467826	-0.0938261	10.0877	34	-0.000146996	-0.00553118	0.99664	34	0	0
23	300880	-0.0318261	-0.0873043	10.1232	34	-5.54004e-05	-0.00569664	0.996697	34	0	0
23	300890	-0.0358261	-0.0898261	10.1496	34	-0.000178759	-0.00571289	0.996595	34	0	0
23	300900	-0.0365217	-0.0726957	10.0989	34	2.06828e-05	-0.00564863	0.996881	34	0	0
23	300910	-0.0391304	-0.0718261	10.1356	34	-0.000155121	-0.00575943	0.996887	34	0	0
23	300920	-0.0441739	-0.0776522	10.101	34	-5.24457e-05	-0.00558806	0.997009	34	0	0
23	300930	-0.0366957	-0.109391	10.1149	34	2.06828e-05	-0.0058562	0.996393	34	0	0
23	300940	-0.0466956	-0.0895652	10.0937	34	-8.42087e-05	-0.00580818	0.996954	34	0	0
23	300950	-0.0538261	-0.0872174	10.1141	34	-0.000151428	-0.00603939	0.996432	34	0	0
23	300960	-0.046087	-0.096	10.1217	34	-0.000229727	-0.00581852	0.996655	34	0	0
23	300970	-0.0464348	-0.0869565	10.1129	34	-8.19926e-05	-0.00568556	0.996433	34	0	0
23	300980	-0.0343478	-0.0978261	10.1158	34	-0.000145518	-0.00595961	0.996556	34	0	0
23	300990	-0.0465217	-0.102609	10.0985	34	-8.93794e-05	-0.005543	0.996416	34	0	0
23	301000	-0.0385217	-0.108696	10.1056	34	-0.000295469	-0.00555629	0.996751	34	0	0
23	301010	-0.0351304	-0.0777391	10.1363	34	-8.49473e-05	-0.00541595	0.996593	34	0	0
23	301020	-0.0229565	-0.0786087	10.1159	34	5.61391e-05	-0.00558584	0.996643	34	0	0
23	301030	-0.0573913	-0.0892174	10.0935	34	-0.000186145	-0.00598546	0.996375	34	0	0
23	301040	-0.04	-0.0926087	10.1291	34	3.54563e-05	-0.00593819	0.996562	34	0	0
23	301050	-0.0393043	-0.0681739	10.119	34	3.69336e-06	-0.0059212	0.996512	34	0	0
23	301060	-0.0318261	-0.0804348	10.1069	34	-2.28988e-05	-0.00577273	0.996738	34	0	0
23	301070	-0.0366957	-0.0757391	10.1254	34	-0.000154383	-0.00558584	0.996563	34	0	0
23	301080	-0.0566087	-0.082	10.091	34	2.88082e-05	-0.00567153	0.996774	34	0	0
23	301090	-0.0453913	-0.102609	10.0814	34	-0.000110062	-0.00602461	0.9967	34	0	0
23	301100	-0.0553913	-0.0846087	10.0899	34	-3.39789e-05	-0.00558067	0.996499	34	0	0
23	301110	-0.0448696	-0.0862609	10.1036	34	-0.000103414	-0.00604973	0.996892	34	0	0
23	301120	-0.0303478	-0.0798261	10.1175	34	3.91496e-05	-0.00573431	0.996622	34	0	0
23	301130	-0.04	-0.0954783	10.0832	34	-0.000286605	-0.00597586	0.996598	34	0	0
23	301140	-0.0513043	-0.112435	10.0977	34	-0.000208306	-0.00590716	0.996782	34	0	0
23	301150	-0.0451304	-0.101652	10.0997	34	-0.000120404	-0.00610587	0.996217	34	0	0
23	301160	-0.0614783	-0.0753043	10.0953	34	-1.92055e-05	-0.00601279	0.996972	34	0	0
23	301170	-0.0529565	-0.0918261	10.137	34	-3.76723e-05	-0.0058429	0.996927	34	0	0
23	301180	-0.0357391	-0.0856522	10.1091	34	-3.98883e-05	-0.00568556	0.996202	34	0	0
23	301190	-0.0511304	-0.0832174	10.0789	34	-4.21043e-05	-0.00546692	0.996419	34	0	0
23	301200	-0.0535652	-0.0946087	10.124	34	0	-0.00550754	0.996629	34	0	0
23	301210	-0.049913	-0.0895652	10.1041	34	-3.6195e-05	-0.00586063	0.996647	34	0	0
23	301220	-0.0392174	-0.0803478	10.1117	34	-0.000117449	-0.00603939	0.996615	34	0	0
23	301230	-0.0357391	-0.0963478	10.1361	34	-2.14215e-05	-0.00592268	0.996917	34	0	0
23	301240	-0.0471304	-0.0924348	10.0985	34	-3.10242e-05	-0.00607706	0.996528	34	0	0
23	301250	-0.0632174	-0.0946957	10.1271	34	5.02297e-05	-0.00589756	0.996819	34	0	0
23	301260	-0.0473043	-0.0672174	10.1182	34	6.35258e-05	-0.00566045	0.996137	34	0	0
23	301270	-0.0491304	-0.0818261	10.127	34	1.84668e-05	-0.00546765	0.996584	34	0	0
23	301280	-0.0566087	-0.0592174	10.1265	34	2.28988e-05	-0.00563829	0.996744	34	0	0
23	301290	-0.024	-0.0984348	10.1157	34	-0.000108585	-0.00570477	0.996124	34	0	0
23	301300	-0.0364348	-0.0829565	10.1431	34	-6.79579e-05	-0.00579784	0.996976	34	0	0
23	301310	-0.0524348	-0.0858261	10.1197	34	9.60274e-06	-0.00603274	0.996452	34	0	0
23	301320	-0.04	-0.0809565	10.1081	34	-9.45501e-05	-0.00601206	0.996596	34	0	0
23	301330	-0.0198261	-0.0926957	10.1376	34	-3.02856e-05	-0.00592859	0.996805	34	0	0
23	301340	-0.0578261	-0.0749565	10.0988	34	-9.97208e-05	-0.00589756	0.996347	34	0	0
23	301350	-0.041913	-0.0754783	10.115	34	-0.000104891	-0.00575352	0.996238	34	0	0
23	301360	-0.0453043	-0.0935652	10.0826	34	-9.75048e-05	-0.00547135	0.996386	34	0	0
23	301370	-0.0373043	-0.0857391	10.1113	34	7.38672e-06	-0.00578602	0.996737	34	0	0
23	301380	-0.0426956	-0.0889565	10.1323	34	-0.000126313	-0.00597291	0.996711	34	0	0
23	301390	-0.0507826	-0.0826087	10.101	34	8.27313e-05	-0.00579267	0.996757	34	0	0
23	301400	-0.0357391	-0.0766957	10.144	34	-2.28988e-05	-0.005478	0.996367	34	0	0
23	301410	-0.0404348	-0.0807826	10.108	34	-0.000135916	-0.00584438	0.996332	34	0	0
23	301420	-0.0554783	-0.0785217	10.1151	34	-2.36375e-05	-0.00571437	0.996481	34	0	0
23	301430	-0.0464348	-0.0836522	10.085	34	-1.03414e-05	-0.00586284	0.996483	34	0	0
23	301440	-0.0434783	-0.0838261	10.0988	34	4.57977e-05	-0.0059308	0.996471	34	0	0
23	301450	-0.0377391	-0.0802609	10.1383	34	-8.7902e-05	-0.00589756	0.996809	34	0	0
23	301460	-0.0449565	-0.0893913	10.1271	34	-1.47734e-06	-0.00537827	0.996709	34	0	0
23	301470	-0.0461739	-0.0876522	10.1223	34	-5.90938e-06	-0.00586137	0.996947	34	0	0
23	301480	-0.0291304	-0.0842609	10.0983	34	-8.7902e-05	-0.00606155	0.996464	34	0	0
23	301490	-0.0583478	-0.084	10.0958	34	1.84668e-05	-0.00595296	0.996626	34	0	0
23	301500	-0.0473043	-0.0863478	10.128	34	-0.000139609	-0.00604899	0.996579	34	0	0
23	301510	-0.0466956	-0.0976522	10.1137	34	-5.09684e-05	-0.00582739	0.99649	34	0	0
23	301520	-0.0425217	-0.0971304	10.1461	34	-0.00023933	-0.00567374	0.99634	34	0	0
23	301530	-0.0407826	-0.0949565	10.0991	34	-0.000142564	-0.00555777	0.996573	34	0	0
23	301540	-0.0513913	-0.0945217	10.154	34	3.6195e-05	-0.00582739	0.996909	34	0	0
23	301550	-0.0344348	-0.0823478	10.0895	34	-0.000199442	-0.00587319	0.996745	34	0	0
23	301560	-0.0489565	-0.098087	10.109	34	-3.6195e-05	-0.00558141	0.996804	34	0	0
23	301570	-0.03	-0.0817391	10.1257	34	-0.000197964	-0.00579784	0.996884	34	0	0
23	301580	-0.0495652	-0.0829565	10.1024	34	-1.62508e-05	-0.00613541	0.996426	34	0	0
23	301590	-0.0617391	-0.0752174	10.1123	34	-2.80696e-05	-0.0057742	0.996427	34	0	0
23	301600	-0.0526957	-0.0905217	10.1441	34	-4.21043e-05	-0.00588057	0.996407	34	0	0
23	301610	-0.0552174	-0.08	10.0997	34	-6.72192e-05	-0.00561465	0.996889	34	0	0
23	301620	-0.0564348	-0.0995652	10.0994	34	-1.92055e-05	-0.00590864	0.996807	34	0	0
23	301630	-0.036087	-0.0887826	10.1277	34	-1.47734e-06	-0.00598546	0.996576	34	0	0
23	301640	-0.0509565	-0.0888696	10.0826	34	-8.93794e-05	-0.00623366	0.996547	34	0	0
23	301650	-0.0202609	-0.08	10.1244	34	-0.000152167	-0.00593893	0.997091	34	0	0
23	301660	-0.0444348	-0.0645217	10.1288	34	-4.35817e-05	-0.00578676	0.996827	34	0	0
23	301670	-0.0604348	-0.0733913	10.1152	34	-6.79579e-05	-0.00602683	0.996522	34	0	0
23	301680	-0.0536522	-0.0964348	10.0987	34	-0.000129268	-0.00602018	0.99655	34	0	0
23	301690	-0.06	-0.0888696	10.1051	34	-0.000135916	-0.00563386	0.996429	34	0	0
23	301700	-0.0429565	-0.102696	10.0839	34	-8.5686e-05	-0.00598694	0.996781	34	0	0
23	301710	-0.0335652	-0.102348	10.1104	34	-3.32403e-05	-0.00608149	0.996627	34	0	0
23	301720	-0.0325217	-0.0967826	10.1102	34	8.42087e-05	-0.00556885	0.996515	34	0	0
23	301730	-0.0429565	-0.074087	10.15	34	0.000151428	-0.0056996	0.996654	34	0	0
23	301740	-0.0629565	-0.0926957	10.0983	34	-0.000154383	-0.00596109	0.996436	34	0	0
23	301750	-0.0536522	-0.0834783	10.1042	34	-0.000108585	-0.00597808	0.99646	34	0	0
23	301760	-0.0368696	-0.0812174	10.0753	34	0	-0.00565823	0.996563	34	0	0
23	301770	-0.0343478	-0.0938261	10.0964	34	-4.65364e-05	-0.00570772	0.996217	34	0	0
23	301780	-0.0577391	-0.0895652	10.1049	34	5.90938e-05	-0.00560579	0.99645	34	0	0
23	301790	-0.0497391	-0.0888696	10.1101	34	3.54563e-05	-0.00569517	0.996646	34	0	0
23	301800	-0.0562609	-0.0985217	10.0964	34	-4.13657e-05	-0.00598177	0.996824	34	0	0
23	301810	-0.0514783	-0.101739	10.117	34	-0.000114494	-0.00585176	0.996367	34	0	0
23	301820	-0.0333913	-0.0915652	10.064	34	-0.000152167	-0.0059995	0.996542	34	0	0
23	301830	-0.0323478	-0.0810435	10.1059	34	4.21043e-05	-0.00595222	0.997048	34	0	0
23	301840	-0.0426087	-0.0828696	10.1001	34	-4.80137e-05	-0.00575278	0.996545	34	0	0
23	301850	-0.065913	-0.0854783	10.0872	34	7.38672e-06	-0.0058333	0.996494	34	0	0
23	301860	-0.0296522	-0.074087	10.0577	34	-5.98325e-05	-0.00596995	0.996622	34	0	0
23	301870	-0.041913	-0.0775652	10.1027	34	-3.69336e-05	-0.00618047	0.996472	34	0	0
23	301880	-0.0556522	-0.0805217	10.1306	34	4.80137e-05	-0.00559914	0.996436	34	0	0
23	301890	-0.0404348	-0.10313	10.0912	34	3.69336e-06	-0.00574687	0.996471	34	0	0
23	301900	-0.0564348	-0.0721739	10.0821	34	-4.57977e-05	-0.00570477	0.996646	34	0	0
23	301910	-0.0352174	-0.0872174	10.144	34	2.65922e-05	-0.0061657	0.99658	34	0	0
23	301920	-0.0526957	-0.0735652	10.0925	34	-0.000154383	-0.00576165	0.996574	34	0	0
23	301930	-0.0354783	-0.0887826	10.0838	34	0	-0.00583551	0.996468	34	0	0
23	301940	-0.0511304	-0.0829565	10.0877	34.0625	5.17071e-06	-0.00578011	0.99693	34.0625	0	0
23	301950	-0.0187826	-0.0861739	10.1371	34	3.54563e-05	-0.0061524	0.996519	34	0	0
23	301960	-0.0427826	-0.077913	10.1061	34	-3.69336e-05	-0.0062078	0.996446	34	0	0
23	301970	-0.0424348	-0.0727826	10.1044	34	-0.00011154	-0.00592046	0.996236	34	0	0
23	301980	-0.0455652	-0.0768696	10.0917	34	-0.000115233	-0.00575352	0.99649	34	0	0
23	301990	-0.0523478	-0.111478	10.0984	34	-0.000128529	-0.00574687	0.996839	34	0	0
23	302000	-0.0409565	-0.0750435	10.104	34	2.95469e-06	-0.00602683	0.996793	34	0	0
23	302010	-0.0306957	-0.0726957	10.1278	34	-9.0118e-05	-0.00580153	0.996644	34	0	0
23	302020	-0.0462609	-0.0744348	10.1212	34	-1.40348e-05	-0.00611325	0.996478	34	0	0
23	302030	-0.052087	-0.117304	10.1211	34	-2.73309e-05	-0.00592415	0.996976	34	0	0
23	302040	-0.0446957	-0.0806087	10.0937	34	-0.000259274	-0.00551271	0.996565	34	0	0
23	302050	-0.0427826	-0.0850435	10.0983	34	2.80696e-05	-0.0060187	0.99653	34	0	0
23	302060	-0.0530435	-0.060087	10.1317	34	-6.27872e-05	-0.00559544	0.996547	34	0	0
23	302070	-0.0574783	-0.0966956	10.1175	34	2.88082e-05	-0.00583182	0.996587	34	0	0
23	302080	-0.0311304	-0.0778261	10.0877	34	-0.000360472	-0.00583404	0.996523	34	0	0
23	302090	-0.0490435	-0.0763478	10.0833	34	-4.21043e-05	-0.00598546	0.996516	34	0	0
23	302100	-0.0505217	-0.0886956	10.1116	34	2.28988e-05	-0.0054322	0.996383	34	0	0
23	302110	-0.057913	-0.0762609	10.1094	34	-2.43762e-05	-0.00543072	0.99657	34	0	0
23	302120	-0.0416522	-0.084	10.1231	34	-7.60833e-05	-0.00602018	0.996415	34	0	0
23	302130	-0.0501739	-0.0973043	10.1074	34	-9.82434e-05	-0.00585546	0.996611	34	0	0
23	302140	-0.0386957	-0.0811304	10.1066	34	-4.13657e-05	-0.00591086	0.996683	34	0	0
23	302150	-0.052	-0.0868696	10.0713	34	-0.000115233	-0.00583256	0.996579	34	0	0
23	302160	-0.0553913	-0.086	10.1005	34	-3.39789e-05	-0.00619008	0.996989	34	0	0
23	302170	-0.0381739	-0.0832174	10.1031	34	-5.46618e-05	-0.00593893	0.996788	34	0	0
23	302180	-0.0602609	-0.061913	10.1116	34	-0.000123358	-0.00563755	0.996952	34	0	0
23	302190	-0.0382609	-0.0850435	10.1295	34	-3.47176e-05	-0.00601575	0.996906	34	0	0
23	302200	-0.0383478	-0.0827826	10.0976	34	0.000128529	-0.00576165	0.996491	34	0	0
23	302210	-0.0483478	-0.0885217	10.1035	34	-1.62508e-05	-0.00608444	0.996429	34	0	0
23	302220	-0.0444348	-0.0783478	10.127	34	3.47176e-05	-0.00562721	0.996703	34	0	0
23	302230	-0.0507826	-0.0932174	10.0931	34	-0.000151428	-0.00579636	0.996864	34	0	0
23	302240	-0.0411304	-0.0806956	10.1164	34	-0.000131484	-0.00568187	0.996921	34	0	0
23	302250	-0.0353913	-0.0718261	10.1279	34	-5.46618e-05	-0.00587983	0.996355	34	0	0
23	302260	-0.0446957	-0.0905217	10.1311	34.0625	0.000106369	-0.0058008	0.996568	34.0625	0	0
23	302270	-0.0486956	-0.0725217	10.1234	34	-0.000103414	-0.00599433	0.99657	34	0	0
23	302280	-0.04	-0.086	10.1123	34	-0.000177281	-0.0057417	0.996431	34	0	0
23	302290	-0.0547826	-0.0884348	10.1201	34	-0.000183191	-0.00574022	0.996496	34	0	0
23	302300	-0.0417391	-0.0737391	10.1174	34	-0.000138132	-0.00584216	0.996391	34	0	0
23	302310	-0.0290435	-0.0832174	10.114	34	-8.7902e-05	-0.00609036	0.996816	34	0	0
23	302320	-0.0456522	-0.0778261	10.1081	34	-0.000226034	-0.00590864	0.996833	34	0	0
23	302330	-0.043913	-0.0670435	10.1089	34	-3.69336e-05	-0.00593597	0.996474	34	0	0
23	302340	-0.0557391	-0.0576522	10.1256	34	3.98883e-05	-0.00621741	0.996312	34	0	0
23	302350	-0.0549565	-0.0927826	10.0966	34	-0.000104153	-0.00579267	0.996529	34	0	0
23	302360	-0.0590435	-0.0894783	10.1015	34	-0.000168417	-0.00586949	0.996608	34	0	0
23	302370	-0.0443478	-0.0741739	10.0917	34	-0.000253365	-0.00567818	0.996587	34	0	0
23	302380	-0.0473913	-0.0927826	10.0961	34	8.7902e-05	-0.00585102	0.99683	34	0	0
23	302390	-0.0412174	-0.0846957	10.1017	34	-0.000238591	-0.00560505	0.996499	34	0	0
23	302400	-0.0350435	-0.0922609	10.1217	34	3.39789e-05	-0.00565971	0.996532	34	0	0
23	302410	-0.0675652	-0.0889565	10.0971	34	-0.000230466	-0.00554743	0.996395	34	0	0
23	302420	-0.0354783	-0.0974783	10.105	34	-0.000113017	-0.00543441	0.996567	34	0	0
23	302430	-0.0506957	-0.0776522	10.0965	34	7.60833e-05	-0.0056767	0.996163	34	0	0
23	302440	-0.0662609	-0.0653913	10.1062	34	-9.97208e-05	-0.00565749	0.996548	34	0	0
23	302450	-0.0386957	-0.0677391	10.1079	34	-0.000158076	-0.00613246	0.996819	34	0	0
23	302460	-0.0351304	-0.0836522	10.1327	34	5.54004e-05	-0.00579636	0.996904	34	0	0
23	302470	-0.044087	-0.0826957	10.0937	34	-1.55121e-05	-0.00618786	0.996602	34	0	0
23	302480	-0.0472174	-0.0947826	10.1185	34	-0.000188361	-0.00608149	0.996535	34	0	0
23	302490	-0.0397391	-0.0769565	10.1526	34	4.2843e-05	-0.00587171	0.996666	34	0	0
23	302500	-0.0713044	-0.0833043	10.1049	34	-0.000268138	-0.00618047	0.996607	34	0	0
23	302510	-0.0533913	-0.0912174	10.1168	34	-3.17629e-05	-0.00597808	0.996129	34	0	0
23	302520	-0.0373043	-0.109913	10.0856	34	1.32961e-05	-0.00609479	0.996759	34	0	0
23	302530	-0.040087	-0.0816522	10.0775	34	2.21602e-06	-0.0059212	0.996705	34	0	0
23	302540	-0.0378261	-0.0826957	10.0824	34	-9.60274e-05	-0.00614502	0.996502	34	0	0
23	302550	-0.0254783	-0.06	10.102	34.0625	-0.0001337	-0.00592637	0.996702	34.0625	0	0
23	302560	-0.0487826	-0.0676522	10.1036	34	-6.27872e-05	-0.00554817	0.99655	34	0	0
23	302570	-0.0531304	-0.0847826	10.103	34	-1.32961e-05	-0.00550754	0.996921	34	0	0
23	302580	-0.0464348	-0.0941739	10.1458	34	-6.64805e-06	-0.00596774	0.99673	34	0	0
23	302590	-0.044	-0.0874783	10.123	34	-0.00014478	-0.00559323	0.99664	34	0	0
23	302600	-0.0361739	-0.0882609	10.0913	34	-6.72192e-05	-0.00580006	0.996281	34	0	0
23	302610	-0.0521739	-0.0775652	10.1122	34	2.88082e-05	-0.00614502	0.996971	34	0	0
23	302620	-0.0389565	-0.0717391	10.1384	34	-8.1254e-06	-0.00597808	0.99689	34	0	0
23	302630	-0.0414783	-0.0713913	10.0971	34	7.97766e-05	-0.00606598	0.99647	34	0	0
23	302640	-0.048	-0.0918261	10.1427	34	1.62508e-05	-0.00585398	0.996513	34	0	0
23	302650	-0.0453913	-0.0754783	10.1402	34	-8.347e-05	-0.00605047	0.996501	34	0	0
23	302660	-0.0467826	-0.0775652	10.1333	34	-0.000293253	-0.00583551	0.996747	34	0	0
23	302670	-0.0171304	-0.0748696	10.0977	34	-2.36375e-05	-0.00597143	0.996491	34	0	0
23	302680	-0.0362609	-0.0927826	10.1003	34	4.87524e-05	-0.00619303	0.996559	34	0	0
23	302690	-0.0486087	-0.0762609	10.0988	34	0	-0.00580523	0.996355	34	0	0
23	302700	-0.0324348	-0.0717391	10.1131	34	-0.000121142	-0.00586358	0.99666	34	0	0
23	302710	-0.0487826	-0.080087	10.1077	34	-0.000307288	-0.00571437	0.996602	34	0	0
23	302720	-0.0546957	-0.0883478	10.0875	34	-6.20485e-05	-0.0056767	0.996443	34	0	0
23	302730	-0.0378261	-0.0893044	10.0886	34	-0.000146257	-0.00597143	0.996382	34	0	0
23	302740	-0.0342609	-0.0708696	10.0945	34	0	-0.00651878	0.99648	34	0	0
23	302750	-0.0515652	-0.0746087	10.0532	34	5.61391e-05	-0.00566045	0.996802	34	0	0
23	302760	-0.0533043	-0.100087	10.0762	34.0625	-6.57418e-05	-0.00604825	0.99639	34.0625	0	0
23	302770	-0.0510435	-0.078087	10.1341	34	-6.50032e-05	-0.00583994	0.996652	34	0	0
23	302780	-0.034087	-0.0656522	10.1337	34.0625	9.82434e-05	-0.00579636	0.996663	34.0625	0	0
23	302790	-0.0412174	-0.0713044	10.1175	34	-8.90278e-06	-0.00601427	0.996425	34	0	0
23	302800	-0.0427826	-0.0873913	10.1068	34	-0.000274786	-0.0058658	0.996858	34	0	0
23	302810	-0.0394783	-0.098	10.0741	34	-2.21602e-05	-0.00598399	0.996506	34	0	0
23	302820	-0.0281739	-0.0946957	10.1149	34	-0.000252626	-0.00594484	0.996544	34	0	0
23	302830	-0.0277391	-0.089913	10.0818	34	-0.000121881	-0.00565528	0.996731	34	0	0
23	302840	-0.0458261	-0.0893913	10.125	34	-1.47734e-05	-0.00589313	0.996745	34	0	0
23	302850	-0.0413913	-0.0676522	10.1395	34	-3.69336e-05	-0.00588131	0.996409	34	0	0
23	302860	-0.0393043	-0.0868696	10.1168	34	7.75606e-05	-0.00574909	0.996417	34	0	0
23	302870	-0.0331304	-0.096	10.1083	34	-0.000409963	-0.00600319	0.996395	34	0	0
23	302880	-0.0407826	-0.0823478	10.0859	34.0625	-7.01739e-05	-0.00561243	0.996459	34.0625	0	0
23	302890	-0.0327826	-0.0878261	10.1148	34	-0.000334619	-0.00556516	0.996743	34	0	0
23	302900	-0.0451304	-0.0769565	10.1084	34	-0.000134438	-0.00584955	0.996715	34	0	0
23	302910	-0.0550435	-0.0898261	10.0885	34	-6.50032e-05	-0.00592637	0.99636	34	0	0
23	302920	-0.0429565	-0.0856522	10.108	34	-9.08567e-05	-0.00602018	0.996307	34	0	0
23	302930	-0.0504348	-0.0853913	10.1123	34	-4.80137e-05	-0.00577125	0.996658	34	0	0
23	302940	-0.0355652	-0.0797391	10.1148	34.0625	-0.000303594	-0.00570551	0.996769	34.0625	0	0
23	302950	-0.0463478	-0.0813043	10.1158	34	-0.000248933	-0.00591381	0.996955	34	0	0
23	302960	-0.029913	-0.0908696	10.0928	34.0625	-0.00020018	-0.00563238	0.996556	34.0625	0	0
23	302970	-0.0373043	-0.0837391	10.1057	34	-5.46618e-05	-0.00575943	0.996824	34	0	0
23	302980	-0.0432174	-0.102609	10.1049	34	-0.000162508	-0.00562868	0.996626	34	0	0
23	302990	-0.044087	-0.0768696	10.1137	34	-0.00030581	-0.00563533	0.99679	34	0	0
23	303000	-0.0451304	-0.0765217	10.1084	34	-0.000242285	-0.00591529	0.996288	34	0	0
23	303010	-0.0490435	-0.0737391	10.1064	34	-2.58535e-05	-0.00566931	0.997017	34	0	0
23	303020	-0.0465217	-0.084	10.1066	34	-6.64805e-05	-0.00605564	0.996467	34	0	0
23	303030	-0.0293913	-0.094087	10.1029	34	-0.000172849	-0.005755	0.996681	34	0	0
23	303040	-0.0427826	-0.0916522	10.1088	34	-0.000127052	-0.0059995	0.996655	34	0	0
23	303050	-0.055913	-0.086087	10.0883	34	-0.000321323	-0.00621076	0.996874	34	0	0
23	303060	-0.0496522	-0.0753043	10.1048	34	-0.000109324	-0.00569886	0.996211	34	0	0
23	303070	-0.0416522	-0.0864348	10.1392	34	-2.80696e-05	-0.00558215	0.996594	34	0	0
23	303080	-0.0473913	-0.0902609	10.0873	34	-0.000191316	-0.00564272	0.996792	34	0	0
23	303090	-0.0473043	-0.0923478	10.0941	34	-2.06828e-05	-0.00546765	0.996471	34	0	0
23	303100	-0.02	-0.072	10.0917	34	-4.7275e-05	-0.00596774	0.99652	34	0	0
23	303110	-0.0546087	-0.0888696	10.1507	34	-0.00035604	-0.00579267	0.996813	34	0	0
23	303120	-0.0366087	-0.0833913	10.0932	34	-4.57977e-05	-0.005792	0.996782	34	0	0
23	303130	-0.0317391	-0.086	10.1484	34	-0.00020018	-0.00577716	0.99683	34	0	0
23	303140	-0.0446087	-0.0858261	10.1124	34	-0.000284389	-0.00622849	0.996768	34	0	0
23	303150	-0.0238261	-0.070087	10.1168	34	-0.000323539	-0.00630531	0.996471	34	0	0
23	303160	-0.0424348	-0.0853043	10.1074	34	-0.000318368	-0.00578307	0.996584	34	0	0
23	303170	-0.028087	-0.0790435	10.126	34.0625	-0.000328709	-0.00559027	0.996686	34.0625	0	0
23	303180	-0.049913	-0.0858261	10.1019	34	-8.71634e-05	-0.00580818	0.996549	34	0	0
23	303190	-0.0391304	-0.0726087	10.0829	34	-0.000246717	-0.00580523	0.996369	34	0	0
23	303200	-0.032	-0.101478	10.0964	34	-0.000179497	-0.00589165	0.996671	34	0	0
23	303210	-0.0443478	-0.0861739	10.139	34	-0.000148473	-0.00587392	0.996601	34	0	0
23	303220	-0.0429565	-0.0843478	10.1044	34	-0.000327232	-0.00569443	0.996695	34	0	0
23	303230	-0.0269565	-0.0804348	10.1075	34	0.000142564	-0.00631122	0.996785	34	0	0
23	303240	-0.0423478	-0.0831304	10.1332	34	-0.0001891	-0.00555039	0.996788	34	0	0
23	303250	-0.0271304	-0.0706957	10.1239	34	-0.000118188	-0.00587171	0.996313	34	0	0
23	303260	-0.0350435	-0.0935652	10.1169	34	-0.000224556	-0.00565084	0.997011	34	0	0
23	303270	-0.0433913	-0.0872174	10.1083	34	-0.000282912	-0.00592268	0.996368	34	0	0
23	303280	-0.044	-0.0862609	10.1185	34	-7.38672e-06	-0.00602018	0.996552	34	0	0
23	303290	-0.0423478	-0.097913	10.1208	34	-0.000125574	-0.00620042	0.996478	34	0	0
23	303300	-0.0337391	-0.0949565	10.118	34	-0.000316891	-0.00609996	0.996482	34	0	0
23	303310	-0.0308696	-0.0789565	10.0722	34	-0.0001891	-0.00611916	0.996327	34	0	0
23	303320	-0.0306957	-0.0864348	10.113	34	-2.28988e-05	-0.00563829	0.99636	34	0	0
23	303330	-0.0232174	-0.08	10.1131	34.0625	-2.95469e-06	-0.00576903	0.996761	34.0625	0	0
23	303340	-0.0455652	-0.0927826	10.1183	34.0625	-0.000170633	-0.00570994	0.996584	34.0625	0	0
23	303350	-0.0416522	-0.0855652	10.1311	34	-0.000299162	-0.00602905	0.996776	34	0	0
23	303360	-0.0298261	-0.0802609	10.127	34.0625	-0.000155121	-0.00594853	0.996139	34.0625	0	0
23	303370	-0.0498261	-0.0897391	10.0997	34	-0.000112278	-0.00589091	0.996319	34	0	0
23	303380	-0.036087	-0.0815652	10.1005	34	0	-0.00620116	0.996519	34	0	0
23	303390	-0.0575652	-0.0886956	10.0858	34	-0.000118926	-0.00609109	0.996542	34	0	0
23	303400	-0.0488696	-0.062	10.129	34	-0.000267399	-0.00568778	0.996354	34	0	0
23	303410	-0.0327826	-0.0827826	10.0961	34	-0.000339051	-0.0060453	0.996691	34	0	0
23	303420	-0.0316522	-0.0815652	10.1274	34.0625	-8.1254e-06	-0.00551123	0.996982	34.0625	0	0
23	303430	-0.0642609	-0.102261	10.1351	34	-7.38672e-05	-0.00568556	0.996528	34	0	0
23	303440	-0.0449565	-0.0853043	10.1177	34	-0.00022234	-0.00582517	0.996471	34	0	0
23	303450	-0.0262609	-0.0965217	10.1242	34.0625	-0.000169156	-0.00575943	0.996513	34.0625	0	0
23	303460	-0.0463478	-0.0726957	10.1421	34	-0.00019501	-0.00592415	0.996377	34	0	0
23	303470	-0.0368696	-0.0757391	10.0944	34	-0.000315413	-0.00584585	0.996525	34	0	0
23	303480	-0.035913	-0.095913	10.1021	34.0625	-0.000220124	-0.00600762	0.996766	34.0625	0	0
23	303490	-0.0444348	-0.0833043	10.1158	34.0625	-8.7902e-05	-0.00569147	0.996621	34.0625	0	0
23	303500	-0.026087	-0.072087	10.125	34.0625	-0.000215692	-0.00592489	0.99681	34.0625	0	0
23	303510	-0.0130435	-0.0842609	10.1323	34	-0.000200919	-0.0058658	0.996421	34	0	0
23	303520	-0.0507826	-0.0883478	10.1372	34.0625	-0.000313936	-0.00596183	0.996541	34.0625	0	0
23	303530	-0.0349565	-0.076	10.115	34.0625	-0.000344221	-0.00583921	0.996503	34.0625	0	0
23	303540	-0.055913	-0.0916522	10.1133	34.0625	-0.00012779	-0.00608149	0.996577	34.0625	0	0
23	303550	-0.0394783	-0.0922609	10.1082	34.0625	-0.000142564	-0.00589535	0.996619	34.0625	0	0
23	303560	-0.0510044	-0.0817391	10.1051	34.0625	-0.000152905	-0.00571732	0.996829	34.0625	0	0
23	303570	-0.0398261	-0.0846957	10.1506	34	-0.000273309	-0.0057779	0.996782	34	0	0
23	303580	-0.0462609	-0.0890435	10.0792	34	-0.000386326	-0.00582369	0.996576	34	0	0
23	303590	-0.0333043	-0.0745217	10.1395	34.0625	-0.000119665	-0.00582886	0.996882	34.0625	0	0
23	303600	-0.0406957	-0.0787826	10.0566	34.0625	9.52887e-05	-0.00568408	0.996389	34.0625	0	0
23	303610	-0.0304348	-0.0770435	10.1458	34.0625	0	-0.00592194	0.996486	34.0625	0	0
23	303620	-0.0435652	-0.0710435	10.093	34.0625	-0.000160292	-0.00605785	0.996542	34.0625	0	0
23	303630	-0.0597391	-0.0954783	10.0886	34.0625	-5.83551e-05	-0.00616348	0.996637	34.0625	0	0
23	303640	-0.0111304	-0.10287	10.1094	34.0625	-0.000287344	-0.00575869	0.996751	34.0625	0	0
23	303650	-0.036	-0.0934783	10.1042	34.0625	-6.79579e-05	-0.00583108	0.996682	34.0625	0	0
23	303660	-0.0306957	-0.0821739	10.1019	34.0625	-3.54563e-05	-0.0058296	0.99626	34.0625	0	0
23	303670	-0.0397391	-0.0881739	10.1125	34.0625	-3.8411e-05	-0.00569147	0.996487	34.0625	0	0
23	303680	-0.0411304	-0.0801747	10.1264	34	-0.000469057	-0.00550163	0.996604	34	0	0
23	303690	-0.0373043	-0.065913	10.103	34	-5.17071e-06	-0.00602461	0.996762	34	0	0
23	303700	-0.0142609	-0.0884348	10.0969	34	-7.9038e-05	-0.00596995	0.99646	34	0	0
23	303710	-0.0492174	-0.094	10.1143	34	-2.21602e-05	-0.00604086	0.996625	34	0	0
23	303720	-0.0429565	-0.0837391	10.1257	34.0625	-0.000318368	-0.00568261	0.996596	34.0625	0	0
23	303730	-0.0298261	-0.0817391	10.1586	34.0625	-0.000344221	-0.00578898	0.996327	34.0625	0	0
23	303740	-0.0427826	-0.104522	10.0819	34	-0.000238591	-0.00548834	0.996378	34	0	0
23	303750	-0.0458261	-0.0696522	10.1227	34.0625	-0.000401838	-0.00593523	0.996902	34.0625	0	0
23	303760	-0.0353043	-0.102	10.0846	34.0625	-0.000254842	-0.00600836	0.996861	34.0625	0	0
23	303770	-0.039913	-0.0801739	10.1061	34	-0.00012262	-0.00577863	0.996491	34	0	0
23	303780	-0.0388696	-0.0666957	10.1117	34	-1.47734e-05	-0.00556959	0.996548	34	0	0
23	303790	-0.0509565	-0.0790435	10.1483	34	-6.57418e-05	-0.00592859	0.99653	34	0	0
23	303800	-0.050087	-0.0984348	10.1015	34	-0.000227511	-0.00602609	0.99655	34	0	0
23	303810	-0.0429565	-0.0938261	10.1374	34.0625	-0.000137393	-0.0060091	0.996567	34.0625	0	0
23	303820	-0.0286957	-0.0647826	10.1047	34	-0.000197226	-0.00602757	0.996513	34	0	0
23	303830	-0.02	-0.0938261	10.1341	34	-8.05153e-05	-0.00562942	0.996498	34	0	0
23	303840	-0.0433913	-0.0807826	10.0956	34.0625	-3.98883e-05	-0.00591677	0.996847	34.0625	0	0
23	303850	-0.0225217	-0.0750435	10.0937	34	-6.05711e-05	-0.0059862	0.996418	34	0	0
23	303860	-0.0478261	-0.0835652	10.0856	34	-9.23341e-05	-0.00595222	0.99639	34	0	0
23	303870	-0.0478261	-0.100522	10.1277	34	-0.00011671	-0.00608592	0.996579	34	0	0
23	303880	-0.0190435	-0.104609	10.1008	34.0625	-8.7902e-05	-0.00569886	0.996824	34.0625	0	0
23	303890	-0.0202609	-0.0834783	10.1429	34	-7.75606e-05	-0.00567596	0.996852	34	0	0
23	303900	-0.0372174	-0.0790435	10.1147	34.0625	-0.000262229	-0.00546322	0.996556	34.0625	0	0
23	303910	-0.04	-0.101043	10.117	34	-0.000159553	-0.00578085	0.996457	34	0	0
23	303920	-0.0411304	-0.0924348	10.1212	34	-1.10801e-05	-0.00588426	0.996553	34	0	0
23	303930	-0.0293043	-0.0830435	10.0825	34	-0.000200919	-0.00601206	0.996454	34	0	0
23	303940	-0.0543478	-0.0918261	10.1277	34	-0.000156599	-0.00604086	0.997028	34	0	0
23	303950	-0.0535652	-0.0769565	10.1319	34.0625	-9.08567e-05	-0.005608	0.996971	34.0625	0	0
23	303960	-0.0475652	-0.074087	10.085	34	-0.000152167	-0.00552084	0.996607	34	0	0
23	303970	-0.0457391	-0.084	10.0878	34	-0.000104153	-0.00605933	0.996537	34	0	0
23	303980	-0.060087	-0.0871304	10.0662	34.0625	-0.000253365	-0.00560505	0.996607	34.0625	0	0
23	303990	-0.0476522	-0.0646087	10.1034	34.0625	-9.15954e-05	-0.00564789	0.9964	34.0625	0	0
23	304000	-0.0337391	-0.0876522	10.1053	34.0625	-0.000130745	-0.00526821	0.996822	34.0625	0	0
23	304010	-0.0445217	-0.0974783	10.0979	34.0625	-0.000424737	-0.00565454	0.996784	34.0625	0	0
23	304020	-0.0311304	-0.0850435	10.0918	34.0625	-0.000267399	-0.00588722	0.996288	34.0625	0	0
23	304030	-0.0494783	-0.0930435	10.1263	34.0625	-0.00029473	-0.00600541	0.996334	34.0625	0	0
23	304040	-0.0382609	-0.0833913	10.1145	34.0625	-0.000358995	-0.0056996	0.996197	34.0625	0	0
23	304050	-0.0344348	-0.0706087	10.1257	34.0625	-0.000180975	-0.00559988	0.996798	34.0625	0	0
23	304060	-0.0458261	-0.0898261	10.1175	34.0625	-7.38672e-07	-0.00601353	0.996846	34.0625	0	0
23	304070	-0.0662609	-0.0992174	10.1234	34	-0.000211999	-0.00567005	0.996515	34	0	0
23	304080	-0.0595652	-0.0808696	10.1329	34.0625	-0.000124097	-0.00536719	0.996084	34.0625	0	0
23	304090	-0.0414783	-0.0962609	10.0859	34.0625	-0.000193532	-0.00572914	0.996511	34.0625	0	0
23	304100	-0.0482609	-0.0753913	10.0783	34.0625	-9.38114e-05	-0.00559618	0.996544	34.0625	0	0
23	304110	-0.0358261	-0.0916522	10.1165	34.0625	5.02297e-05	-0.0056959	0.996867	34.0625	0	0
23	304120	-0.0364348	-0.104087	10.138	34.0625	-0.00022825	-0.00535611	0.996779	34.0625	0	0
23	304130	-0.0508696	-0.111826	10.1115	34.0625	-0.000316891	-0.00585176	0.996581	34.0625	0	0
23	304140	-0.0493913	-0.0913913	10.1288	34.0625	-0.00014478	-0.00552527	0.996673	34.0625	0	0
23	304150	-0.051913	-0.0908696	10.0871	34.0625	-0.000161769	-0.00583477	0.996485	34.0625	0	0
23	304160	-0.0411304	-0.0847826	10.103	34	-3.17629e-05	-0.00572693	0.996932	34	0	0
23	304170	-0.0413043	-0.0850435	10.0767	34	-0.000268877	-0.00577494	0.996524	34	0	0
23	304180	-0.0406087	-0.0790435	10.1059	34	-0.000243023	-0.00554152	0.996822	34	0	0
23	304190	-0.0427826	-0.0610435	10.1174	34.0625	-0.000264445	-0.0054285	0.996669	34.0625	0	0
23	304200	-0.0474783	-0.0696522	10.1074	34	-2.58535e-05	-0.00582591	0.996307	34	0	0
23	304210	-0.0377391	-0.0883478	10.128	34	0	-0.00609109	0.99659	34	0	0
23	304220	-0.0555652	-0.0787826	10.0831	34.0625	-0.000158076	-0.00583108	0.996888	34.0625	0	0
23	304230	-0.0527826	-0.0838261	10.0932	34	-0.000292514	-0.00571289	0.996598	34	0	0
23	304240	-0.0364348	-0.0790435	10.099	34	-2.14215e-05	-0.00563533	0.996768	34	0	0
23	304250	-0.0358261	-0.0917391	10.0978	34	-3.69336e-05	-0.00565232	0.996779	34	0	0
23	304260	-0.038	-0.0871304	10.1243	34	-0.000258535	-0.00602757	0.996615	34	0	0
23	304270	-0.0465217	-0.0853043	10.1109	34	-9.97208e-05	-0.00537975	0.99646	34	0	0
23	304280	-0.0292174	-0.0833043	10.1098	34	-0.00013887	-0.00567891	0.996462	34	0	0
23	304290	-0.0349565	-0.089913	10.1092	34.0625	-0.000226772	-0.00587836	0.996451	34.0625	0	0
23	304300	-0.0217391	-0.085913	10.075	34	1.62508e-05	-0.00575204	0.996861	34	0	0
23	304310	-0.0445217	-0.0952174	10.069	34.0625	-0.000120404	-0.00589313	0.996595	34.0625	0	0
23	304320	-0.0309565	-0.0747826	10.1029	34	-0.000178759	-0.00574096	0.996451	34	0	0
23	304330	-0.0626087	-0.0753913	10.0995	34	1.92055e-05	-0.00582443	0.996336	34	0	0
23	304340	-0.0365217	-0.0954783	10.1133	34	-0.0001891	-0.00579636	0.996589	34	0	0
23	304350	-0.0362609	-0.0868696	10.113	34.0625	-4.2843e-05	-0.00591972	0.996858	34.0625	0	0
23	304360	-0.0354783	-0.0626087	10.0938	34	-0.000181713	-0.00579119	0.996544	34	0	0
23	304370	-0.0332174	-0.0874783	10.1146	34	-6.79579e-05	-0.00550089	0.996556	34	0	0
23	304380	-0.0281739	-0.1	10.1269	34	-6.79579e-05	-0.0060645	0.996567	34	0	0
23	304390	-0.0364348	-0.0783478	10.1371	34.0625	-0.000102675	-0.00592415	0.996969	34.0625	0	0
23	304400	-0.0261739	-0.070087	10.1232	34.0625	4.21043e-05	-0.00589165	0.99674	34.0625	0	0
23	304410	-0.0546957	-0.083913	10.0904	34.0625	2.73309e-05	-0.00555186	0.996996	34.0625	0	0
23	304420	-0.0511304	-0.0730435	10.1034	34	-7.75606e-05	-0.00569812	0.996658	34	0	0
23	304430	-0.0333913	-0.0868696	10.15	34.0625	-0.000299901	-0.00560283	0.996678	34.0625	0	0
23	304440	-0.046087	-0.0926087	10.1091	34	-6.05711e-05	-0.0055297	0.996793	34	0	0
23	304450	-0.0436522	-0.0806956	10.1382	34	-7.38672e-07	-0.0054418	0.996764	34	0	0
23	304460	-0.060087	-0.0794783	10.1317	34	-0.000119665	-0.00558584	0.996104	34	0	0
23	304470	-0.0573913	-0.0896522	10.1195	34.0625	-0.000196487	-0.00585029	0.996768	34.0625	0	0
23	304480	-0.0288696	-0.09	10.1005	34	-0.000321323	-0.00546101	0.996457	34	0	0
23	304490	-0.0376522	-0.0802609	10.1257	34	-1.77281e-05	-0.00542186	0.99629	34	0	0
23	304500	-0.0368696	-0.0705217	10.0953	34.0625	-2.43762e-05	-0.00592046	0.996386	34.0625	0	0
23	304510	-0.0418261	-0.0825217	10.1024	34	-4.94911e-05	-0.00618047	0.99676	34	0	0
23	304520	-0.0546087	-0.0815652	10.0883	34	-7.46059e-05	-0.00544032	0.996709	34	0	0
23	304530	-0.0102609	-0.109565	10.0984	34	-0.000190577	-0.0059212	0.996613	34	0	0
23	304540	-0.0422609	-0.086087	10.1794	34	-1.92055e-05	-0.00599063	0.996752	34	0	0
23	304550	-0.0538261	-0.0925217	10.112	34	-2.73309e-05	-0.00572914	0.996618	34	0	0
23	304560	-0.0316522	-0.067913	10.102	34	-1.18188e-05	-0.00579341	0.996436	34	0	0
23	304570	-0.0471304	-0.0956522	10.0783	34.0625	-6.64805e-06	-0.00576312	0.996462	34.0625	0	0
23	304580	-0.044087	-0.0955652	10.127	34.0625	-8.86407e-05	-0.00571215	0.996843	34.0625	0	0
23	304590	-0.0455652	-0.0931304	10.1092	34	-4.94911e-05	-0.0061753	0.996838	34	0	0
23	304600	-0.0293043	-0.0771304	10.1243	34	9.45501e-05	-0.00619599	0.996808	34	0	0
23	304610	-0.0262609	-0.0677391	10.0751	34	8.42087e-05	-0.00560135	0.996343	34	0	0
23	304620	-0.052087	-0.0785217	10.0776	34	-0.000110801	-0.00542777	0.996599	34	0	0
23	304630	-0.0352174	-0.0830435	10.1169	34	-5.31844e-05	-0.00577863	0.996666	34	0	0
23	304640	-0.0475652	-0.101739	10.1016	34	3.6195e-05	-0.00584216	0.996347	34	0	0
23	304650	-0.0365217	-0.0814783	10.1086	34	6.72192e-05	-0.00570477	0.996525	34	0	0
23	304660	-0.0463478	-0.0883478	10.1314	34	-0.000141086	-0.00547652	0.996622	34	0	0
23	304670	-0.044087	-0.082	10.1162	34	-6.94352e-05	-0.00577346	0.996567	34	0	0
23	304680	-0.0632174	-0.0993913	10.1388	34	-0.000223818	-0.00559618	0.996788	34	0	0
23	304690	-0.0476522	-0.0841739	10.1213	34	-5.31844e-05	-0.00575574	0.996736	34	0	0
23	304700	-0.0378261	-0.0828696	10.1149	34	-0.000174327	-0.00592859	0.996585	34	0	0
23	304710	-0.0309565	-0.0892174	10.1456	34.0625	-8.19926e-05	-0.00614871	0.996607	34.0625	0	0
23	304720	-0.0365217	-0.0835652	10.1322	34	8.5686e-05	-0.00574318	0.996507	34	0	0
23	304730	-0.0565217	-0.0725217	10.1118	34	-2.21602e-06	-0.00594853	0.99631	34	0	0
23	304740	-0.0518261	-0.0874783	10.1343	34	-0.000176543	-0.00573136	0.996519	34	0	0
23	304750	-0.0227826	-0.0827826	10.1334	34	-7.16512e-05	-0.0054972	0.996596	34	0	0
23	304760	-0.0346087	-0.0813913	10.1109	34	3.47176e-05	-0.00560209	0.996625	34	0	0
23	304770	-0.033913	-0.0824348	10.0857	34	-9.0118e-05	-0.00568556	0.996846	34	0	0
23	304780	-0.052	-0.0983478	10.1041	34	-6.35258e-05	-0.0058008	0.996311	34	0	0
23	304790	-0.0297391	-0.0886087	10.1282	34	-5.54004e-05	-0.00606819	0.99681	34	0	0
23	304800	-0.0451304	-0.0694783	10.1111	34	-3.32403e-05	-0.00579341	0.996685	34	0	0
23	304810	-0.0293043	-0.100348	10.0974	34	0	-0.00600688	0.996531	34	0	0
23	304820	-0.032087	-0.0841739	10.1015	34	-3.10242e-05	-0.00571068	0.996813	34	0	0
23	304830	-0.05	-0.0901739	10.1327	34	-0.000186884	-0.00588648	0.996693	34	0	0
23	304840	-0.0468696	-0.105304	10.1103	34	-2.58535e-05	-0.00641242	0.996861	34	0	0
23	304850	-0.042087	-0.074	10.1133	34	-3.76723e-05	-0.00563976	0.996381	34	0	0
23	304860	-0.0328696	-0.0750435	10.1066	34	4.65364e-05	-0.00582369	0.996774	34	0	0
23	304870	-0.0245217	-0.0858261	10.1427	34	1.40348e-05	-0.00593376	0.996658	34	0	0
23	304880	-0.043913	-0.102522	10.0793	34	-8.86407e-06	-0.005755	0.996757	34	0	0
23	304890	-0.058087	-0.075913	10.1127	34	2.95469e-06	-0.0058983	0.996778	34	0	0
23	304900	-0.0469565	-0.0883478	10.1237	34	0	-0.00612507	0.996386	34	0	0
23	304910	-0.0506087	-0.0825217	10.101	34	-0.000153644	-0.0057646	0.996681	34	0	0
23	304920	-0.0355652	-0.0933913	10.1024	34	1.69895e-05	-0.00613024	0.996607	34	0	0
23	304930	-0.0356522	-0.102	10.0768	34	1.92055e-05	-0.00576017	0.996832	34	0	0
23	304940	-0.0573043	-0.0916522	10.1159	34	7.38672e-07	-0.00588057	0.996525	34	0	0
23	304950	-0.0296522	-0.0842609	10.0833	34	-4.35817e-05	-0.00577937	0.996695	34	0	0
23	304960	-0.0305217	-0.0816522	10.1396	34	4.94911e-05	-0.00601427	0.997321	34	0	0
23	304970	-0.0466087	-0.0749565	10.1403	34	-7.9038e-05	-0.0060187	0.996894	34	0	0
23	304980	-0.0488696	-0.101391	10.1117	34	-1.10801e-05	-0.0058658	0.99664	34	0	0
23	304990	-0.0487826	-0.0826957	10.1033	34	-1.62508e-05	-0.00586063	0.996573	34	0	0
23	305000	-0.0422609	-0.0881739	10.1195	34	-8.1254e-05	-0.00588796	0.996748	34	0	0
23	305010	-0.0442609	-0.0893044	10.1285	34	-0.000185407	-0.00561243	0.996732	34	0	0
23	305020	-0.0305217	-0.0993043	10.0805	34	7.60833e-05	-0.00586506	0.996674	34	0	0
23	305030	-0.0532174	-0.0864348	10.0897	34	-0.000375246	-0.00548169	0.996624	34	0	0
23	305040	-0.0437391	-0.102609	10.1223	34	0.000141086	-0.00570698	0.996812	34	0	0
23	305050	-0.0331304	-0.108957	10.0914	34	-0.000137393	-0.00602978	0.996411	34	0	0
23	305060	-0.0346087	-0.0947826	10.0903	34	-3.8411e-05	-0.00578454	0.996809	34	0	0
23	305070	-0.0451304	-0.0821739	10.1159	34	-6.20485e-05	-0.00575057	0.996587	34	0	0
23	305080	-0.0369565	-0.0886956	10.1087	34	-8.1254e-06	-0.00604677	0.996576	34	0	0
23	305090	-0.0262609	-0.0675652	10.1226	34	-3.39789e-05	-0.00602757	0.996788	34	0	0
23	305100	-0.0193043	-0.10087	10.0664	34	-0.000192055	-0.00570625	0.996711	34	0	0
23	305110	-0.0489565	-0.0969565	10.1265	34	-0.000128529	-0.00588648	0.996771	34	0	0
23	305120	-0.0481739	-0.0962609	10.1228	34	-5.39231e-05	-0.00572988	0.996737	34	0	0
23	305130	-0.0417391	-0.0771304	10.0976	34	-0.000432123	-0.00585102	0.996576	34	0	0
23	305140	-0.0533043	-0.0936522	10.1112	34	-9.0118e-05	-0.00562573	0.996612	34	0	0
23	305150	-0.054087	-0.0786087	10.0978	34.0625	-7.16512e-05	-0.00590864	0.996666	34.0625	0	0
23	305160	-0.0367826	-0.0925217	10.1212	34	-5.90938e-05	-0.00575721	0.996544	34	0	0
23	305170	-0.0553043	-0.0915652	10.0938	34	-2.21602e-06	-0.006032	0.996522	34	0	0
23	305180	-0.0373913	-0.0818261	10.0801	34	-5.39231e-05	-0.00595444	0.996668	34	0	0
23	305190	-0.0543478	-0.090087	10.1097	34	-0.000128529	-0.0059995	0.996502	34	0	0
23	305200	-0.0555652	-0.0794783	10.12	34	5.90938e-06	-0.00593597	0.996624	34	0	0
23	305210	-0.055913	-0.0707826	10.1141	34	1.47734e-05	-0.00568778	0.996868	34	0	0
23	305220	-0.0573913	-0.0933043	10.099	34	6.35258e-05	-0.00580523	0.996764	34	0	0
23	305230	-0.0437391	-0.100522	10.1317	34	-0.000166201	-0.00596183	0.996598	34	0	0
23	305240	-0.0508696	-0.0844348	10.0989	34	-8.05153e-05	-0.00582074	0.996593	34	0	0
23	305250	-0.0468696	-0.0804348	10.1437	34	5.17071e-06	-0.00602092	0.996976	34	0	0
23	305260	-0.0369565	-0.0924348	10.1305	34	-1.03414e-05	-0.00600171	0.996928	34	0	0
23	305270	-0.0365217	-0.0967826	10.1255	34	-0.000127052	-0.00610734	0.996726	34	0	0
23	305280	-0.0489565	-0.0749565	10.1191	34	0.000109324	-0.00559101	0.996534	34	0	0
23	305290	-0.0493043	-0.078087	10.0904	34.0625	-0.000164724	-0.0054514	0.996515	34.0625	0	0
23	305300	-0.059913	-0.092	10.084	34	-6.20485e-05	-0.0061886	0.996457	34	0	0
23	305310	-0.046	-0.087913	10.0948	34	-4.57977e-05	-0.00574022	0.996747	34	0	0
23	305320	-0.0381739	-0.0969565	10.1283	34	-2.95469e-05	-0.00587097	0.996917	34	0	0
23	305330	-0.0549565	-0.111739	10.135	34	0.000102675	-0.00593228	0.996667	34	0	0
23	305340	-0.0293043	-0.076087	10.1133	34	3.17629e-05	-0.00556073	0.996667	34	0	0
23	305350	-0.0493043	-0.0746957	10.166	34	-2.65922e-05	-0.00568113	0.99665	34	0	0
23	305360	-0.0653913	-0.0794783	10.0863	34.0625	3.32403e-05	-0.00593819	0.996618	34.0625	0	0
23	305370	-0.0446957	-0.097913	10.0956	34	4.0627e-05	-0.00585324	0.996876	34	0	0
23	305380	-0.0394783	-0.0811304	10.1336	34	-8.27313e-05	-0.00551419	0.996653	34	0	0
23	305390	-0.031913	-0.0893913	10.135	34	8.86407e-06	-0.00598325	0.997057	34	0	0
23	305400	-0.0405217	-0.0769565	10.0937	34	7.9038e-05	-0.00616348	0.996857	34	0	0
23	305410	-0.0516522	-0.0973913	10.0949	34	1.92055e-05	-0.00559618	0.996742	34	0	0
23	305420	-0.0418261	-0.0866087	10.0853	34	-6.64805e-05	-0.00575943	0.996618	34	0	0
23	305430	-0.0445217	-0.0647826	10.132	34	-8.19926e-05	-0.0057225	0.996333	34	0	0
23	305440	-0.0295652	-0.0695652	10.0598	34	1.84668e-05	-0.00528372	0.996528	34	0	0
23	305450	-0.01	-0.096	10.0971	34.0625	-0.000110062	-0.00574687	0.996527	34.0625	0	0
23	305460	-0.0536522	-0.092	10.0887	34	1.47734e-06	-0.00563903	0.996416	34	0	0
23	305470	-0.058087	-0.08	10.112	34	-1.55121e-05	-0.00572397	0.996432	34	0	0
23	305480	-0.0566087	-0.0842609	10.1013	34	-0.000172849	-0.00571659	0.99685	34	0	0
23	305490	-0.0353043	-0.0637391	10.0944	34	-7.46059e-05	-0.0059537	0.996636	34	0	0
23	305500	-0.0574783	-0.0873913	10.0966	34	3.69336e-06	-0.00602757	0.996495	34	0	0
23	305510	-0.0366957	-0.0888696	10.0807	34	-0.000104891	-0.00573801	0.996499	34	0	0
23	305520	-0.0288696	-0.0741739	10.0877	34	-2.88082e-05	-0.00629571	0.996618	34	0	0
23	305530	-0.0557391	-0.0846087	10.094	34	-0.000117449	-0.0060549	0.99687	34	0	0
23	305540	-0.0524348	-0.0765217	10.0936	34	-2.80696e-05	-0.00612433	0.997009	34	0	0
23	305550	-0.0514783	-0.0747826	10.1292	34	-2.58535e-05	-0.00577642	0.996488	34	0	0
23	305560	-0.0414783	-0.0823478	10.1154	34	-3.69336e-05	-0.00584216	0.996743	34	0	0
23	305570	-0.0348696	-0.106174	10.091	34	-3.32403e-05	-0.00548317	0.9964	34	0	0
23	305580	-0.0406087	-0.102609	10.0546	34	-7.38672e-06	-0.00605564	0.996818	34	0	0
23	305590	-0.0305217	-0.0807826	10.1165	34	-6.94352e-05	-0.00577125	0.996669	34	0	0
23	305600	-0.0482609	-0.0722609	10.099	34	-2.80696e-05	-0.00575352	0.996757	34	0	0
23	305610	-0.0345217	-0.0828696	10.1028	34	-0.000101198	-0.00573358	0.996542	34	0	0
23	305620	-0.0441739	-0.0830435	10.162	34	-4.35817e-05	-0.00562647	0.996909	34	0	0
23	305630	-0.0583478	-0.0653043	10.1019	34	-8.1254e-05	-0.00612212	0.996516	34	0	0
23	305640	-0.0492174	-0.0884348	10.0969	34	2.21602e-05	-0.00568852	0.99667	34	0	0
23	305650	-0.0353043	-0.0766087	10.0951	34	-3.39789e-05	-0.00584659	0.996615	34	0	0
23	305660	-0.0364348	-0.105913	10.123	34	-0.000124836	-0.00573431	0.99672	34	0	0
23	305670	-0.0505217	-0.104	10.129	34	-1.84668e-05	-0.00584364	0.996838	34	0	0
23	305680	-0.0615652	-0.0824348	10.1229	34	3.54563e-05	-0.00586654	0.996642	34	0	0
23	305690	-0.0568696	-0.0825217	10.1329	34	-3.32403e-05	-0.00574244	0.996737	34	0	0
23	305700	-0.0389565	-0.0834783	10.0857	34	-0.000119665	-0.005755	0.996835	34	0	0
23	305710	-0.0476522	-0.0827826	10.128	34	-0.000173588	-0.00563016	0.996733	34	0	0
23	305720	-0.0432174	-0.0601739	10.1157	34	-3.54563e-05	-0.00600762	0.99691	34	0	0
23	305730	-0.0543478	-0.0938261	10.1477	34	0.00016694	-0.00591455	0.996479	34	0	0
23	305740	-0.0647826	-0.0846087	10.1017	34	-3.17629e-05	-0.00556959	0.996627	34	0	0
23	305750	-0.048087	-0.0829565	10.1374	34	-0.000120404	-0.00588574	0.996581	34	0	0
23	305760	-0.0505217	-0.0723478	10.1103	34	-0.000147734	-0.00568113	0.996779	34	0	0
23	305770	-0.0518261	-0.0885217	10.0843	34	-0.000119665	-0.00553118	0.996412	34	0	0
23	305780	-0.052087	-0.0918261	10.1081	34	-0.000232682	-0.00579784	0.996641	34	0	0
23	305790	-0.0397391	-0.100435	10.1156	34	-4.13657e-05	-0.00590938	0.996833	34	0	0
23	305800	-0.028087	-0.10287	10.114	34	-0.000163247	-0.00558436	0.996231	34	0	0
23	305810	-0.0467826	-0.0876522	10.0997	34	-0.00016694	-0.00614797	0.996608	34	0	0
23	305820	-0.053913	-0.0853913	10.126	34	-5.76165e-05	-0.00602535	0.996485	34	0	0
23	305830	-0.058	-0.0609565	10.1058	34	2.28988e-05	-0.0057742	0.99616	34	0	0
23	305840	-0.0366087	-0.0666957	10.1293	34	-8.1254e-06	-0.00628684	0.996399	34	0	0
23	305850	-0.0466956	-0.0658261	10.1305	34	-0.000150689	-0.00552084	0.996252	34	0	0
23	305860	-0.0589565	-0.0813913	10.1038	34	8.7902e-05	-0.00606007	0.996396	34	0	0
23	305870	-0.0438261	-0.0851304	10.1025	34	-2.28988e-05	-0.00599507	0.996782	34	0	0
23	305880	-0.0368696	-0.0725217	10.1197	34	-2.73309e-05	-0.00563755	0.996843	34	0	0
23	305890	-0.0385217	-0.0649565	10.091	34	-5.90938e-05	-0.00605859	0.996426	34	0	0
23	305900	-0.0371304	-0.0747826	9.87104	34	3.8411e-05	-0.00615831	0.996535	34	0	0
23	305910	-0.0213913	-0.0822609	9.07096	34	5.46618e-05	-0.00622701	0.996744	34	0	0
23	305920	-0.0171304	-0.08	8.08009	34	0.000121881	-0.00603348	0.996572	34	0	0
23	305930	-0.0393913	-0.0732174	7.08809	34	0.000120404	-0.00600098	0.996383	34	0	0
23	305940	-0.04	-0.0754783	6.11278	34	0	-0.00634667	0.996598	34	0	0
23	305950	-0.0174783	-0.0590435	5.04096	34	0.00021126	-0.00602905	0.996561	34	0	0
23	305960	-0.00921739	-0.0932174	4.17322	34	0.000310981	-0.00618712	0.996403	34	0	0
23	305970	-0.00504348	-0.0850435	3.14339	34	0.000190577	-0.00606155	0.996514	34	0	0
23	305980	0.00121739	-0.0857391	2.09148	34	0	-0.00622775	0.996268	34	0	0
23	305990	0.0143478	-0.0886087	1.32339	34.0625	0.000180975	-0.00634446	0.996565	34.0625	0	0
23	306000	0.0112174	-0.0858261	1.15409	34	1.40348e-05	-0.00572693	0.996663	34	0	0
23	306010	0.0245217	-0.0771304	1.12017	34	4.43203e-05	-0.00624769	0.996437	34	0	0
23	306020	0.02	-0.0885217	1.12991	34	4.0627e-05	-0.00572619	0.996026	34	0	0
23	306030	0.0033913	-0.0766087	0.455913	34	6.86965e-05	-0.00582369	0.996397	34	0	0
23	306040	0.0143478	-0.0706087	0.162435	34	0.000161031	-0.00585472	0.996518	34	0	0
23	306050	0.031913	-0.0926087	0.159739	34	-7.46059e-05	-0.00571437	0.996306	34	0	0
23	306060	0.0125217	-0.0633043	0.080087	34	0.000102675	-0.00601206	0.996573	34	0	0
23	306070	0.0137391	-0.0892174	0.0654783	34	-3.54563e-05	-0.00564198	0.996511	34	0	0
23	306080	0.0191304	-0.0917391	0.0774783	34	-0.000159553	-0.00586211	0.99644	34	0	0
23	306090	0.0135652	-0.0950435	0.09	34	0	-0.00598103	0.996723	34	0	0
23	306100	0.0168696	-0.0894783	0.0842609	34	-8.71634e-05	-0.00580227	0.99645	34	0	0
23	306110	0.02	-0.0707826	0.0728696	34	-3.76723e-05	-0.00569812	0.996728	34	0	0
23	306120	0.0131304	-0.0914783	0.0986957	34	-4.35817e-05	-0.00578307	0.996414	34	0	0
23	306130	0.00947826	-0.0891304	0.0965217	34	-0.000183191	-0.00574096	0.996339	34	0	0
23	306140	0.014087	-0.0767826	0.0813913	34	-0.000262229	-0.00558141	0.996456	34	0	0
23	306150	0.016087	-0.0676522	0.103826	34	-9.67661e-05	-0.0057742	0.996414	34	0	0
23	306160	0.0202609	-0.0708696	0.0861739	34	-4.94911e-05	-0.00623218	0.996587	34	0	0
23	306170	0.0123478	-0.0845217	0.0716522	34	3.76723e-05	-0.00608149	0.996799	34	0	0
23	306180	0.0163478	-0.0766957	0.0866956	34.0625	7.68219e-05	-0.0055755	0.996314	34.0625	0	0
23	306190	0.0133913	-0.0766957	0.0956522	34	0	-0.00586728	0.99662	34	0	0
23	306200	0.0154783	-0.071913	0.0969565	34	1.18188e-05	-0.00599876	0.996782	34	0	0
23	306210	0.0242609	-0.0941739	0.0911304	34	-0.000117449	-0.00622479	0.996601	34	0	0
23	306220	0.0178261	-0.0945217	0.0983478	34	-0.000138132	-0.00593671	0.996446	34	0	0
23	306230	0.012	-0.0866087	0.0864348	34	8.5686e-05	-0.00586949	0.996412	34	0	0
23	306240	0.015913	-0.0835652	0.0833043	34	-0.000180236	-0.00586875	0.996652	34	0	0
23	306250	0.0190435	-0.0834783	0.0672174	34	5.39231e-05	-0.00647225	0.996983	34	0	0
23	306260	0.00852174	-0.0749565	0.0766087	34	0	-0.00598103	0.996853	34	0	0
23	306270	0.006	-0.0882609	0.0563478	34	9.23341e-05	-0.00552453	0.996652	34	0	0
23	306280	0.00947826	-0.0854783	0.102348	34	0.000137393	-0.00591307	0.9965	34	0	0
23	306290	0.020087	-0.0705217	0.113043	34.0625	5.31844e-05	-0.00610439	0.996538	34.0625	0	0
23	306300	0.0175652	-0.0626957	0.0542609	34.0625	-0.000118188	-0.00578011	0.996371	34.0625	0	0
23	306310	0.00652174	-0.0842609	0.0521739	34	-0.000118188	-0.00568113	0.99646	34	0	0
23	306320	0.0195652	-0.0933043	0.0665217	34.0625	-4.57977e-05	-0.00548169	0.996522	34.0625	0	0
23	306330	0.013913	-0.0982609	0.060087	34.0625	-7.31286e-05	-0.00600098	0.996641	34.0625	0	0
23	306340	0.0158261	-0.0828696	0.090087	34.0625	-3.69336e-06	-0.0060741	0.99659	34.0625	0	0
23	306350	-0.00130435	-0.0861739	0.076087	34.0625	4.13657e-05	-0.00578085	0.996668	34.0625	0	0
23	306360	0.011913	-0.0742609	0.0953043	34	-3.39789e-05	-0.00579932	0.996644	34	0	0
23	306370	0.0172174	-0.083913	0.0950435	34	4.94911e-05	-0.00597955	0.996573	34	0	0
23	306380	0.0201739	-0.0909565	0.083913	34	-5.98325e-05	-0.00574761	0.996825	34	0	0
23	306390	0.00321739	-0.098087	0.0952174	34	8.86407e-06	-0.00581114	0.996354	34	0	0
23	306400	-0.00104348	-0.0901739	0.0790435	34	-9.52887e-05	-0.00613911	0.996368	34	0	0
23	306410	-0.000869565	-0.0806956	0.0644348	34	-0.000129268	-0.00595666	0.99651	34	0	0
23	306420	0.0113043	-0.0827826	0.0910435	34	-0.000193532	-0.00557845	0.996381	34	0	0
23	306430	0.0110435	-0.0714783	0.0889565	34	9.60274e-06	-0.00584142	0.996272	34	0	0
23	306440	0.0178261	-0.0809565	0.0877391	34.0625	-4.94911e-05	-0.005608	0.996515	34.0625	0	0
23	306450	0.015913	-0.0876522	0.0507826	34	-4.43203e-06	-0.00594188	0.996731	34	0	0
23	306460	0.0145217	-0.0803478	0.0922609	34	-0.000147734	-0.00580523	0.996497	34	0	0
23	306470	0.0066087	-0.0770435	0.0842609	34.0625	7.38672e-06	-0.00586432	0.996244	34.0625	0	0
23	306480	0.0149565	-0.0822609	0.0731304	34.0625	-8.49473e-05	-0.00603643	0.996737	34.0625	0	0
23	306490	0.017913	-0.0608696	0.102696	34.0625	-7.68219e-05	-0.00562647	0.996746	34.0625	0	0
23	306500	0.00591304	-0.0770435	0.0824348	34	-0.000204612	-0.00564567	0.99657	34	0	0
23	306510	0.02	-0.0763478	0.082	34	-1.47734e-05	-0.00555112	0.99668	34	0	0
23	306520	0.016	-0.0842609	0.070087	34	-3.47176e-05	-0.00578381	0.996638	34	0	0
23	306530	0.00391304	-0.0815652	0.11913	34	-5.02297e-05	-0.00609036	0.996703	34	0	0
23	306540	0.02	-0.0955652	0.09	34	-0.000103414	-0.00592785	0.996869	34	0	0
23	306550	0.015913	-0.0784348	0.0646087	34	-4.21043e-05	-0.00577716	0.99662	34	0	0
23	306560	0.0137391	-0.0647826	0.0669565	34	0	-0.00598177	0.996779	34	0	0
23	306570	0.00765217	-0.0668696	0.0446087	34	-4.13657e-05	-0.00591529	0.996738	34	0	0
23	306580	0.0229565	-0.0654783	0.0827826	34	-0.000129268	-0.00571585	0.996629	34	0	0
23	306590	0.00382609	-0.0828696	0.089913	34	-0.000104891	-0.00583108	0.996763	34	0	0
23	306600	8.69565e-05	-0.0806956	0.0881739	34	-9.08567e-05	-0.00589387	0.996646	34	0	0
23	306610	0.0261739	-0.0974783	0.0755652	34	3.47176e-05	-0.00577199	0.996544	34	0	0
23	306620	0.00791304	-0.0827826	0.111478	34	6.05711e-05	-0.00590125	0.996621	34	0	0
23	306630	0.0126957	-0.080087	0.0990435	34	-0.000187623	-0.00593302	0.996745	34	0	0
23	306640	0.01	-0.0730435	0.0806087	34	1.10801e-05	-0.00600688	0.99668	34	0	0
23	306650	0.010087	-0.075913	0.084	34	-6.64805e-05	-0.00595222	0.996617	34	0	0
23	306660	0.0132174	-0.0881739	0.104609	34	-0.00013887	-0.006032	0.996744	34	0	0
23	306670	0.0170435	-0.0867826	0.0731304	34	-6.64805e-06	-0.00588722	0.99666	34	0	0
23	306680	-0.000869565	-0.0695652	0.0756522	34	-9.23341e-05	-0.00575943	0.996296	34	0	0
23	306690	0.0191304	-0.0751304	0.0961739	34	-0.000224556	-0.00576608	0.99646	34	0	0
23	306700	0.0158261	-0.0698261	0.0845217	34	-7.82993e-05	-0.00562942	0.996851	34	0	0
23	306710	0.0191304	-0.102435	0.117913	34	-2.73309e-05	-0.0058008	0.996775	34	0	0
23	306720	0.00808696	-0.0855652	0.113391	34	-5.24457e-05	-0.00568778	0.996284	34	0	0
23	306730	0.0142609	-0.0837391	0.0897391	34	1.62508e-05	-0.00594262	0.996769	34	0	0
23	306740	0.016	-0.0582609	0.0885217	34	0.000141086	-0.00580006	0.996533	34	0	0
23	306750	0.00304348	-0.0506957	0.0574783	34	-0.000186145	-0.0056959	0.996836	34	0	0
23	306760	0.014	-0.0864348	0.0991304	34	0	-0.00564493	0.996765	34	0	0
23	306770	0.00808696	-0.0975652	0.0944348	34	2.28988e-05	-0.00559692	0.996223	34	0	0
23	306780	0.0123478	-0.089913	0.0775652	34.0625	-0.000243762	-0.00607484	0.996426	34.0625	0	0
23	306790	0.0185217	-0.0967826	0.0596522	34	-5.09684e-05	-0.00565971	0.996912	34	0	0
23	306800	0.00217391	-0.0707826	0.086087	34	7.68219e-05	-0.00600984	0.996838	34	0	0
23	306810	0.0106087	-0.0831304	0.093913	34	-8.19926e-05	-0.00583994	0.996693	34	0	0
23	306820	0.0124348	-0.0806956	0.0893913	34	-1.25574e-05	-0.0060224	0.996429	34	0	0
23	306830	0.0129565	-0.0906087	0.115739	34	2.43762e-05	-0.00605638	0.996451	34	0	0
23	306840	0.0178261	-0.0833043	0.0970435	34	6.57418e-05	-0.00585398	0.996606	34	0	0
23	306850	0.0141739	-0.0895652	0.0943478	34	-0.000113017	-0.00554521	0.996663	34	0	0
23	306860	0.0333043	-0.0902609	0.0816522	34	0	-0.00590199	0.996823	34	0	0
23	306870	0.0221739	-0.0911304	0.0838261	34	-0.000183929	-0.00581409	0.996606	34	0	0
23	306880	0.00426087	-0.0786956	0.0783478	34	-2.06828e-05	-0.00560505	0.996412	34	0	0
23	306890	0.0151304	-0.0805217	0.0937391	34	-0.000176543	-0.0058525	0.996463	34	0	0
23	306900	0.0185217	-0.0722609	0.096	34	-8.93794e-05	-0.00553931	0.996675	34	0	0
23	306910	0.00947826	-0.0813043	0.0666087	34	-0.000176543	-0.00551345	0.996466	34	0	0
23	306920	0.02	-0.0732174	0.0929565	34	7.82993e-05	-0.00596035	0.996129	34	0	0
23	306930	0.0157391	-0.0926957	0.0491304	34	-5.17071e-06	-0.00621224	0.996239	34	0	0
23	306940	0.0153043	-0.0897391	0.0751304	34	4.2843e-05	-0.00579562	0.996581	34	0	0
23	306950	0.0215652	-0.0826957	0.0844348	34	7.97766e-05	-0.00557328	0.996688	34	0	0
23	306960	-0.00104348	-0.090087	0.0950435	34	0	-0.00567744	0.996449	34	0	0
23	306970	0.0106087	-0.0477391	0.110957	34	-0.000173588	-0.00604751	0.996567	34	0	0
