23	277820	0.0196522	-0.0578261	0.0838261	34	1.32961e-05	-0.00571215	0.996321	34	0	0
23	277830	0.0186957	-0.081913	0.0615652	34	-9.60274e-06	-0.00588574	0.99655	34	0	0
23	277840	0.00234783	-0.0897391	0.0788696	34	-0.000161769	-0.00589239	0.996563	34	0	0
23	277850	0.0201739	-0.103652	0.0785217	34	-2.21602e-05	-0.00581557	0.996273	34	0	0
23	277860	0.00982609	-0.0836522	0.0851304	34	-4.65364e-05	-0.00591086	0.996425	34	0	0
23	277870	0.0177391	-0.0633043	0.0678261	34	7.16512e-05	-0.00568556	0.996559	34	0	0
23	277880	0.0184348	-0.0884348	0.0737391	34	-2.36375e-05	-0.0057225	0.996607	34	0	0
23	277890	0.0166087	-0.0764348	0.0973913	34	-4.5059e-05	-0.00564124	0.99658	34	0	0
23	277900	0.00965217	-0.0775652	0.0682609	34	-7.46059e-05	-0.00558067	0.996494	34	0	0
23	277910	0.0171304	-0.069913	0.046087	34	-0.000178759	-0.00570625	0.996611	34	0	0
23	277920	0.02	-0.0967826	0.0818261	34	6.27872e-05	-0.0060224	0.996561	34	0	0
23	277930	0.0158261	-0.0870435	0.0846957	34	-8.5686e-05	-0.00606155	0.996771	34	0	0
23	277940	0.0104348	-0.0766087	0.0701739	34	-3.76723e-05	-0.00554152	0.996933	34	0	0
23	277950	-0.014	-0.0812174	0.0762609	34	-3.39789e-05	-0.0057971	0.99677	34	0	0
23	277960	0.0156522	-0.0684348	0.0909565	34	-0.000353085	-0.00576238	0.996675	34	0	0
23	277970	0.00391304	-0.0913043	0.0705217	34	-0.000205351	-0.00582591	0.996587	34	0	0
23	277980	-0.00391304	-0.106348	0.0769565	34	-8.42087e-05	-0.00576017	0.99654	34	0	0
23	277990	0.0233913	-0.0810435	0.0737391	34	-0.000180975	-0.0057646	0.996432	34	0	0
23	278000	0.0186957	-0.0985217	0.0695652	34	0.000163985	-0.0059175	0.996392	34	0	0
23	278010	0.0245217	-0.0944348	0.0821739	34	4.2843e-05	-0.00616422	0.996451	34	0	0
23	278020	0.0115652	-0.0689565	0.0781739	34	1.47734e-06	-0.00593967	0.996399	34	0	0
23	278030	0.00617391	-0.0843478	0.0872174	34	7.75606e-05	-0.00572841	0.996638	34	0	0
23	278040	0.02	-0.0835652	0.0538261	34	0.00013887	-0.00589535	0.996498	34	0	0
23	278050	0.0105217	-0.0807826	0.0718261	34	0.000140348	-0.00606155	0.99638	34	0	0
23	278060	0.0187826	-0.0868696	0.0570435	34	-0.000101198	-0.00563755	0.996727	34	0	0
23	278070	-0.00173913	-0.0812174	0.0614783	34	-6.64805e-06	-0.00572545	0.996476	34	0	0
23	278080	0.0108696	-0.0892174	0.124696	34	5.98325e-05	-0.00600541	0.996528	34	0	0
23	278090	0.0167826	-0.0951304	0.106174	34	0	-0.00604012	0.99653	34	0	0
23	278100	0.00930435	-0.0698261	0.0849565	34	2.65922e-05	-0.0055755	0.99671	34	0	0
23	278110	0.0146957	-0.102174	0.103826	34	0.000101198	-0.00609036	0.996555	34	0	0
23	278120	0.00713043	-0.0756522	0.0918261	34	-0.000125574	-0.00586211	0.996823	34	0	0
23	278130	0.00704348	-0.0844348	0.0833043	34	-1.77281e-05	-0.00579932	0.996414	34	0	0
23	278140	0.0175652	-0.0774783	0.0893913	34	-5.54004e-05	-0.00560726	0.996737	34	0	0
23	278150	0.0172174	-0.0866956	0.0601739	34	1.84668e-05	-0.00584585	0.996566	34	0	0
23	278160	0.0173043	-0.100348	0.0552174	34	-6.72192e-05	-0.00584216	0.996431	34	0	0
23	278170	0.02	-0.0628696	0.0734783	34	-4.87524e-05	-0.00597881	0.996438	34	0	0
23	278180	0.017913	-0.0843478	0.0952174	34	2.80696e-05	-0.00585546	0.996592	34	0	0
23	278190	0.0133043	-0.085913	0.104435	34	-1.62508e-05	-0.00588648	0.9964	34	0	0
23	278200	0.0130435	-0.0664348	0.0890435	34	-7.97766e-05	-0.00568261	0.996499	34	0	0
23	278210	0.0177391	-0.0706957	0.137826	34	5.02297e-05	-0.00535611	0.996427	34	0	0
23	278220	0.02	-0.088	0.110174	34	0.000114494	-0.0057188	0.996677	34	0	0
23	278230	0.0195652	-0.069913	0.091913	34	9.97208e-05	-0.00564346	0.996237	34	0	0
23	278240	0.0154783	-0.0711304	0.107391	34	2.65922e-05	-0.00613911	0.996679	34	0	0
23	278250	0.0217391	-0.0763478	0.0995652	34	8.1254e-06	-0.00603052	0.996613	34	0	0
23	278260	0.020087	-0.0929565	0.0855652	34	1.40348e-05	-0.00617826	0.996641	34	0	0
23	278270	0.0124348	-0.0988696	0.0653043	34	1.99442e-05	-0.00563016	0.996887	34	0	0
23	278280	0.00878261	-0.098087	0.0892174	33.9375	8.86407e-06	-0.0060512	0.996546	33.9375	0	0
23	278290	0.0103478	-0.0814783	0.0431304	34	5.61391e-05	-0.00589017	0.99655	34	0	0
23	278300	0.00695652	-0.0732174	0.0914783	34	-5.68778e-05	-0.00594336	0.996635	34	0	0
23	278310	0.00991304	-0.0791304	0.0781739	34	-2.58535e-05	-0.00604899	0.996677	34	0	0
23	278320	0.0147826	-0.0790435	0.074087	34	-5.09684e-05	-0.00586432	0.99658	34	0	0
23	278330	0.0203478	-0.078	0.0841739	34	-0.000132222	-0.00579858	0.996599	34	0	0
23	278340	0.013913	-0.0882609	0.100087	33.9375	-2.21602e-06	-0.00594262	0.996453	33.9375	0	0
23	278350	0.0187826	-0.0850435	0.0827826	34	-0.000118926	-0.00598768	0.996703	34	0	0
23	278360	0.0111304	-0.082	0.10713	34	5.76165e-05	-0.0059345	0.996511	34	0	0
23	278370	0.0168696	-0.0802609	0.0406957	34	-3.69336e-06	-0.00562499	0.996646	34	0	0
23	278380	0.0147826	-0.0987826	0.0638261	34	-4.0627e-05	-0.00588944	0.996686	34	0	0
23	278390	0.0182609	-0.088	0.0984348	34	5.24457e-05	-0.00599137	0.996638	34	0	0
23	278400	0.0111304	-0.08	0.0493043	33.9375	2.80696e-05	-0.00582	0.996107	33.9375	0	0
23	278410	0.0191304	-0.0902609	0.0670435	34	-0.000107846	-0.00590199	0.996411	34	0	0
23	278420	0.00582609	-0.0913043	0.0884348	34	-0.000174327	-0.00593523	0.996412	34	0	0
23	278430	0.02	-0.0756522	0.0553913	34	-3.98883e-05	-0.00625656	0.996507	34	0	0
23	278440	-0.00269565	-0.0833043	0.0994783	34	-0.000170637	-0.00586728	0.996723	34	0	0
23	278450	0.0110435	-0.086	0.0963478	34	6.64805e-06	-0.00580227	0.997033	34	0	0
23	278460	0.0295652	-0.076	0.106783	34	-4.80137e-05	-0.00590347	0.996776	34	0	0
23	278470	0.00913044	-0.0948696	0.087913	34	2.95469e-05	-0.00591381	0.996627	34	0	0
23	278480	0.0203478	-0.0889565	0.06	34	9.97208e-05	-0.00574022	0.996516	34	0	0
23	278490	0.02	-0.0784348	0.0578261	34	-8.49473e-05	-0.00583256	0.996559	34	0	0
23	278500	0.0169565	-0.0721739	0.0936522	34	7.16512e-05	-0.00590938	0.996513	34	0	0
23	278510	0.00652174	-0.0846957	0.0806956	34	4.43203e-06	-0.00585472	0.996691	34	0	0
23	278520	0.00278261	-0.0884348	0.0896522	34	-0.000210522	-0.00551345	0.996649	34	0	0
23	278530	0.008	-0.0893044	0.0823478	34	-8.19926e-05	-0.00571289	0.996323	34	0	0
23	278540	0.0123478	-0.0657391	0.0938261	34	-7.09126e-05	-0.00587097	0.996657	34	0	0
23	278550	0.00956522	-0.0866956	0.0894783	34	8.86407e-06	-0.00594188	0.996493	34	0	0
23	278560	0.010087	-0.0825217	0.0606957	34	0	-0.00594853	0.99658	34	0	0
23	278570	0.0193043	-0.0938261	0.0882609	34	0	-0.00594262	0.996409	34	0	0
23	278580	0.0138261	-0.0745217	0.0809565	34	-7.23899e-05	-0.00601501	0.996543	34	0	0
23	278590	0.0153913	-0.0941739	0.0925217	34	-0.000146996	-0.00578528	0.996601	34	0	0
23	278600	0.0114783	-0.0763478	0.100783	34	6.50032e-05	-0.00590421	0.996557	34	0	0
23	278610	0.0158261	-0.0786087	0.0567826	34	6.94352e-05	-0.00590864	0.996898	34	0	0
23	278620	0	-0.0722609	0.0613913	34	-0.000146257	-0.0056538	0.996465	34	0	0
23	278630	0.0152174	-0.0663478	0.0802609	34	-2.51149e-05	-0.00589978	0.996892	34	0	0
23	278640	0.0128696	-0.0694783	0.091913	34	-8.1254e-06	-0.00564715	0.996858	34	0	0
23	278650	0.00226087	-0.088087	0.0885217	34	-0.000106369	-0.00580818	0.996448	34	0	0
23	278660	0.0066087	-0.0826087	0.0683478	34	-5.17071e-05	-0.00594927	0.99637	34	0	0
23	278670	0.0172174	-0.0853043	0.0896522	34	3.98883e-05	-0.00586063	0.996864	34	0	0
23	278680	0.02	-0.0833043	0.071913	34	1.77281e-05	-0.00589461	0.996442	34	0	0
23	278690	0.0117391	-0.0733913	0.097913	34	4.43203e-06	-0.00582517	0.99639	34	0	0
23	278700	0.0181739	-0.0834783	0.0717391	34	-5.09684e-05	-0.00572471	0.996484	34	0	0
23	278710	0.0186087	-0.0853043	0.0798261	34	-8.86407e-06	-0.00589756	0.996554	34	0	0
23	278720	0.0122609	-0.0729565	0.0856522	34	-1.62508e-05	-0.00562425	0.996607	34	0	0
23	278730	0.0167826	-0.0713913	0.0664348	34	-2.21602e-06	-0.0060549	0.996478	34	0	0
23	278740	0.00808696	-0.090087	0.036087	34	-1.32961e-05	-0.00571289	0.996328	34	0	0
23	278750	0.00765217	-0.079913	0.0955652	34	1.47734e-05	-0.00593523	0.996822	34	0	0
23	278760	0.00521739	-0.0718261	0.078	34	-9.08567e-05	-0.00576608	0.996587	34	0	0
23	278770	0.0191304	-0.0895652	0.0882609	34	-5.09684e-05	-0.00585135	0.996536	34	0	0
23	278780	0.0158261	-0.0732174	0.0726087	34	-1.03414e-05	-0.00576829	0.99676	34	0	0
23	278790	0.0145217	-0.088087	0.0829565	34	3.17629e-05	-0.00560948	0.99636	34	0	0
23	278800	0.0196522	-0.088	0.0894783	34	-3.76723e-05	-0.00577273	0.996722	34	0	0
23	278810	0.00521739	-0.0957391	0.0376522	34	7.97766e-05	-0.00577125	0.996503	34	0	0
23	278820	0.0186957	-0.0935652	0.102783	34	2.95469e-05	-0.00606376	0.996338	34	0	0
23	278830	-0.00747826	-0.0790435	0.0853913	34	0	-0.00593745	0.996497	34	0	0
23	278840	0.0186087	-0.0728696	0.0733913	34	3.54563e-05	-0.00618934	0.996536	34	0	0
23	278850	0.0172174	-0.085913	0.0862609	34	5.46618e-05	-0.00603643	0.996362	34	0	0
23	278860	0.0111304	-0.0975652	0.328522	34	-0.000100459	-0.00573358	0.996817	34	0	0
23	278870	0.02	-0.0676522	1.11391	34	-0.00019501	-0.00580301	0.99694	34	0	0
23	278880	0.00582609	-0.0954783	2.21904	34	-0.000340528	-0.00557919	0.996579	34	0	0
23	278890	0.00426087	-0.0777391	3.17443	34	-0.000254103	-0.00597734	0.996509	34	0	0
23	278900	-0.017913	-0.0895652	4.19061	34	-3.69336e-06	-0.00557402	0.996736	34	0	0
23	278910	-0.024	-0.0867826	5.15983	34	-0.000245978	-0.00545731	0.996569	34	0	0
23	278920	-0.0305217	-0.088	6.1733	34	-0.00026149	-0.00558584	0.996521	34	0	0
23	278930	-0.0177391	-0.0790435	7.17409	34	-0.000314674	-0.00585324	0.996789	34	0	0
23	278940	-0.039913	-0.0954783	8.16148	34	-2.14215e-05	-0.00592932	0.996651	34	0	0
23	278950	-0.0413043	-0.0641739	9.17496	34	-0.000331664	-0.00570329	0.996394	34	0	0
23	278960	-0.054087	-0.0889565	9.88322	34	-0.000183191	-0.00616939	0.99707	34	0	0
23	278970	-0.0613913	-0.0833043	10.0534	34	-0.000103414	-0.0061007	0.996776	34	0	0
23	278980	-0.0448696	-0.0803478	10.1044	34	1.62508e-05	-0.0058983	0.996488	34	0	0
23	278990	-0.0606957	-0.0751304	10.0894	34	-2.21602e-05	-0.00567005	0.996627	34	0	0
23	279000	-0.0265217	-0.0644348	10.0923	34	7.23899e-05	-0.00581483	0.996491	34	0	0
23	279010	-0.032	-0.0793913	10.1243	34	-0.000153644	-0.0057971	0.996866	34	0	0
23	279020	-0.0244348	-0.0827826	10.1004	34	5.17071e-06	-0.00600245	0.996395	34	0	0
23	279030	-0.042087	-0.0732174	10.1145	34	0	-0.00555556	0.996544	34	0	0
23	279040	-0.0278261	-0.0806087	10.1197	34	-3.76723e-05	-0.0059862	0.99674	34	0	0
23	279050	-0.0398261	-0.0838261	10.1248	34	-2.88082e-05	-0.0061236	0.996744	34	0	0
23	279060	-0.0498261	-0.0897391	10.142	34	9.60274e-06	-0.00581778	0.996779	34	0	0
23	279070	-0.0429565	-0.0748696	10.0915	34	-0.000312458	-0.00593302	0.996745	34	0	0
23	279080	-0.0375652	-0.0783478	10.1085	34	1.03414e-05	-0.00601723	0.996729	34	0	0
23	279090	-0.034	-0.0765217	10.1194	34	3.25016e-05	-0.00597069	0.996763	34	0	0
23	279100	-0.0450435	-0.0856522	10.1127	34	-0.00012262	-0.0059116	0.996526	34	0	0
23	279110	-0.0677391	-0.0646087	10.109	34	-6.64805e-05	-0.00559914	0.996521	34	0	0
23	279120	-0.0325217	-0.0716522	10.1304	34	8.1254e-06	-0.00590495	0.996498	34	0	0
23	279130	-0.042087	-0.0745217	10.0896	34	-7.46059e-05	-0.00585693	0.996492	34	0	0
23	279140	-0.0421739	-0.0893913	10.0964	34	-8.05153e-05	-0.00581261	0.996578	34	0	0
23	279150	-0.0471304	-0.0682609	10.0918	34	-1.99442e-05	-0.00593154	0.996678	34	0	0
23	279160	-0.0418261	-0.0851304	10.1225	34	-0.000156599	-0.005967	0.996943	34	0	0
23	279170	-0.0572174	-0.0794783	10.1187	34	-0.000306549	-0.00579489	0.996737	34	0	0
23	279180	-0.0601739	-0.0923478	10.113	34	-3.17629e-05	-0.00598546	0.996637	34	0	0
23	279190	-0.0405217	-0.101043	10.0933	34	-0.000115233	-0.00598768	0.99657	34	0	0
23	279200	-0.0434783	-0.0614783	10.1297	34	-0.000143302	-0.00553266	0.996548	34	0	0
23	279210	-0.0558079	-0.0648696	10.1223	34	2.80696e-05	-0.0059862	0.996505	34	0	0
23	279220	-0.0505217	-0.0790435	10.0781	34	-0.000243762	-0.0056634	0.996742	34	0	0
23	279230	-0.0389565	-0.0757391	10.1046	34	-7.82993e-05	-0.0058296	0.99636	34	0	0
23	279240	-0.03	-0.0938261	10.1079	34	-3.98883e-05	-0.00599359	0.996377	34	0	0
23	279250	-0.0489565	-0.0796522	10.0977	34	0	-0.00597291	0.996347	34	0	0
23	279260	-0.036	-0.0773043	10.1131	34	3.32403e-05	-0.00560505	0.996549	34	0	0
23	279270	-0.050087	-0.0851304	10.1115	34	-0.000138132	-0.00569886	0.996552	34	0	0
23	279280	-0.0227826	-0.08	10.1303	34	0	-0.00621741	0.996544	34	0	0
23	279290	-0.0262609	-0.0749565	10.1059	34	-2.06828e-05	-0.00627945	0.996259	34	0	0
23	279300	-0.0478261	-0.0774783	10.1272	34	-2.80696e-05	-0.00600024	0.996395	34	0	0
23	279310	-0.0328696	-0.0678261	10.123	34	-0.000110062	-0.00624104	0.996591	34	0	0
23	279320	-0.0395652	-0.0624348	10.1237	34	-0.000404054	-0.00579267	0.996781	34	0	0
23	279330	-0.0486087	-0.107598	10.0708	34	0	-0.00585102	0.99687	34	0	0
23	279340	-0.034087	-0.064087	10.0535	34	-8.93794e-05	-0.00576682	0.996472	34	0	0
23	279350	-0.0487826	-0.0874783	10.1088	34	-7.23899e-05	-0.00598325	0.9967	34	0	0
23	279360	-0.0466956	-0.0730435	10.14	34	0	-0.00556664	0.996449	34	0	0
23	279370	-0.0326957	-0.0761739	10.0982	34	-2.73309e-05	-0.00602018	0.996578	34	0	0
23	279380	-0.024	-0.0703478	10.1013	34	-5.39231e-05	-0.00574392	0.996581	34	0	0
23	279390	-0.023913	-0.046	10.1066	34	-9.60274e-05	-0.00572323	0.996949	34	0	0
23	279400	-0.0435652	-0.078	10.0957	34	-7.38672e-06	-0.00608223	0.996544	34	0	0
23	279410	-0.0632174	-0.0775652	10.1156	34	-0.00013887	-0.00596478	0.99663	34	0	0
23	279420	-0.0404348	-0.0743478	10.1252	34	-0.000196487	-0.00567965	0.996577	34	0	0
23	279430	-0.0529565	-0.0889565	10.072	34	-3.47176e-05	-0.00615093	0.996613	34	0	0
23	279440	-0.0313043	-0.102174	10.0939	34	-0.000159553	-0.00555408	0.996518	34	0	0
23	279450	-0.0463478	-0.0727826	10.0807	34	4.87524e-05	-0.00612138	0.996406	34	0	0
23	279460	-0.0128696	-0.0909565	10.0943	34	-4.13657e-05	-0.00584733	0.996474	34	0	0
23	279470	-0.0425217	-0.0787826	10.0962	33.9375	-0.000186145	-0.00606007	0.996695	33.9375	0	0
23	279480	-0.061913	-0.0868696	10.129	34	-5.61391e-05	-0.00590052	0.99635	34	0	0
23	279490	-0.0535652	-0.076	10.121	34	-0.000200919	-0.00571954	0.996334	34	0	0
23	279500	-0.0362609	-0.0861739	10.1386	34	-5.54004e-05	-0.00572767	0.996547	34	0	0
23	279510	-0.04	-0.0794783	10.1242	34	-0.000188361	-0.00586358	0.996391	34	0	0
23	279520	-0.04	-0.0763478	10.117	34	-0.000238591	-0.00600836	0.99692	34	0	0
23	279530	-0.0296522	-0.0821739	10.1146	34	-6.42645e-05	-0.00567891	0.996562	34	0	0
23	279540	-0.0393913	-0.0767826	10.0744	34	-0.000162508	-0.00578233	0.996657	34	0	0
23	279550	-0.0438261	-0.0950435	10.113	34	-9.60274e-05	-0.00600762	0.996539	34	0	0
23	279560	-0.0321739	-0.0683478	10.1223	34	-1.84668e-05	-0.00601132	0.996691	34	0	0
23	279570	-0.0593913	-0.074087	10.0752	34	-0.000148473	-0.00584364	0.996671	34	0	0
23	279580	-0.042	-0.0803478	10.0938	34	-0.000440249	-0.00602683	0.996582	34	0	0
23	279590	-0.0454783	-0.0794783	10.1279	34	-0.000110801	-0.00587392	0.996998	34	0	0
23	279600	-0.0375652	-0.0829565	10.089	34	-0.000265922	-0.00575795	0.996648	34	0	0
23	279610	-0.054	-0.0812174	10.1115	34	-0.000249671	-0.00589091	0.996825	34	0	0
23	279620	-0.0291304	-0.104783	10.1158	34	-0.000130006	-0.00569886	0.996845	34	0	0
23	279630	-0.0518261	-0.0742609	10.1055	34	-5.17071e-05	-0.00587688	0.996464	34	0	0
23	279640	-0.0425217	-0.0886956	10.1315	34	-9.82434e-05	-0.00599728	0.99643	34	0	0
23	279650	-0.032	-0.0794783	10.1432	34	-8.05153e-05	-0.00574835	0.996535	34	0	0
23	279660	-0.0591304	-0.0775652	10.1024	34	-0.000214954	-0.00563829	0.996403	34	0	0
23	279670	-0.0468696	-0.0863478	10.0983	34	-0.000265922	-0.00609996	0.996884	34	0	0
23	279680	-0.0417391	-0.064087	10.0821	34	-7.38672e-07	-0.00600984	0.996654	34	0	0
23	279690	-0.026087	-0.0731304	10.1015	34	-0.000252626	-0.00598694	0.996485	34	0	0
23	279700	-0.0330435	-0.0773913	10.0896	34	-3.69336e-05	-0.00571732	0.996595	34	0	0
23	279710	-0.0315652	-0.109565	10.135	34	-0.000118926	-0.00584659	0.996457	34	0	0
23	279720	-0.0414783	-0.0840869	10.1262	34	-8.1254e-05	-0.00593597	0.996654	34	0	0
23	279730	-0.0522609	-0.0966956	10.1129	34	-2.14215e-05	-0.00580227	0.99631	34	0	0
23	279740	-0.0427826	-0.0781739	10.0843	34	-0.000121881	-0.00596995	0.996754	34	0	0
23	279750	-0.0350435	-0.0687826	10.1052	34	-0.00037303	-0.00589017	0.99649	34	0	0
23	279760	-0.0204348	-0.0832174	10.1168	34	5.31844e-05	-0.00594779	0.996153	34	0	0
23	279770	-0.0414783	-0.0846087	10.1015	34	-7.53446e-05	-0.00627502	0.996547	34	0	0
23	279780	-0.0367826	-0.0802609	10.1199	34	-1.55121e-05	-0.00621445	0.996929	34	0	0
23	279790	-0.0482609	-0.0933913	10.1237	34	-0.000210522	-0.00615166	0.996752	34	0	0
23	279800	-0.0310435	-0.0883478	10.0911	34	-0.000353824	-0.00575721	0.996542	34	0	0
23	279810	-0.0498261	-0.0851304	10.1158	33.9375	-0.000342744	-0.00572471	0.996646	33.9375	0	0
23	279820	-0.0170435	-0.105217	10.0961	34	-0.000202396	-0.0062078	0.996769	34	0	0
23	279830	-0.0364348	-0.0735652	10.1073	34	1.47734e-05	-0.00615093	0.996429	34	0	0
23	279840	-0.0361739	-0.068087	10.135	34	-0.000170633	-0.00572545	0.996652	34	0	0
23	279850	-0.033913	-0.0870435	10.1488	34	-6.50032e-05	-0.00595666	0.996776	34	0	0
23	279860	-0.0304348	-0.0910435	10.1085	34	-0.000190577	-0.00573284	0.99652	34	0	0
23	279870	-0.0405217	-0.0976522	10.1037	34	-0.000145518	-0.00602683	0.996357	34	0	0
23	279880	-0.0428696	-0.101652	10.077	34	-3.39789e-05	-0.00599654	0.996617	34	0	0
23	279890	-0.0363478	-0.0872174	10.1251	34	-0.000385587	-0.00582517	0.996851	34	0	0
23	279900	-0.0206087	-0.0849565	10.128	34	-0.000262229	-0.005967	0.996588	34	0	0
23	279910	-0.0293913	-0.0748696	10.1051	34	-0.000327971	-0.00615019	0.996502	34	0	0
23	279920	-0.0453913	-0.0729565	10.0744	34	-8.64247e-05	-0.00575057	0.996705	34	0	0
23	279930	-0.0413043	-0.0764348	10.0915	34	-3.39789e-05	-0.00580818	0.996832	34	0	0
23	279940	-0.0513043	-0.0926087	10.064	34	-5.09684e-05	-0.00591824	0.996965	34	0	0
23	279950	-0.0257391	-0.079913	10.1466	34	-0.00020609	-0.00590273	0.996364	34	0	0
23	279960	-0.0424348	-0.0795652	10.1224	34	-0.000106369	-0.00566414	0.996649	34	0	0
23	279970	-0.0442609	-0.0858261	10.1212	34	-2.14215e-05	-0.0062307	0.996592	34	0	0
23	279980	-0.0512174	-0.0874783	10.1197	34	-0.000140348	-0.00594262	0.996403	34	0	0
23	279990	-0.0438261	-0.0840869	10.1105	34	-0.000143302	-0.00611325	0.996388	34	0	0
23	280000	-0.0305217	-0.0844348	10.0872	34	-0.000243023	-0.00570846	0.996538	34	0	0
23	280010	-0.0493913	-0.089913	10.0977	34	-0.000120404	-0.00597881	0.99689	34	0	0
23	280020	-0.0422609	-0.0808696	10.105	34	-0.000305072	-0.00579267	0.996806	34	0	0
23	280030	-0.0404348	-0.0690435	10.1261	34	-0.000120404	-0.00547504	0.996991	34	0	0
23	280040	-0.0385217	-0.079913	10.1523	34	-8.7902e-05	-0.00612581	0.996975	34	0	0
23	280050	-0.0283478	-0.0637391	10.1196	34	-0.000173588	-0.00610217	0.996638	34	0	0
23	280060	-0.034	-0.0928696	10.1249	34	-0.000219386	-0.0059537	0.996412	34	0	0
23	280070	-0.031913	-0.105043	10.0923	34	-0.000192794	-0.00589978	0.996502	34	0	0
23	280080	-0.0426956	-0.091913	10.1015	34	-3.91496e-05	-0.00609996	0.996522	34	0	0
23	280090	-0.0355652	-0.0813043	10.1231	34	-3.25016e-05	-0.00596626	0.996558	34	0	0
23	280100	-0.0562609	-0.0811304	10.1039	34	-8.49473e-05	-0.00574539	0.99653	34	0	0
23	280110	-0.0483478	-0.088087	10.1024	34	5.98325e-05	-0.00589682	0.996717	34	0	0
23	280120	-0.0385217	-0.0707826	10.0937	34	5.90938e-06	-0.00575795	0.996522	34	0	0
23	280130	-0.040087	-0.0687826	10.1061	34	-9.15954e-05	-0.0058983	0.99668	34	0	0
23	280140	-0.0445217	-0.0843478	10.1337	34	-7.75606e-05	-0.005967	0.996579	34	0	0
23	280150	-0.0478261	-0.105565	10.1243	34	-0.00012262	-0.00610513	0.99644	34	0	0
23	280160	-0.0370435	-0.0846087	10.1105	34	-0.000243023	-0.00595813	0.99636	34	0	0
23	280170	-0.0253043	-0.0928696	10.1234	34	-0.000284389	-0.00583994	0.996962	34	0	0
23	280180	-0.0382609	-0.0946087	10.114	34	-0.000146257	-0.00569664	0.996464	34	0	0
23	280190	-0.0274783	-0.0809565	10.0878	34	-0.000128529	-0.00565602	0.996685	34	0	0
23	280200	-0.0311304	-0.0885217	10.1186	34	-0.000138132	-0.00590052	0.996548	34	0	0
23	280210	-0.0373043	-0.0828696	10.1056	34	-0.000169895	-0.00557698	0.996778	34	0	0
23	280220	-0.0349565	-0.086087	10.1083	34	-0.000361211	-0.00576534	0.996678	34	0	0
23	280230	-0.0401739	-0.0690435	10.1549	34	-0.000189839	-0.00570107	0.996711	34	0	0
23	280240	-0.0495652	-0.0883478	10.104	34	-2.51149e-05	-0.00575795	0.996801	34	0	0
23	280250	-0.0333913	-0.0776522	10.1079	34	-9.45501e-05	-0.00578454	0.996817	34	0	0
23	280260	-0.0341739	-0.067913	10.0711	34	-6.27872e-05	-0.00579415	0.996565	34	0	0
23	280270	-0.0497391	-0.0877391	10.1	34	1.40348e-05	-0.00578676	0.996863	34	0	0
23	280280	-0.0432174	-0.0688696	10.1374	34	-0.000168417	-0.00606081	0.996635	34	0	0
23	280290	-0.033913	-0.0904348	10.1069	34	-4.2843e-05	-0.00602609	0.996574	34	0	0
23	280300	-0.0421739	-0.0764348	10.1351	34	-0.000131484	-0.00567744	0.996675	34	0	0
23	280310	-0.0535652	-0.0686087	10.1296	34	2.58535e-05	-0.0054093	0.996471	34	0	0
23	280320	-0.034	-0.0910435	10.1197	34	0	-0.00569517	0.996471	34	0	0
23	280330	-0.0445217	-0.0791304	10.0979	34	-0.000186884	-0.00566562	0.996562	34	0	0
23	280340	-0.0354783	-0.0806956	10.116	34	-0.000134438	-0.00555777	0.996836	34	0	0
23	280350	-0.0181739	-0.090087	10.1086	34	1.62508e-05	-0.00580597	0.996734	34	0	0
23	280360	-0.046087	-0.0722609	10.1028	34	-5.76165e-05	-0.00590347	0.996564	34	0	0
23	280370	-0.0433043	-0.0822609	10.113	34	-4.65364e-05	-0.00568187	0.996451	34	0	0
23	280380	-0.0553043	-0.0734783	10.1047	33.9375	-5.98325e-05	-0.00591381	0.996351	33.9375	0	0
23	280390	-0.0289565	-0.0769565	10.1094	34	-1.47734e-05	-0.00589756	0.996827	34	0	0
23	280400	-0.0405217	-0.0978261	10.1476	34	-0.000271093	-0.00559988	0.99671	34	0	0
23	280410	-0.0473913	-0.0827826	10.0943	34	-0.000223818	-0.00566045	0.996635	34	0	0
23	280420	-0.0322609	-0.0643478	10.0877	34	-0.000245239	-0.00559471	0.996597	34	0	0
23	280430	-0.0342609	-0.0772174	10.1243	34	-1.40348e-05	-0.0058658	0.996703	34	0	0
23	280440	-0.056087	-0.0926957	10.1134	34	-0.000357518	-0.00587983	0.996874	34	0	0
23	280450	-0.0385217	-0.0973913	10.1284	34	-0.000123358	-0.00594705	0.996378	34	0	0
23	280460	-0.0486956	-0.0991304	10.117	34	-0.000259274	-0.00547947	0.996375	34	0	0
23	280470	-0.0483478	-0.0785217	10.105	34	-0.000117449	-0.00582222	0.99692	34	0	0
23	280480	-0.0189565	-0.0886087	10.1548	34	-0.000167679	-0.00589904	0.996735	34	0	0
23	280490	-0.0430435	-0.104609	10.1027	34	-4.7275e-05	-0.00589165	0.996771	34	0	0
23	280500	-0.0285217	-0.0907826	10.113	34	-0.000119665	-0.00615684	0.996758	34	0	0
23	280510	-0.0457391	-0.0902609	10.1289	34	1.55121e-05	-0.00566119	0.996596	34	0	0
23	280520	-0.0293913	-0.0895652	10.103	34	-0.000152905	-0.00556073	0.996552	34	0	0
23	280530	-0.0449565	-0.0909565	10.0903	34	-0.000181713	-0.00581631	0.996653	34	0	0
23	280540	-0.0266957	-0.094087	10.1037	34	-0.000186145	-0.0056671	0.996644	34	0	0
23	280550	-0.0591304	-0.0984348	10.1513	34	-0.000211999	-0.00585029	0.996762	34	0	0
23	280560	-0.0367826	-0.108	10.0987	34	-5.39231e-05	-0.0059862	0.996686	34	0	0
23	280570	-0.0390435	-0.0747826	10.095	34	-8.1254e-05	-0.00546027	0.996579	34	0	0
23	280580	-0.0331304	-0.0846957	10.1119	34	-6.20485e-05	-0.00562056	0.996805	34	0	0
23	280590	-0.0335652	-0.0893044	10.0996	34	-0.000200919	-0.00557033	0.996727	34	0	0
23	280600	-0.0593913	-0.0769565	10.1217	33.9375	3.32403e-05	-0.00586506	0.996966	33.9375	0	0
23	280610	-0.0514783	-0.0932174	10.1005	34	-0.000328709	-0.00564789	0.996652	34	0	0
23	280620	-0.0393913	-0.0757391	10.1222	34	-0.000130006	-0.00583034	0.996527	34	0	0
23	280630	-0.0267826	-0.0749565	10.0659	34	-6.94352e-05	-0.00583477	0.996791	34	0	0
23	280640	-0.0296522	-0.0978261	10.1026	34	-0.000131484	-0.0058104	0.996709	34	0	0
23	280650	-0.0329565	-0.0716522	10.0827	34	-5.39231e-05	-0.00592268	0.996724	34	0	0
23	280660	-0.0504348	-0.0890435	10.1199	34	-0.000130006	-0.00590199	0.996539	34	0	0
23	280670	-0.0462609	-0.0911304	10.1238	34	-1.18188e-05	-0.00573062	0.996814	34	0	0
23	280680	-0.0432174	-0.0824348	10.1299	34	-4.94911e-05	-0.00565528	0.996748	34	0	0
23	280690	-0.0589565	-0.0763478	10.1095	34	-0.000135177	-0.00584659	0.996644	34	0	0
23	280700	-0.0458261	-0.103652	10.0885	34	1.62508e-05	-0.00566119	0.996693	34	0	0
23	280710	-0.0458261	-0.0824348	10.0881	34	-7.46059e-05	-0.00564567	0.996678	34	0	0
23	280720	-0.0414783	-0.0917391	10.1393	34	-5.76165e-05	-0.00619229	0.996559	34	0	0
23	280730	-0.0351304	-0.0946957	10.112	33.9375	-1.84668e-05	-0.00576017	0.996657	33.9375	0	0
23	280740	-0.035913	-0.100783	10.1207	34	-1.40348e-05	-0.00572693	0.996647	34	0	0
23	280750	-0.0396522	-0.0822609	10.1042	34	-4.5059e-05	-0.00549942	0.996661	34	0	0
23	280760	-0.0303478	-0.074	10.1217	34	3.76723e-05	-0.0055105	0.996478	34	0	0
23	280770	-0.0393043	-0.0913913	10.1183	33.9375	-0.000130006	-0.00550385	0.996791	33.9375	0	0
23	280780	-0.0309565	-0.098	10.1119	34	-0.000100459	-0.00627133	0.996761	34	0	0
23	280790	-0.0553043	-0.0924348	10.1473	34	-0.000153644	-0.0058887	0.996601	34	0	0
23	280800	-0.0467826	-0.0897391	10.0862	33.9375	-7.46059e-05	-0.00560948	0.996246	33.9375	0	0
23	280810	-0.0381739	-0.0917391	10.1051	34	-0.000143302	-0.00560726	0.996996	34	0	0
23	280820	-0.0321739	-0.0953043	10.1275	34	-0.000139609	-0.00595961	0.996778	34	0	0
23	280830	-0.0224348	-0.104174	10.127	34	-0.000268877	-0.00535611	0.996832	34	0	0
23	280840	-0.0449565	-0.0896522	10.1177	34	-0.00010563	-0.0055201	0.996789	34	0	0
23	280850	-0.0412174	-0.08	10.1103	34	3.69336e-06	-0.00596404	0.996763	34	0	0
23	280860	-0.0470435	-0.0991304	10.112	34	-0.000231943	-0.00587097	0.996886	34	0	0
23	280870	-0.0413043	-0.0933913	10.1126	34	1.99442e-05	-0.00590716	0.996936	34	0	0
23	280880	-0.0273043	-0.0809565	10.1347	34	-4.94911e-05	-0.00563755	0.99674	34	0	0
23	280890	-0.0338261	-0.0862609	10.1027	34	-0.000123358	-0.00574613	0.996527	34	0	0
23	280900	-0.0414783	-0.0829565	10.1172	34	-0.000137393	-0.00557698	0.99681	34	0	0
23	280910	-0.0271304	-0.0816522	10.1366	34	-8.1254e-06	-0.0059537	0.997005	34	0	0
23	280920	-0.0373913	-0.0910435	10.1203	34	0	-0.0060416	0.996783	34	0	0
23	280930	-0.03	-0.076	10.0927	34	-8.1254e-06	-0.00587245	0.996661	34	0	0
23	280940	-0.0461739	-0.1	10.126	34	-1.99442e-05	-0.00591086	0.996499	34	0	0
23	280950	-0.032	-0.0823478	10.1299	34	-5.46618e-05	-0.00562056	0.996457	34	0	0
23	280960	-0.0434783	-0.100609	10.1482	34	-6.72192e-05	-0.00567744	0.996831	34	0	0
23	280970	-0.0502609	-0.104696	10.0926	34	-0.000163985	-0.00589978	0.996811	34	0	0
23	280980	-0.0550435	-0.083913	10.099	34	-0.000151428	-0.0057742	0.996402	34	0	0
23	280990	-0.0396522	-0.0787826	10.1134	34	-8.05153e-05	-0.00560061	0.996647	34	0	0
23	281000	-0.0433913	-0.0830435	10.1257	34	-0.000253365	-0.0053768	0.996795	34	0	0
23	281010	-0.0489565	-0.0710435	10.0935	33.9375	-2.95469e-05	-0.00539526	0.996575	33.9375	0	0
23	281020	-0.0344348	-0.086087	10.121	34	-0.000154383	-0.00564493	0.996895	34	0	0
23	281030	-0.048087	-0.095913	10.1446	34	-0.000149212	-0.00578824	0.996607	34	0	0
23	281040	-0.0412174	-0.0929565	10.1521	34	-0.000108585	-0.00550016	0.99644	34	0	0
23	281050	-0.0446087	-0.101565	10.0813	34	-0.00012779	-0.00573727	0.99635	34	0	0
23	281060	-0.0443478	-0.0858261	10.0831	34	0	-0.00592859	0.99638	34	0	0
23	281070	-0.0381739	-0.100957	10.1566	33.9375	-1.84668e-05	-0.00587688	0.997227	33.9375	0	0
23	281080	-0.0261739	-0.0857391	10.1263	34	-1.84668e-05	-0.00574761	0.996727	34	0	0
23	281090	-0.0392174	-0.08	10.0821	34	-8.347e-05	-0.00547873	0.996396	34	0	0
23	281100	-0.0497391	-0.0946087	10.1307	34	-0.000382632	-0.0057971	0.996624	34	0	0
23	281110	-0.0346957	-0.0892174	10.1329	34	-0.000101937	-0.00567153	0.996429	34	0	0
23	281120	-0.0334783	-0.0952174	10.1123	34	-4.35817e-05	-0.00581483	0.996668	34	0	0
23	281130	-0.0421739	-0.0742609	10.107	34	-9.75048e-05	-0.00564567	0.996923	34	0	0
23	281140	-0.0524348	-0.0797391	10.1158	33.9375	-8.05153e-05	-0.00579267	0.99675	33.9375	0	0
23	281150	-0.0386957	-0.100348	10.1008	34	-5.83551e-05	-0.00591307	0.996511	34	0	0
23	281160	-0.0255652	-0.0891304	10.1043	34	-0.000121142	-0.00568704	0.996766	34	0	0
23	281170	-0.0418261	-0.0647826	10.121	34	-5.90938e-05	-0.00573948	0.996725	34	0	0
23	281180	-0.0444348	-0.0838261	10.1323	34	2.14215e-05	-0.00596995	0.996666	34	0	0
23	281190	-0.0534783	-0.109652	10.117	33.9375	-0.000126313	-0.00597512	0.996632	33.9375	0	0
23	281200	-0.0411304	-0.0822609	10.1039	33.9375	-9.97208e-05	-0.00594557	0.996601	33.9375	0	0
23	281210	-0.0358261	-0.0862609	10.1117	34	-0.000213476	-0.00612286	0.99634	34	0	0
23	281220	-0.0444348	-0.0978261	10.0931	34	-0.000187623	-0.00576755	0.996698	34	0	0
23	281230	-0.0494783	-0.0893044	10.0978	34	-4.13657e-05	-0.00572323	0.996629	34	0	0
23	281240	-0.0326957	-0.0874783	10.1123	34	9.30727e-05	-0.00580523	0.996554	34	0	0
23	281250	-0.0433913	-0.091913	10.1149	34	-2.95469e-05	-0.00563533	0.996638	34	0	0
23	281260	-0.0517391	-0.0870435	10.1155	34	-0.000170633	-0.00592268	0.996825	34	0	0
23	281270	-0.0516522	-0.0910435	10.1039	34	-0.000155121	-0.00571215	0.996409	34	0	0
23	281280	-0.0558261	-0.0929565	10.1244	34	-3.39789e-05	-0.00543885	0.996564	34	0	0
23	281290	-0.0338261	-0.103043	10.1157	34	-0.000128529	-0.00583699	0.996535	34	0	0
23	281300	-0.029913	-0.0942609	10.1191	34	4.13657e-05	-0.00568482	0.996454	34	0	0
23	281310	-0.0436522	-0.074	10.1064	34	-9.89821e-05	-0.00607558	0.996776	34	0	0
23	281320	-0.0394783	-0.0906956	10.0872	34	6.27872e-05	-0.0056863	0.996725	34	0	0
23	281330	-0.0397391	-0.068	10.0775	34	4.35817e-05	-0.00584216	0.996477	34	0	0
23	281340	-0.042087	-0.0816522	10.1134	34	-0.000150689	-0.00567818	0.996918	34	0	0
23	281350	-0.0576522	-0.091913	10.112	34	-0.000206828	-0.00547726	0.996206	34	0	0
23	281360	-0.0284348	-0.0922609	10.113	34	-5.24457e-05	-0.0057092	0.996565	34	0	0
23	281370	-0.018087	-0.0853913	10.1253	34	-9.67661e-05	-0.00584216	0.996488	34	0	0
23	281380	-0.0447826	-0.101565	10.1069	34	-2.43762e-05	-0.00582665	0.996714	34	0	0
23	281390	-0.046	-0.075913	10.0955	34	-3.69336e-05	-0.00568261	0.996632	34	0	0
23	281400	-0.0483478	-0.0963478	10.1258	34	-2.14215e-05	-0.00578898	0.996656	34	0	0
23	281410	-0.0333913	-0.107739	10.0975	34	-4.35817e-05	-0.00575574	0.996658	34	0	0
23	281420	-0.0442609	-0.0837391	10.0789	34	-6.20485e-05	-0.00562204	0.996795	34	0	0
23	281430	-0.0358261	-0.0896522	10.1455	34	3.02856e-05	-0.00570846	0.99694	34	0	0
23	281440	-0.0294783	-0.0884348	10.0778	34	2.06828e-05	-0.0059079	0.99668	34	0	0
23	281450	-0.0263478	-0.0894783	10.1074	34	-8.7902e-05	-0.00563976	0.996508	34	0	0
23	281460	-0.0406087	-0.074	10.1172	34	-0.000156599	-0.00589608	0.996788	34	0	0
23	281470	-0.0447826	-0.082087	10.1256	34	-2.06828e-05	-0.00566636	0.996624	34	0	0
23	281480	-0.0489565	-0.0884348	10.1171	34	-6.35258e-05	-0.00568852	0.996587	34	0	0
23	281490	-0.0454783	-0.0973913	10.1025	34	-2.58535e-05	-0.00560948	0.996438	34	0	0
23	281500	-0.0513043	-0.10487	10.1095	34	-5.17071e-06	-0.00563607	0.996666	34	0	0
23	281510	-0.0371304	-0.103478	10.133	34	-3.8411e-05	-0.00590642	0.996643	34	0	0
23	281520	-0.0525217	-0.0858261	10.1361	34	-3.54563e-05	-0.00603791	0.99654	34	0	0
23	281530	-0.0383478	-0.0762609	10.1037	34	-2.65922e-05	-0.00534947	0.996231	34	0	0
23	281540	-0.0412174	-0.077913	10.1189	34	-0.000121881	-0.00573284	0.996814	34	0	0
23	281550	-0.0303478	-0.0893913	10.1077	34	-0.00012262	-0.00592268	0.996629	34	0	0
23	281560	-0.0454783	-0.0989565	10.0877	34	-1.47734e-05	-0.00578528	0.997003	34	0	0
23	281570	-0.0464348	-0.0886956	10.1166	34	0.00012262	-0.0061428	0.996607	34	0	0
23	281580	-0.0618261	-0.0926957	10.115	34	-5.24457e-05	-0.00570181	0.996557	34	0	0
23	281590	-0.0650435	-0.0994783	10.1191	34	-0.000373768	-0.00595592	0.997023	34	0	0
23	281600	-0.0350435	-0.0936522	10.1036	33.9375	7.38672e-07	-0.00586432	0.996957	33.9375	0	0
23	281610	-0.0506957	-0.0966956	10.1221	34	7.16512e-05	-0.00599063	0.996629	34	0	0
23	281620	-0.0405217	-0.111913	10.1063	34	2.95469e-06	-0.00608075	0.996675	34	0	0
23	281630	-0.0669565	-0.0807826	10.1122	34	-1.69895e-05	-0.00582148	0.996696	34	0	0
23	281640	-0.0291304	-0.0838261	10.1298	34	-7.01739e-05	-0.00605785	0.997037	34	0	0
23	281650	-0.046	-0.0973043	10.1138	34	-0.00016694	-0.00574022	0.997059	34	0	0
23	281660	-0.0472174	-0.0946957	10.0889	33.9375	-0.000134438	-0.00588944	0.996813	33.9375	0	0
23	281670	-0.0361739	-0.0844348	10.1257	34	6.72192e-05	-0.0057321	0.996825	34	0	0
23	281680	-0.0481739	-0.0651304	10.0913	34	-0.000101198	-0.00580523	0.996519	34	0	0
23	281690	-0.0521739	-0.072	10.1057	34	-1.99442e-05	-0.00574761	0.996494	34	0	0
23	281700	-0.0468696	-0.0946087	10.099	34	-8.93794e-05	-0.00574318	0.99684	34	0	0
23	281710	-0.0357391	-0.0894783	10.1377	34	0.000123358	-0.00585176	0.99668	34	0	0
23	281720	-0.0476522	-0.0811304	10.0685	34	-0.00012779	-0.00553783	0.996672	34	0	0
23	281730	-0.0332174	-0.0758261	10.1239	34	-0.000113756	-0.00590199	0.996408	34	0	0
23	281740	-0.0445217	-0.0934783	10.1095	34	-6.79579e-05	-0.00574466	0.996659	34	0	0
23	281750	-0.0252174	-0.0698261	10.1606	34	-0.000106369	-0.00545657	0.99646	34	0	0
23	281760	-0.0586956	-0.0970435	10.1397	34	-2.21602e-06	-0.0056634	0.996656	34	0	0
23	281770	-0.0384348	-0.0932174	10.1246	34	-5.54004e-05	-0.005885	0.9965	34	0	0
23	281780	-0.0645217	-0.0863478	10.1022	34	0	-0.00548834	0.996422	34	0	0
23	281790	-0.0425217	-0.0804348	10.1197	34	-0.000238591	-0.00586875	0.996807	34	0	0
23	281800	-0.0549565	-0.098	10.1042	34	5.90938e-06	-0.00596183	0.996495	34	0	0
23	281810	-0.045913	-0.0770435	10.0769	34	-3.76723e-05	-0.00619672	0.996675	34	0	0
23	281820	-0.0485217	-0.0729565	10.1072	34	-0.000178759	-0.00590347	0.99669	34	0	0
23	281830	-0.0497391	-0.0922609	10.1191	34	-3.39789e-05	-0.00615166	0.996451	34	0	0
23	281840	-0.0472174	-0.096	10.0824	34	-0.000245978	-0.00563533	0.996497	34	0	0
23	281850	-0.0552174	-0.0917391	10.117	34	4.13657e-05	-0.00574835	0.996649	34	0	0
23	281860	-0.0392174	-0.0832174	10.1448	34	-0.000141825	-0.00600688	0.996502	34	0	0
23	281870	-0.0517391	-0.0635652	10.152	34	2.14215e-05	-0.00546839	0.996591	34	0	0
23	281880	-0.0529565	-0.0717391	10.1132	34	-7.46059e-05	-0.00573284	0.996598	34	0	0
23	281890	-0.0372174	-0.0698261	10.0879	34	-3.91496e-05	-0.00611325	0.996782	34	0	0
23	281900	-0.0383478	-0.099913	10.0857	34	4.80137e-05	-0.00562942	0.996535	34	0	0
23	281910	-0.0536522	-0.0837391	10.1177	34	-0.000110801	-0.00587688	0.996863	34	0	0
23	281920	-0.0490435	-0.102261	10.1455	34	-5.54004e-05	-0.00591012	0.996704	34	0	0
23	281930	-0.0361739	-0.0909565	10.1283	34	-3.32403e-05	-0.00590495	0.996416	34	0	0
23	281940	-0.0406957	-0.0889565	10.1142	34	-3.25016e-05	-0.00571954	0.996776	34	0	0
23	281950	-0.0302609	-0.088087	10.1302	34	-8.7902e-05	-0.00554004	0.996999	34	0	0
23	281960	-0.0543478	-0.0936522	10.1195	34	-4.13657e-05	-0.00579636	0.996832	34	0	0
23	281970	-0.0386087	-0.0733913	10.111	34	-2.21602e-06	-0.00587245	0.996804	34	0	0
23	281980	-0.047913	-0.0815652	10.1114	34	-0.000279218	-0.00582665	0.996381	34	0	0
23	281990	-0.038	-0.108	10.1161	34	-0.000147734	-0.00612064	0.997021	34	0	0
23	282000	-0.0466956	-0.0945217	10.096	34	8.27313e-05	-0.00558215	0.996587	34	0	0
23	282010	-0.0493913	-0.105739	10.0813	34	-3.32403e-05	-0.00593893	0.996653	34	0	0
23	282020	-0.0388696	-0.0796522	10.1126	34	0	-0.00579858	0.996609	34	0	0
23	282030	-0.0544348	-0.0826957	10.075	34	-9.60274e-06	-0.00587392	0.996743	34	0	0
23	282040	-0.0325217	-0.0769565	10.1277	34	-0.00012779	-0.00565232	0.996296	34	0	0
23	282050	-0.0387826	-0.0767826	10.1244	34	-0.000120404	-0.00561613	0.996614	34	0	0
23	282060	-0.035913	-0.0866956	10.0761	34	0.000157337	-0.0059537	0.996731	34	0	0
23	282070	-0.0491304	-0.10113	10.0917	34	-6.05711e-05	-0.00605416	0.996395	34	0	0
23	282080	-0.0502609	-0.0905217	10.0899	34	-0.000113756	-0.00578233	0.996461	34	0	0
23	282090	-0.0555652	-0.0846957	10.1057	34	-6.42645e-05	-0.00601206	0.996867	34	0	0
23	282100	-0.0526087	-0.09	10.1225	34	-6.57418e-05	-0.00587319	0.996541	34	0	0
23	282110	-0.0188696	-0.0929565	10.1402	34	0	-0.00571806	0.99696	34	0	0
23	282120	-0.0511304	-0.0832174	10.1368	34	-4.2843e-05	-0.00573062	0.99636	34	0	0
23	282130	-0.0322609	-0.0844348	10.0803	34	-7.38672e-07	-0.00636292	0.996816	34	0	0
23	282140	-0.0443478	-0.086	10.1313	34	-0.000100459	-0.00572914	0.996519	34	0	0
23	282150	-0.026	-0.073913	10.1143	34	-0.000202396	-0.00588722	0.996573	34	0	0
23	282160	-0.0389565	-0.063913	10.1462	34	-8.27313e-05	-0.00576829	0.996468	34	0	0
23	282170	-0.039913	-0.0953043	10.1537	33.9375	-0.000110062	-0.00596774	0.996582	33.9375	0	0
23	282180	-0.0467826	-0.115043	10.0863	34	-0.000320584	-0.00588057	0.996408	34	0	0
23	282190	-0.0330435	-0.10087	10.1059	34	8.19926e-05	-0.00564272	0.996697	34	0	0
23	282200	-0.049913	-0.0823478	10.082	34	-0.000146257	-0.00571954	0.9967	34	0	0
23	282210	-0.0593043	-0.0715652	10.1197	34	4.7275e-05	-0.00599728	0.996629	34	0	0
23	282220	-0.0453913	-0.0782609	10.097	34	-3.17629e-05	-0.00569738	0.996544	34	0	0
23	282230	-0.033913	-0.0904348	10.1283	34	1.84668e-05	-0.00587836	0.99658	34	0	0
23	282240	-0.0385217	-0.078	10.1458	34	4.13657e-05	-0.00538197	0.99691	34	0	0
23	282250	-0.0524348	-0.104261	10.1425	34	-8.1254e-06	-0.00589608	0.996621	34	0	0
23	282260	-0.0489565	-0.08	10.1325	34	8.1254e-05	-0.00595518	0.996627	34	0	0
23	282270	-0.018	-0.0948696	10.1274	34	0	-0.0059441	0.996579	34	0	0
23	282280	-0.0409565	-0.0813043	10.115	34	-0.000151428	-0.00589756	0.996768	34	0	0
23	282290	-0.047913	-0.0701739	10.1189	34	-7.23899e-05	-0.00573948	0.996454	34	0	0
23	282300	-0.052087	-0.0958261	10.0918	34	-0.000201658	-0.00573431	0.996516	34	0	0
23	282310	-0.0408696	-0.0806956	10.1307	34	0.000163247	-0.00608075	0.996969	34	0	0
23	282320	-0.0483478	-0.0887826	10.1697	34	6.94352e-05	-0.00557328	0.996812	34	0	0
23	282330	-0.0349565	-0.0821739	10.0966	34	7.38672e-06	-0.00606819	0.996604	34	0	0
23	282340	-0.05	-0.0716522	10.1405	34	-2.28988e-05	-0.00581261	0.99671	34	0	0
23	282350	-0.0517391	-0.0833913	10.1162	34	-0.000262229	-0.00579932	0.996264	34	0	0
23	282360	-0.0428696	-0.0878261	10.1173	34	-0.000440249	-0.00611842	0.996577	34	0	0
23	282370	-0.0404348	-0.0877391	10.1328	34	-3.69336e-05	-0.00633264	0.99666	34	0	0
23	282380	-0.0305217	-0.0869565	10.0845	34	-4.94911e-05	-0.00600393	0.996808	34	0	0
23	282390	-0.0325217	-0.0643478	10.0917	34	-0.000132222	-0.00564789	0.996641	34	0	0
23	282400	-0.047913	-0.0947826	10.1328	34	-0.000104153	-0.00583034	0.99655	34	0	0
23	282410	-0.0371304	-0.0977391	10.1505	34	-7.53446e-05	-0.00589682	0.996446	34	0	0
23	282420	-0.0497391	-0.088087	10.1172	34	-6.64805e-05	-0.00584585	0.996483	34	0	0
23	282430	-0.0495652	-0.0813043	10.0958	34	0	-0.00592785	0.996404	34	0	0
23	282440	-0.0373043	-0.0763478	10.0827	34	6.94352e-05	-0.00574983	0.996308	34	0	0
23	282450	-0.0277391	-0.0806956	10.0896	34	0.000152905	-0.00587097	0.996819	34	0	0
23	282460	-0.0408696	-0.0738261	9.63339	34	0.000115972	-0.00603939	0.99664	34	0	0
23	282470	-0.0333913	-0.0750435	8.712	34	0.000282912	-0.00641389	0.996686	34	0	0
23	282480	-0.0473913	-0.0644348	7.72122	34	0.000118188	-0.00594705	0.996478	34	0	0
23	282490	-0.0278261	-0.092	6.72774	34	0.000118188	-0.00628167	0.996124	34	0	0
23	282500	-0.035913	-0.103478	5.6913	34	2.73309e-05	-0.00644049	0.996549	34	0	0
23	282510	-0.0155652	-0.0972174	4.71061	34	0.000241546	-0.00640725	0.996579	34	0	0
23	282520	-0.0243478	-0.0866087	3.76226	34	8.19926e-05	-0.00608518	0.996581	34	0	0
23	282530	0.0102609	-0.092	2.75043	34	0.000123358	-0.00607189	0.996691	34	0	0
23	282540	0.0141739	-0.0846087	1.74435	34	0.000106369	-0.00563681	0.996916	34	0	0
23	282550	-0.00330435	-0.0773913	1.24113	34	5.68778e-05	-0.00574539	0.996614	34	0	0
23	282560	0.00156522	-0.0909565	1.11983	34	-2.21602e-06	-0.00588648	0.996298	34	0	0
23	282570	-0.000956522	-0.0693913	1.11774	34	2.95469e-05	-0.00582296	0.996874	34	0	0
23	282580	-0.00295652	-0.0578261	0.905565	33.9375	0.000130006	-0.0058754	0.996229	33.9375	0	0
23	282590	0.0115652	-0.081913	0.289826	33.9375	8.71634e-05	-0.00604382	0.996795	33.9375	0	0
23	282600	0.0222609	-0.0905217	0.116435	34	-0.000158076	-0.00560209	0.996713	34	0	0
23	282610	0.0113913	-0.0750435	0.0628696	34	-0.000136654	-0.00581926	0.99676	34	0	0
23	282620	0.014087	-0.078	0.064087	34	2.65922e-05	-0.00596626	0.996551	34	0	0
23	282630	0.0133043	-0.0903478	0.0794783	34	-4.21043e-05	-0.00571437	0.996929	34	0	0
23	282640	0.0195652	-0.0866956	0.0724348	33.9375	6.50032e-05	-0.00596847	0.996949	33.9375	0	0
23	282650	0.0246087	-0.0906956	0.0450435	33.9375	-0.000128529	-0.0059958	0.996428	33.9375	0	0
23	282660	0.00513043	-0.090087	0.058087	34	0	-0.00568926	0.996708	34	0	0
23	282670	0.014	-0.0965217	0.0836522	34	-1.10801e-05	-0.00581852	0.996319	34	0	0
23	282680	0.00713043	-0.0891304	0.0473913	33.9375	-5.02297e-05	-0.00606746	0.996899	33.9375	0	0
23	282690	0.010087	-0.0652174	0.0866956	34	-0.000104153	-0.00609479	0.996664	34	0	0
23	282700	0.0191304	-0.0936522	0.0733913	34	-3.39789e-05	-0.00558732	0.996791	34	0	0
23	282710	0.0208696	-0.0873043	0.0496522	34	0	-0.00578233	0.996749	34	0	0
23	282720	0.00704348	-0.0871304	0.0592174	34	0	-0.00557772	0.99664	34	0	0
23	282730	0.0177391	-0.0778261	0.0821739	33.9375	-0.000109324	-0.00580744	0.996624	33.9375	0	0
23	282740	0.0124348	-0.0696522	0.0898261	34	-2.88082e-05	-0.00590495	0.9962	34	0	0
23	282750	0.0246087	-0.0969565	0.115391	34	0.000381155	-0.0056538	0.996471	34	0	0
23	282760	0.0324348	-0.0873913	0.0885217	34	0.000183929	-0.0061849	0.996667	34	0	0
23	282770	0.00026087	-0.0941739	0.0642609	34	-5.02297e-05	-0.00594484	0.99662	34	0	0
23	282780	0.0135652	-0.0666957	0.0828696	34	-1.77281e-05	-0.00598546	0.996513	34	0	0
23	282790	0.00565217	-0.0901739	0.111826	34	-5.61391e-05	-0.00578602	0.996706	34	0	0
23	282800	0.0182609	-0.0849565	0.0970435	34	-2.14215e-05	-0.00546248	0.996787	34	0	0
23	282810	0.00982609	-0.0834783	0.0733913	34	-8.49473e-05	-0.00569517	0.996347	34	0	0
23	282820	-0.000434783	-0.0726957	0.0776522	34	-3.76723e-05	-0.00591307	0.99658	34	0	0
23	282830	0.0131304	-0.0987826	0.0715652	33.9375	0.000192794	-0.00579784	0.996651	33.9375	0	0
23	282840	0.0175652	-0.0957391	0.0945217	34	2.28988e-05	-0.00574318	0.996434	34	0	0
23	282850	0.000869565	-0.0684348	0.11313	34	0	-0.00576238	0.996461	34	0	0
23	282860	0.0152174	-0.0866087	0.0907826	34	5.17071e-05	-0.00566931	0.996539	34	0	0
23	282870	0.0269565	-0.0824348	0.103304	34	0	-0.0058658	0.996664	34	0	0
23	282880	0.0209565	-0.0973043	0.0947826	34	0.000217908	-0.0059766	0.996466	34	0	0
23	282890	0.0203478	-0.0713913	0.0773043	34	5.09684e-05	-0.00568187	0.996527	34	0	0
23	282900	0.0133913	-0.0865217	0.104522	34	-0.000127052	-0.00582074	0.996732	34	0	0
23	282910	0.0221739	-0.0821739	0.100261	33.9375	8.05153e-05	-0.00599507	0.996728	33.9375	0	0
23	282920	0.0236522	-0.0726957	0.111565	34	2.28988e-05	-0.00608001	0.99668	34	0	0
23	282930	-0.0073913	-0.0893044	0.108087	34	5.46618e-05	-0.00609479	0.996884	34	0	0
23	282940	0.0218261	-0.0774783	0.0854783	34	-5.90938e-06	-0.00624326	0.996858	34	0	0
23	282950	0.02	-0.0934783	0.0673913	34	-1.77281e-05	-0.00570698	0.996544	34	0	0
23	282960	0.00226087	-0.0646087	0.0736522	33.9375	7.31286e-05	-0.00631048	0.996444	33.9375	0	0
23	282970	0.016087	-0.0696522	0.0906087	34	2.14215e-05	-0.00574022	0.996324	34	0	0
23	282980	0.002	-0.0966956	0.0533043	34	-1.18188e-05	-0.00587688	0.996682	34	0	0
23	282990	0.02	-0.0874783	0.0805217	34	-4.65364e-05	-0.00604086	0.996804	34	0	0
23	283000	0.0212174	-0.0842609	0.106696	33.9375	0.000118188	-0.0058754	0.996621	33.9375	0	0
23	283010	0.0118261	-0.0823478	0.0745217	34	7.09126e-05	-0.00587171	0.996544	34	0	0
23	283020	0.002	-0.0955652	0.0806087	34	-9.60274e-05	-0.00565971	0.996635	34	0	0
23	283030	0.0152174	-0.0736522	0.0950435	34	-2.14215e-05	-0.00574909	0.996864	34	0	0
23	283040	0.0152174	-0.0973043	0.0881739	34	5.54004e-05	-0.00618638	0.99648	34	0	0
23	283050	0.00026087	-0.0774783	0.0749565	34	-6.27872e-05	-0.00613689	0.996504	34	0	0
23	283060	0.0137391	-0.0772174	0.0417391	34	1.55121e-05	-0.00593523	0.99664	34	0	0
23	283070	0.0106087	-0.0776522	0.0817391	34	-1.32961e-05	-0.00574539	0.996248	34	0	0
23	283080	0.00991304	-0.0948696	0.0725217	34	6.64805e-06	-0.00558953	0.996588	34	0	0
23	283090	0.0183478	-0.0833043	0.0521739	34	2.21602e-05	-0.00593893	0.996595	34	0	0
23	283100	-0.00226087	-0.0972174	0.0933043	34	4.65364e-05	-0.00599654	0.996726	34	0	0
23	283110	0.0066087	-0.0882609	0.0862609	34	2.88082e-05	-0.00604308	0.996839	34	0	0
23	283120	0.0206957	-0.0763478	0.0817391	33.9375	-0.000162508	-0.00585915	0.996632	33.9375	0	0
23	283130	0.0122609	-0.0647826	0.0633913	34	-8.1254e-05	-0.00566783	0.996253	34	0	0
23	283140	0.023913	-0.0826957	0.0729565	34	-4.80137e-05	-0.0055105	0.996624	34	0	0
23	283150	0.02	-0.0866087	0.091913	33.9375	6.50032e-05	-0.00588353	0.996466	33.9375	0	0
23	283160	0.0113043	-0.0950435	0.0314783	34	-1.25574e-05	-0.00608814	0.996674	34	0	0
23	283170	0.0131304	-0.0829565	0.098087	34	5.76165e-05	-0.00590125	0.996697	34	0	0
23	283180	0.0174783	-0.091913	0.064	33.9375	-0.000167679	-0.00587392	0.996615	33.9375	0	0
23	283190	0.0266087	-0.0752174	0.0729565	33.9375	9.75048e-05	-0.00604234	0.996545	33.9375	0	0
23	283200	-0.012087	-0.0913043	0.0683478	34	1.99442e-05	-0.00615093	0.996723	34	0	0
23	283210	0.02	-0.0793043	0.0824348	34	0	-0.00585472	0.996605	34	0	0
23	283220	0.0110435	-0.0746087	0.108696	34	0	-0.00581187	0.996606	34	0	0
23	283230	0.00634783	-0.066	0.110609	34	0	-0.00598842	0.996409	34	0	0
23	283240	0.0114783	-0.0956522	0.0944348	34	-1.84668e-05	-0.00590273	0.996841	34	0	0
23	283250	0.0173913	-0.0909565	0.0631304	34	3.32403e-05	-0.00605342	0.9966	34	0	0
23	283260	0.0186957	-0.0986957	0.104261	34	-8.42087e-05	-0.00586728	0.996566	34	0	0
23	283270	0.0171304	-0.0840869	0.0833913	34	-4.13657e-05	-0.00563459	0.996263	34	0	0
23	283280	0.02	-0.0711304	0.11513	34	-5.31844e-05	-0.0060453	0.99643	34	0	0
23	283290	0.00756522	-0.0721739	0.0863478	34	0	-0.0058296	0.996584	34	0	0
23	283300	0.0158261	-0.0794783	0.0984348	34	6.64805e-05	-0.00587023	0.996706	34	0	0
23	283310	0.00704348	-0.0996522	0.0834783	34	-8.05153e-05	-0.00573875	0.996707	34	0	0
23	283320	0.0212174	-0.0901739	0.0846087	34	4.0627e-05	-0.00569738	0.996466	34	0	0
23	283330	0.0108696	-0.0865217	0.112609	34	0	-0.00563607	0.996508	34	0	0
23	283340	-0.000608696	-0.0808696	0.0834783	34	5.46618e-05	-0.00595075	0.996367	34	0	0
23	283350	0.0197391	-0.0853913	0.0896522	34	-1.47734e-05	-0.00584364	0.997051	34	0	0
23	283360	0.0191304	-0.094	0.099913	34	1.62508e-05	-0.00562647	0.996711	34	0	0
23	283370	-0.00982609	-0.0812174	0.0718261	34	-0.000118188	-0.00579636	0.996767	34	0	0
23	283380	0.0152174	-0.0786087	0.11913	34	0	-0.00581409	0.996678	34	0	0
23	283390	0.0111304	-0.0814783	0.0845217	33.9375	0.000101198	-0.00583108	0.99677	33.9375	0	0
23	283400	-0.000695652	-0.0923478	0.116	34	0	-0.00584733	0.996315	34	0	0
23	283410	0.0112174	-0.0902609	0.0798261	34	1.62508e-05	-0.00579784	0.996319	34	0	0
23	283420	0.00695652	-0.0942609	0.096087	34	3.10242e-05	-0.00586137	0.996756	34	0	0
23	283430	0.0195652	-0.0986957	0.0831304	34	2.95469e-06	-0.00582222	0.996566	34	0	0
23	283440	0.0205217	-0.109826	0.09	33.9375	8.64247e-05	-0.00590347	0.996371	33.9375	0	0
23	283450	0.0167826	-0.0664348	0.104609	33.9375	-1.77281e-05	-0.00562425	0.996463	33.9375	0	0
23	283460	0.0113913	-0.0724348	0.0901739	33.9375	-5.46618e-05	-0.00610291	0.996378	33.9375	0	0
23	283470	0.024087	-0.0983478	0.122261	33.9375	2.88082e-05	-0.00592785	0.996726	33.9375	0	0
23	283480	0.01	-0.10087	0.0810435	33.9375	7.38672e-06	-0.00575943	0.996766	33.9375	0	0
23	283490	0.0211304	-0.0783478	0.0570435	33.9375	-8.71634e-05	-0.00590495	0.996496	33.9375	0	0
23	283500	0.02	-0.0853043	0.0866087	33.9375	0.000324277	-0.00627428	0.996475	33.9375	0	0
23	283510	0.0149565	-0.0873913	0.112696	34	-4.21043e-05	-0.00599507	0.996557	34	0	0
23	283520	0.0273043	-0.0849565	0.0605217	34	-0.000194271	-0.00583034	0.996587	34	0	0
23	283530	0.0227826	-0.0886087	0.0773913	34	-0.000245239	-0.0060512	0.996627	34	0	0
23	283540	0.02	-0.056087	0.0857391	34	2.80696e-05	-0.00616496	0.996645	34	0	0
23	283550	0.024	-0.0863478	0.0675652	34	0.000132961	-0.00604086	0.996516	34	0	0
23	283560	0.00234783	-0.0828696	0.0807826	33.9375	-3.76723e-05	-0.00574613	0.996597	33.9375	0	0
23	283570	0.0106087	-0.0685217	0.0587826	34	-9.89821e-05	-0.00563533	0.996696	34	0	0
23	283580	0.011913	-0.066	0.0652174	34	-4.5059e-05	-0.00592932	0.996491	34	0	0
23	283590	0.0129565	-0.0852174	0.0628696	34	1.69895e-05	-0.00575204	0.996161	34	0	0
