23	590200	-0.692696	-0.0624348	120.161	34.1875	-0.00503553	-0.011965	0.996365	34.1875	0	0
23	590210	-0.694087	-0.0588696	120.042	34.125	-0.00503775	-0.0124392	0.996383	34.125	0	0
23	590220	-0.681217	-0.0513043	120.077	34.125	-0.00512713	-0.0122804	0.996548	34.125	0	0
23	590230	-0.670522	-0.0658261	120.068	34.125	-0.00505769	-0.0119355	0.996516	34.125	0	0
23	590240	-0.688174	-0.0610435	120.087	34.125	-0.0050178	-0.0119384	0.996839	34.125	0	0
23	590250	-0.661826	-0.0843478	120.039	34.125	-0.00509832	-0.0116895	0.996636	34.125	0	0
23	590260	-0.682	-0.0821739	120.049	34.125	-0.0051323	-0.011784	0.99641	34.125	0	0
23	590270	-0.673478	-0.0889565	120.11	34.125	-0.00506212	-0.0118956	0.99648	34.125	0	0
23	590280	-0.689739	-0.0734783	120.158	34.125	-0.00499195	-0.011985	0.996556	34.125	0	0
23	590290	-0.701913	-0.0710435	120.027	34.125	-0.00483166	-0.0119044	0.996402	34.125	0	0
23	590300	-0.66887	-0.085913	120.106	34.125	-0.00468466	-0.0116311	0.996553	34.125	0	0
23	590310	-0.686087	-0.064087	120.103	34.125	-0.0050082	-0.0117072	0.996327	34.125	0	0
23	590320	-0.696174	-0.0815652	120.071	34.125	-0.00479177	-0.0117523	0.996536	34.125	0	0
23	590330	-0.690174	-0.0675652	120.098	34.125	-0.00487745	-0.011736	0.996532	34.125	0	0
23	590340	-0.695478	-0.054087	120.056	34.125	-0.00501115	-0.012047	0.996763	34.125	0	0
23	590350	-0.69887	-0.0693913	120.055	34.125	-0.0049432	-0.0121349	0.996758	34.125	0	0
23	590360	-0.680261	-0.0723478	120.033	34.125	-0.00495206	-0.0120581	0.996424	34.125	0	0
23	590370	-0.686696	-0.0735652	120.154	34.125	-0.00490626	-0.0117781	0.996301	34.125	0	0
23	590380	-0.704696	-0.0657391	120.059	34.125	-0.00506138	-0.0122435	0.99647	34.125	0	0
23	590390	-0.683043	-0.0705217	120.102	34.125	-0.00502076	-0.0122184	0.996457	34.125	0	0
23	590400	-0.687478	-0.0890435	120.106	34.125	-0.0050311	-0.0120226	0.996745	34.125	0	0
23	590410	-0.695304	-0.0515652	120.079	34.1875	-0.00509536	-0.0121844	0.996861	34.1875	0	0
23	590420	-0.687826	-0.0785217	120.055	34.125	-0.00484274	-0.0123587	0.996431	34.125	0	0
23	590430	-0.682261	-0.0747826	120.045	34.125	-0.00500894	-0.0115558	0.996494	34.125	0	0
23	590440	-0.680087	-0.0671304	120.047	34.125	-0.00500303	-0.0120396	0.996764	34.125	0	0
23	590450	-0.693043	-0.0687826	120.05	34.125	-0.0049661	-0.0117863	0.996528	34.125	0	0
23	590460	-0.684522	-0.0649565	120.06	34.125	-0.00513304	-0.0120042	0.99648	34.125	0	0
23	590470	-0.680522	-0.0582609	120.063	34.125	-0.00494098	-0.0119724	0.996526	34.125	0	0
23	590480	-0.672174	-0.0681739	120.044	34.125	-0.00498604	-0.0122974	0.99669	34.125	0	0
23	590490	-0.675391	-0.0738261	120.146	34.125	-0.00506508	-0.0119406	0.9967	34.125	0	0
23	590500	-0.679739	-0.0876522	120.073	34.125	-0.00502667	-0.0123765	0.99646	34.125	0	0
23	590510	-0.701739	-0.084	120.088	34.125	-0.00484274	-0.0118269	0.996513	34.125	0	0
23	590520	-0.679217	-0.0613913	120.164	34.125	-0.00489666	-0.0119096	0.996577	34.125	0	0
23	590530	-0.698348	-0.0707826	120.035	34.125	-0.00518622	-0.0114509	0.99635	34.125	0	0
23	590540	-0.699652	-0.0641739	120.086	34.125	-0.00503405	-0.0119118	0.996521	34.125	0	0
23	590550	-0.695739	-0.0632174	120.087	34.125	-0.00490035	-0.0121401	0.996769	34.125	0	0
23	590560	-0.692696	-0.0770435	120.07	34.125	-0.00494984	-0.0122014	0.996397	34.125	0	0
23	590570	-0.690956	-0.104	120.067	34.125	-0.00524236	-0.0120485	0.996238	34.125	0	0
23	590580	-0.684696	-0.0790435	120.071	34.125	-0.00487598	-0.0119658	0.996599	34.125	0	0
23	590590	-0.680087	-0.0882609	120.04	34.125	-0.00522389	-0.0120921	0.996383	34.125	0	0
23	590600	-0.687739	-0.0571304	120.083	34.125	-0.00481836	-0.0120529	0.996595	34.125	0	0
23	590610	-0.683652	-0.0726957	120.124	34.125	-0.00495206	-0.012279	0.996531	34.125	0	0
23	590620	-0.693826	-0.0445217	120.065	34.125	-0.00512048	-0.0120049	0.996336	34.125	0	0
23	590630	-0.677739	-0.0796522	120.096	34.125	-0.00497496	-0.012194	0.996598	34.125	0	0
23	590640	-0.68313	-0.0806956	120.079	34.125	-0.00489075	-0.0119096	0.996594	34.125	0	0
23	590650	-0.705217	-0.0754783	120.121	34.125	-0.00487819	-0.0118601	0.996684	34.125	0	0
23	590660	-0.680087	-0.0630435	120.047	34.125	-0.00491143	-0.0119377	0.996672	34.125	0	0
23	590670	-0.681652	-0.0671304	120.084	34.125	-0.0049661	-0.0120492	0.996885	34.125	0	0
23	590680	-0.697043	-0.0712174	120.095	34.125	-0.00466989	-0.0123831	0.996491	34.125	0	0
23	590690	-0.706	-0.0791304	120.099	34.125	-0.00505326	-0.012095	0.996227	34.125	0	0
23	590700	-0.701739	-0.0793043	120.074	34.125	-0.00495723	-0.0116075	0.996665	34.125	0	0
23	590710	-0.690609	-0.0686087	120.092	34.125	-0.00470239	-0.0117619	0.996725	34.125	0	0
23	590720	-0.679304	-0.0686087	120.048	34.125	-0.00507246	-0.0118867	0.996418	34.125	0	0
23	590730	-0.674087	-0.0526957	120.095	34.125	-0.00505991	-0.0121792	0.99675	34.125	0	0
23	590740	-0.683565	-0.0569565	120.112	34.125	-0.00494837	-0.0117811	0.996508	34.125	0	0
23	590750	-0.69713	-0.0573043	120.116	34.125	-0.00489666	-0.012344	0.996758	34.125	0	0
23	590760	-0.669478	-0.0652174	120.111	34.125	-0.00522832	-0.0120633	0.996251	34.125	0	0
23	590770	-0.701652	-0.0711304	120.043	34.125	-0.00506729	-0.0121977	0.996562	34.125	0	0
23	590780	-0.677565	-0.0361739	120.028	34.125	-0.00484939	-0.0120647	0.996439	34.125	0	0
23	590790	-0.677739	-0.0633913	120.065	34.125	-0.00496757	-0.0117641	0.996491	34.125	0	0
23	590800	-0.686435	-0.060087	120.155	34.125	-0.00520764	-0.0117685	0.99648	34.125	0	0
23	590810	-0.677739	-0.0625217	120.019	34.125	-0.00500598	-0.0119089	0.996488	34.125	0	0
23	590820	-0.677043	-0.0782609	120.049	34.125	-0.0049624	-0.011654	0.996732	34.125	0	0
23	590830	-0.683826	-0.0678261	120.12	34.125	-0.00491143	-0.0119953	0.996557	34.125	0	0
23	590840	-0.668435	-0.0630435	120.058	34.125	-0.00524236	-0.0120359	0.996443	34.125	0	0
23	590850	-0.678	-0.0691304	120.05	34.125	-0.0050407	-0.0118424	0.996861	34.125	0	0
23	590860	-0.694	-0.0805217	120.055	34.125	-0.00501706	-0.0119621	0.996754	34.125	0	0
23	590870	-0.695913	-0.0751304	120.093	34.125	-0.00492916	-0.0120352	0.996478	34.125	0	0
23	590880	-0.686522	-0.0808696	120.081	34.125	-0.00501337	-0.0121534	0.996802	34.125	0	0
23	590890	-0.667304	-0.0518261	120.121	34.125	-0.0047541	-0.0120596	0.996711	34.125	0	0
23	590900	-0.69	-0.0713913	120.048	34.125	-0.00494837	-0.011883	0.996365	34.125	0	0
23	590910	-0.682261	-0.0462609	120.054	34.125	-0.0049853	-0.0119562	0.996133	34.125	0	0
23	590920	-0.685565	-0.0686956	120.072	34.125	-0.00493729	-0.0120322	0.996467	34.125	0	0
23	590930	-0.682087	-0.0733913	120.077	34.125	-0.00514412	-0.0120278	0.996403	34.125	0	0
23	590940	-0.681739	-0.0830435	120.133	34.125	-0.0049624	-0.0118276	0.996008	34.125	0	0
23	590950	-0.697826	-0.0728696	119.983	34.125	-0.00493138	-0.0120559	0.996844	34.125	0	0
23	590960	-0.70313	-0.0843478	120.047	34.125	-0.00488189	-0.0119628	0.996718	34.125	0	0
23	590970	-0.691391	-0.083913	120.012	34.125	-0.00468244	-0.0122967	0.996659	34.125	0	0
23	590980	-0.699739	-0.080087	120.118	34.125	-0.0048287	-0.0118527	0.996318	34.125	0	0
23	590990	-0.681913	-0.070087	120.066	34.125	-0.00485677	-0.0120271	0.996495	34.125	0	0
23	591000	-0.679739	-0.0615652	120.119	34.125	-0.00496757	-0.0118734	0.996709	34.125	0	0
23	591010	-0.679304	-0.0804348	120.015	34.125	-0.00487745	-0.0121608	0.996691	34.125	0	0
23	591020	-0.695478	-0.0648696	120.099	34.125	-0.00485086	-0.0123728	0.996783	34.125	0	0
23	591030	-0.669043	-0.063913	120.079	34.125	-0.00497348	-0.0121179	0.996478	34.125	0	0
23	591040	-0.66713	-0.0729565	120.078	34.125	-0.00481762	-0.0121364	0.996425	34.125	0	0
23	591050	-0.691739	-0.0538261	120.085	34.125	-0.00484348	-0.0119362	0.99657	34.125	0	0
23	591060	-0.679391	-0.0633913	120.176	34.125	-0.00485677	-0.0118387	0.996909	34.125	0	0
23	591070	-0.680348	-0.0756522	120.081	34.125	-0.00525713	-0.0119104	0.996947	34.125	0	0
23	591080	-0.67513	-0.0675652	120.114	34.125	-0.00503922	-0.0119813	0.99659	34.125	0	0
23	591090	-0.686348	-0.0481739	120.11	34.125	-0.00494098	-0.0121386	0.996545	34.125	0	0
23	591100	-0.672174	-0.0726957	120.069	34.125	-0.00524753	-0.0122457	0.996699	34.125	0	0
23	591110	-0.679043	-0.0676522	120.083	34.125	-0.00484348	-0.0120706	0.996549	34.125	0	0
23	591120	-0.669826	-0.0867826	120.11	34.125	-0.00498456	-0.0119842	0.996633	34.125	0	0
23	591130	-0.666696	-0.0763478	120.071	34.125	-0.00526304	-0.0123757	0.996649	34.125	0	0
23	591140	-0.668087	-0.0757391	120.017	34.125	-0.00507025	-0.0120596	0.996544	34.125	0	0
23	591150	-0.686522	-0.0844348	120.078	34.0625	-0.00495354	-0.011773	0.996467	34.0625	0	0
23	591160	-0.685652	-0.0753913	120.19	34.125	-0.00490552	-0.0118232	0.996588	34.125	0	0
23	591170	-0.681565	-0.0868696	120.08	34.125	-0.00504292	-0.0120448	0.996495	34.125	0	0
23	591180	-0.688174	-0.0852174	120.05	34.125	-0.00486785	-0.0121593	0.996666	34.125	0	0
23	591190	-0.668435	-0.0574783	120.077	34.125	-0.00477109	-0.0118372	0.996425	34.125	0	0
23	591200	-0.685913	-0.09	120.099	34.125	-0.00495797	-0.0121497	0.996668	34.125	0	0
23	591210	-0.686522	-0.0735652	120.141	34.125	-0.00474449	-0.0119296	0.996863	34.125	0	0
23	591220	-0.694783	-0.0757391	120.199	34.125	-0.00449778	-0.0120995	0.996912	34.125	0	0
23	591230	-0.678783	-0.0537391	120.115	34.125	-0.00491439	-0.011736	0.996613	34.125	0	0
23	591240	-0.691826	-0.062	120.061	34.125	-0.00490774	-0.0123617	0.996598	34.125	0	0
23	591250	-0.682957	-0.082	120.085	34.125	-0.00476887	-0.0120492	0.996422	34.125	0	0
23	591260	-0.701913	-0.0627826	120.11	34.125	-0.00506803	-0.0118557	0.996278	34.125	0	0
23	591270	-0.686261	-0.0498261	120.097	34.125	-0.0049432	-0.01151	0.996706	34.125	0	0
23	591280	-0.682435	-0.0733043	120.119	34.125	-0.00504439	-0.0117153	0.996804	34.125	0	0
23	591290	-0.69913	-0.0694783	120.096	34.125	-0.00495428	-0.0120145	0.99678	34.125	0	0
23	591300	-0.694348	-0.0666957	120.068	34.125	-0.00487598	-0.0121585	0.996211	34.125	0	0
23	591310	-0.679739	-0.0626957	120.149	34.125	-0.00483018	-0.0120699	0.996769	34.125	0	0
23	591320	-0.696087	-0.0827826	120.112	34.125	-0.00499343	-0.0119864	0.996728	34.125	0	0
23	591330	-0.680174	-0.0691304	120.11	34.125	-0.00503775	-0.0121105	0.996465	34.125	0	0
23	591340	-0.679043	-0.072087	120.064	34.125	-0.00494541	-0.0121999	0.996228	34.125	0	0
23	591350	-0.675391	-0.0667826	120.115	34.125	-0.00501633	-0.0122738	0.996546	34.125	0	0
23	591360	-0.686087	-0.0645217	120.071	34.125	-0.00523793	-0.0121083	0.996318	34.125	0	0
23	591370	-0.673739	-0.0584348	120.135	34.125	-0.00516406	-0.0116363	0.996543	34.125	0	0
23	591380	-0.662435	-0.0768696	120.082	34.125	-0.00512417	-0.0123521	0.996721	34.125	0	0
23	591390	-0.70313	-0.0564348	120.138	34.125	-0.00491217	-0.0118845	0.996338	34.125	0	0
23	591400	-0.677217	-0.0498261	120.145	34.125	-0.00485456	-0.0119355	0.9963	34.125	0	0
23	591410	-0.674348	-0.0750435	120.125	34.125	-0.0050407	-0.0120337	0.996677	34.125	0	0
23	591420	-0.676696	-0.0733043	120.093	34.125	-0.00514707	-0.0119473	0.996516	34.125	0	0
23	591430	-0.693565	-0.0833913	120.072	34.125	-0.0049395	-0.0120322	0.996567	34.125	0	0
23	591440	-0.687913	-0.0673044	120.052	34.125	-0.00497274	-0.0121024	0.99659	34.125	0	0
23	591450	-0.685739	-0.0601739	120.045	34.125	-0.00519435	-0.0119081	0.996515	34.125	0	0
23	591460	-0.671826	-0.0716522	120.117	34.125	-0.00509019	-0.011753	0.996405	34.125	0	0
23	591470	-0.679913	-0.0842609	120.137	34.125	-0.00485012	-0.0115344	0.996629	34.125	0	0
23	591480	-0.677043	-0.0592174	120.075	34.125	-0.00490035	-0.0120847	0.996646	34.125	0	0
23	591490	-0.683565	-0.0654783	120.059	34.125	-0.00503258	-0.0118269	0.996621	34.125	0	0
23	591500	-0.682957	-0.0617391	120.091	34.125	-0.00502076	-0.012358	0.996359	34.125	0	0
23	591510	-0.688174	-0.064	120.079	34.125	-0.00513451	-0.0120743	0.996588	34.125	0	0
23	591520	-0.677043	-0.0877391	120.032	34.125	-0.00480285	-0.0119643	0.996599	34.125	0	0
23	591530	-0.689304	-0.0744348	120.036	34.125	-0.00497939	-0.0116614	0.996667	34.125	0	0
23	591540	-0.700696	-0.0563478	120.066	34.125	-0.00482944	-0.0117272	0.996638	34.125	0	0
23	591550	-0.691739	-0.0613913	120.07	34.125	-0.00496019	-0.0119333	0.996388	34.125	0	0
23	591560	-0.679478	-0.0853043	120.131	34.125	-0.00462631	-0.0120108	0.996709	34.125	0	0
23	591570	-0.690087	-0.0667826	120.109	34.125	-0.00498308	-0.0122073	0.996494	34.125	0	0
23	591580	-0.680696	-0.0605217	120.128	34.125	-0.00479103	-0.0122501	0.996615	34.125	0	0
23	591590	-0.682	-0.0624348	120.063	34.125	-0.0051744	-0.0120175	0.996162	34.125	0	0
23	591600	-0.688261	-0.0651304	120.058	34.125	-0.00502519	-0.0119229	0.996553	34.125	0	0
23	591610	-0.697913	-0.0802609	120.054	34.125	-0.00492916	-0.0122952	0.996749	34.125	0	0
23	591620	-0.690956	-0.0712174	120.102	34.125	-0.00481836	-0.0121844	0.996607	34.125	0	0
23	591630	-0.675478	-0.077913	120.095	34.125	-0.00495206	-0.0122819	0.996392	34.125	0	0
23	591640	-0.697739	-0.0722609	120.033	34.125	-0.00487598	-0.0122782	0.996683	34.125	0	0
23	591650	-0.682261	-0.0802609	120.094	34.125	-0.00473711	-0.0121711	0.996771	34.125	0	0
23	591660	-0.701565	-0.0731304	120.133	34.125	-0.00505178	-0.0120477	0.996554	34.125	0	0
23	591670	-0.671739	-0.0956522	120.117	34.125	-0.00507099	-0.0121349	0.996393	34.125	0	0
23	591680	-0.705391	-0.0742609	120.055	34.125	-0.0049661	-0.0121297	0.99637	34.125	0	0
23	591690	-0.698348	-0.0676522	120.113	34.125	-0.00486933	-0.0118934	0.996562	34.125	0	0
23	591700	-0.698348	-0.0685217	120.03	34.125	-0.00534282	-0.011931	0.996468	34.125	0	0
23	591710	-0.670696	-0.0851304	120.105	34.125	-0.00491734	-0.0120359	0.996706	34.125	0	0
23	591720	-0.681217	-0.0598261	120.12	34.125	-0.0049166	-0.0119635	0.996744	34.125	0	0
23	591730	-0.677652	-0.0732174	120.101	34.125	-0.00507985	-0.0120588	0.996909	34.125	0	0
23	591740	-0.686957	-0.0713913	120.103	34.125	-0.00496683	-0.0121238	0.996903	34.125	0	0
23	591750	-0.668348	-0.0655652	120.092	34.125	-0.00462483	-0.0120655	0.996598	34.125	0	0
23	591760	-0.7	-0.0686956	120.178	34.125	-0.00521207	-0.0115166	0.996532	34.125	0	0
23	591770	-0.696609	-0.0665217	120.149	34.125	-0.00501115	-0.012081	0.996515	34.125	0	0
23	591780	-0.678174	-0.072087	120.076	34.125	-0.00508871	-0.011869	0.996801	34.125	0	0
23	591790	-0.684174	-0.0668696	120.124	34.125	-0.00488632	-0.0116984	0.996737	34.125	0	0
23	591800	-0.688696	-0.0698261	120.098	34.125	-0.00475631	-0.0118852	0.99656	34.125	0	0
23	591810	-0.702609	-0.0878261	120.067	34.125	-0.00517292	-0.0121682	0.996764	34.125	0	0
23	591820	-0.697913	-0.0743478	120.092	34.125	-0.00488336	-0.0117368	0.996716	34.125	0	0
23	591830	-0.689739	-0.084	120.049	34.125	-0.00502371	-0.0122531	0.996596	34.125	0	0
23	591840	-0.691478	-0.0764348	120.097	34.125	-0.00501559	-0.0121009	0.996927	34.125	0	0
23	591850	-0.678609	-0.0762609	120.046	34.125	-0.00476444	-0.0118387	0.996506	34.125	0	0
23	591860	-0.68	-0.0753913	120.082	34.125	-0.00508059	-0.0119717	0.996668	34.125	0	0
23	591870	-0.684087	-0.08	120.139	34.125	-0.00500968	-0.0120795	0.996421	34.125	0	0
23	591880	-0.686087	-0.0598261	120.074	34.125	-0.00485973	-0.0118446	0.996478	34.125	0	0
23	591890	-0.688087	-0.0641739	120.043	34.125	-0.00509093	-0.01205	0.996556	34.125	0	0
23	591900	-0.701304	-0.0858261	120.069	34.125	-0.00490035	-0.0119628	0.996824	34.125	0	0
23	591910	-0.700783	-0.0585217	120.084	34.125	-0.00486046	-0.0119598	0.996528	34.125	0	0
23	591920	-0.7	-0.0666957	120.083	34.125	-0.00477404	-0.0120721	0.996643	34.125	0	0
23	591930	-0.7	-0.0832174	120.057	34.125	-0.0050503	-0.0121283	0.995956	34.125	0	0
23	591940	-0.703304	-0.069913	120.106	34.125	-0.00513008	-0.0119059	0.996567	34.125	0	0
23	591950	-0.702	-0.077913	120.149	34.125	-0.00510423	-0.0116932	0.996253	34.125	0	0
23	591960	-0.691217	-0.0712174	120.105	34.125	-0.00492916	-0.0121054	0.996163	34.125	0	0
23	591970	-0.700261	-0.091913	120.054	34.125	-0.00479546	-0.0121696	0.996485	34.125	0	0
23	591980	-0.691739	-0.082	120.091	34.125	-0.00481836	-0.0122029	0.996441	34.125	0	0
23	591990	-0.687565	-0.0517391	120.107	34.125	-0.00503922	-0.0122391	0.996623	34.125	0	0
23	592000	-0.674348	-0.0657391	120.054	34.125	-0.004907	-0.012601	0.996744	34.125	0	0
23	592010	-0.686174	-0.0665217	120.055	34.125	-0.00503405	-0.0117257	0.996374	34.125	0	0
23	592020	-0.676	-0.0717391	120.061	34.125	-0.00497127	-0.0120891	0.996692	34.125	0	0
23	592030	-0.662522	-0.0653913	120.086	34.125	-0.00507837	-0.0119776	0.996547	34.125	0	0
23	592040	-0.685652	-0.050087	120.15	34.125	-0.00511826	-0.0118483	0.996544	34.125	0	0
23	592050	-0.680435	-0.066087	120.069	34.125	-0.00493064	-0.0120729	0.99672	34.125	0	0
23	592060	-0.700956	-0.0575652	120.063	34.125	-0.00499712	-0.0118439	0.996587	34.125	0	0
23	592070	-0.676	-0.0716522	120.081	34.125	-0.00518844	-0.0120625	0.996683	34.125	0	0
23	592080	-0.686609	-0.0763478	120.07	34.125	-0.00516775	-0.0118683	0.99694	34.125	0	0
23	592090	-0.672	-0.0663478	120.047	34.125	-0.00507985	-0.01205	0.996878	34.125	0	0
23	592100	-0.700261	-0.0636522	119.976	34.125	-0.00468835	-0.012146	0.996617	34.125	0	0
23	592110	-0.691217	-0.0710435	120.071	34.125	-0.00492473	-0.0120574	0.996861	34.125	0	0
23	592120	-0.67313	-0.0825217	120.15	34.125	-0.00480359	-0.0118047	0.996303	34.125	0	0
23	592130	-0.684174	-0.0716522	120.068	34.125	-0.00482575	-0.0121445	0.99657	34.125	0	0
23	592140	-0.70487	-0.0858261	120.047	34.125	-0.00500968	-0.0119399	0.996558	34.125	0	0
23	592150	-0.687217	-0.0813043	120.123	34.125	-0.00469648	-0.0119177	0.996724	34.125	0	0
23	592160	-0.677304	-0.06	120.074	34.125	-0.00456352	-0.0119857	0.996663	34.125	0	0
23	592170	-0.684348	-0.0638261	120.151	34.125	-0.00498235	-0.0120145	0.996835	34.125	0	0
23	592180	-0.672	-0.0806087	120.061	34.125	-0.00479989	-0.0118978	0.99661	34.125	0	0
23	592190	-0.683652	-0.0784348	120.055	34.125	-0.00479546	-0.012064	0.996919	34.125	0	0
23	592200	-0.66887	-0.0588696	120.09	34.125	-0.00472898	-0.012126	0.996485	34.125	0	0
23	592210	-0.688609	-0.0630435	120.088	34.125	-0.00466767	-0.0118114	0.996473	34.125	0	0
23	592220	-0.683478	-0.0881739	120.066	34.125	-0.00477921	-0.0124717	0.996791	34.125	0	0
23	592230	-0.68113	-0.0749565	120.16	34.125	-0.00476591	-0.0119421	0.996655	34.125	0	0
23	592240	-0.708174	-0.0753913	120.054	34.125	-0.0047733	-0.0118734	0.996461	34.125	0	0
23	592250	-0.704348	-0.0758261	120.059	34.125	-0.00492916	-0.0121194	0.996731	34.125	0	0
23	592260	-0.694087	-0.0674783	120.104	34.125	-0.00492473	-0.0121556	0.996642	34.125	0	0
23	592270	-0.675739	-0.0578261	120.094	34.125	-0.00517588	-0.0118705	0.996593	34.125	0	0
23	592280	-0.689565	-0.0361739	120.039	34.125	-0.00493064	-0.0120418	0.996412	34.125	0	0
23	592290	-0.677652	-0.092	120.113	34.125	-0.00471347	-0.0122383	0.996773	34.125	0	0
23	592300	-0.700174	-0.0788696	120.045	34.125	-0.00483904	-0.0122206	0.996584	34.125	0	0
23	592310	-0.688435	-0.0683478	120.096	34.125	-0.00491069	-0.0119894	0.996251	34.125	0	0
23	592320	-0.679826	-0.0752174	120.139	34.125	-0.0051419	-0.0120226	0.996557	34.125	0	0
23	592330	-0.679565	-0.0752174	120.04	34.125	-0.00496979	-0.0122605	0.99656	34.125	0	0
23	592340	-0.687043	-0.079913	120.05	34.125	-0.00513008	-0.0122413	0.996742	34.125	0	0
23	592350	-0.678087	-0.0734783	120.087	34.125	-0.0051094	-0.0119148	0.996846	34.125	0	0
23	592360	-0.670348	-0.0621739	120.218	34.125	-0.00506286	-0.0119473	0.996533	34.125	0	0
23	592370	-0.682087	-0.0688696	120.081	34.125	-0.00476961	-0.0117663	0.996433	34.125	0	0
23	592380	-0.682696	-0.0898261	120.079	34.125	-0.0049757	-0.0122073	0.996527	34.125	0	0
23	592390	-0.672522	-0.0938261	120.085	34.125	-0.00510423	-0.0120906	0.996528	34.125	0	0
23	592400	-0.689217	-0.084	120.064	34.125	-0.00489888	-0.0118594	0.996856	34.125	0	0
23	592410	-0.703043	-0.0712174	120.104	34.125	-0.0047733	-0.012064	0.996533	34.125	0	0
23	592420	-0.701565	-0.0890435	120.061	34.125	-0.0048058	-0.0116415	0.996662	34.125	0	0
23	592430	-0.679478	-0.0732174	120.121	34.125	-0.00496092	-0.0121238	0.996658	34.125	0	0
23	592440	-0.69713	-0.0729565	120.06	34.125	-0.00505547	-0.0117951	0.996695	34.125	0	0
23	592450	-0.678522	-0.08	120.058	34.125	-0.00469205	-0.0116865	0.996864	34.125	0	0
23	592460	-0.674261	-0.06	120.042	34.125	-0.00485603	-0.0120655	0.996718	34.125	0	0
23	592470	-0.66913	-0.0750435	120.074	34.125	-0.00522685	-0.0118069	0.996438	34.125	0	0
23	592480	-0.686609	-0.0838261	120.114	34.125	-0.00496092	-0.0121246	0.996646	34.125	0	0
23	592490	-0.703391	-0.0801739	120.109	34.125	-0.00477552	-0.0121172	0.996279	34.125	0	0
23	592500	-0.685565	-0.0653913	120.082	34.125	-0.00507246	-0.01203	0.996669	34.125	0	0
23	592510	-0.679043	-0.0676522	120.064	34.125	-0.00470239	-0.0118254	0.996679	34.125	0	0
23	592520	-0.689043	-0.0562609	120.075	34.125	-0.00499121	-0.0119658	0.996743	34.125	0	0
23	592530	-0.687739	-0.0894783	120.068	34.125	-0.00492399	-0.0123691	0.997042	34.125	0	0
23	592540	-0.682957	-0.0602609	120.105	34.125	-0.0050732	-0.0118993	0.996666	34.125	0	0
23	592550	-0.717913	-0.0638261	120.126	34.125	-0.00487598	-0.0119096	0.996754	34.125	0	0
23	592560	-0.671565	-0.0633913	120.043	34.125	-0.00505621	-0.0119377	0.996665	34.125	0	0
23	592570	-0.701043	-0.067913	120.07	34.125	-0.00505991	-0.0120618	0.996699	34.125	0	0
23	592580	-0.671913	-0.0629565	120.085	34.125	-0.00487302	-0.0119303	0.996853	34.125	0	0
23	592590	-0.685739	-0.08	120.116	34.125	-0.0050311	-0.0121445	0.996427	34.125	0	0
23	592600	-0.680522	-0.0748696	120.056	34.125	-0.00526009	-0.0119273	0.996666	34.125	0	0
23	592610	-0.684522	-0.075913	120.05	34.125	-0.00509019	-0.0118801	0.996451	34.125	0	0
23	592620	-0.675913	-0.0818261	119.974	34.125	-0.00500451	-0.0119111	0.996862	34.125	0	0
23	592630	-0.691043	-0.0783478	120.036	34.125	-0.00479768	-0.0120389	0.996516	34.125	0	0
23	592640	-0.674087	-0.0776522	120.087	34.125	-0.00503627	-0.0123447	0.99623	34.125	0	0
23	592650	-0.69887	-0.0733043	120.076	34.125	-0.00502519	-0.0118431	0.996664	34.125	0	0
23	592660	-0.682174	-0.0796522	120.047	34.125	-0.00487228	-0.0118697	0.996799	34.125	0	0
23	592670	-0.676609	-0.0814783	120.102	34.125	-0.00472603	-0.0122376	0.996543	34.125	0	0
23	592680	-0.674435	-0.0863478	120.112	34.125	-0.00489149	-0.0121209	0.996481	34.125	0	0
23	592690	-0.69	-0.0684348	120.078	34.125	-0.00486564	-0.011917	0.996541	34.125	0	0
23	592700	-0.670087	-0.0721739	120.07	34.125	-0.00496314	-0.0117863	0.99663	34.125	0	0
23	592710	-0.694435	-0.0777391	120.149	34.125	-0.00494246	-0.0115218	0.996495	34.125	0	0
23	592720	-0.685913	-0.0612174	120.074	34.125	-0.00485603	-0.0118993	0.996357	34.125	0	0
23	592730	-0.678609	-0.0532174	120.147	34.125	-0.00504218	-0.011561	0.996614	34.125	0	0
23	592740	-0.683217	-0.0910435	120.078	34.125	-0.00485751	-0.0116082	0.996213	34.125	0	0
23	592750	-0.699652	-0.0766957	120.135	34.125	-0.00476813	-0.0117331	0.996098	34.125	0	0
23	592760	-0.68313	-0.0741739	120.048	34.125	-0.00492842	-0.0117198	0.996499	34.125	0	0
23	592770	-0.67513	-0.0662609	120.031	34.125	-0.00486046	-0.0120278	0.99661	34.125	0	0
23	592780	-0.693739	-0.0695652	120.104	34.125	-0.00500081	-0.0117309	0.996313	34.125	0	0
23	592790	-0.699913	-0.0693043	120.146	34.125	-0.00498161	-0.0117316	0.99642	34.125	0	0
23	592800	-0.70287	-0.0883478	120.076	34.125	-0.00493138	-0.0123085	0.996548	34.125	0	0
23	592810	-0.671304	-0.0586087	120.119	34.125	-0.00505474	-0.0123765	0.996597	34.125	0	0
23	592820	-0.696783	-0.0656522	120.065	34.125	-0.00522759	-0.0121253	0.996458	34.125	0	0
23	592830	-0.683304	-0.0653913	120.085	34.125	-0.00487228	-0.0121829	0.996573	34.125	0	0
23	592840	-0.675304	-0.0666087	120.144	34.125	-0.00511752	-0.0120049	0.996772	34.125	0	0
23	592850	-0.693304	-0.052	120.132	34.125	-0.00497644	-0.0119133	0.996564	34.125	0	0
23	592860	-0.678087	-0.0813043	120.051	34.125	-0.00511235	-0.0117205	0.996707	34.125	0	0
23	592870	-0.668609	-0.0707826	120.054	34.125	-0.00481984	-0.0122642	0.996271	34.125	0	0
23	592880	-0.680261	-0.0514783	120.101	34.125	-0.00473785	-0.0121866	0.996704	34.125	0	0
23	592890	-0.697913	-0.0642609	120.119	34.125	-0.00493729	-0.0121401	0.996788	34.125	0	0
23	592900	-0.677304	-0.0537391	120.102	34.125	-0.00499934	-0.012211	0.996748	34.125	0	0
23	592910	-0.675304	-0.0655652	120.088	34.125	-0.00513008	-0.0122213	0.996905	34.125	0	0
23	592920	-0.697739	-0.0715652	120.076	34.125	-0.00513377	-0.0119591	0.996982	34.125	0	0
23	592930	-0.690261	-0.0632174	120.051	34.125	-0.00488484	-0.0116452	0.996561	34.125	0	0
23	592940	-0.681913	-0.0744348	120.069	34.125	-0.00478217	-0.0119222	0.996287	34.125	0	0
23	592950	-0.678087	-0.063913	120.061	34.125	-0.00508871	-0.0122295	0.996611	34.125	0	0
23	592960	-0.689217	-0.0697391	120.098	34.125	-0.00520764	-0.0117944	0.996677	34.125	0	0
23	592970	-0.667304	-0.0766957	120.108	34.125	-0.00489297	-0.0120034	0.996555	34.125	0	0
23	592980	-0.690174	-0.0491304	120.058	34.125	-0.00508798	-0.0118505	0.996816	34.125	0	0
23	592990	-0.684348	-0.0455652	120.085	34.125	-0.00480211	-0.0117486	0.996288	34.125	0	0
23	593000	-0.701478	-0.0746087	120.071	34.125	-0.00497348	-0.0118971	0.996584	34.125	0	0
23	593010	-0.701043	-0.0767826	120.059	34.125	-0.00506212	-0.0119643	0.996533	34.125	0	0
23	593020	-0.696	-0.0754783	120.083	34.125	-0.00492399	-0.0123262	0.996398	34.125	0	0
23	593030	-0.68713	-0.0646956	120.095	34.125	-0.00480506	-0.011688	0.99706	34.125	0	0
23	593040	-0.683217	-0.0546957	120.081	34.125	-0.0048841	-0.0118092	0.996494	34.125	0	0
23	593050	-0.700609	-0.0697391	120.148	34.125	-0.00503258	-0.0119525	0.99686	34.125	0	0
23	593060	-0.679652	-0.0687826	120.038	34.125	-0.0048191	-0.0120219	0.996452	34.125	0	0
23	593070	-0.709391	-0.0451304	120.082	34.125	-0.00499195	-0.0119576	0.996307	34.125	0	0
23	593080	-0.695739	-0.0633913	120.092	34.125	-0.00484939	-0.0121888	0.996558	34.125	0	0
23	593090	-0.705043	-0.0729565	120.095	34.125	-0.00485234	-0.0120352	0.996567	34.125	0	0
23	593100	-0.688087	-0.0906956	120.131	34.125	-0.0047275	-0.0126195	0.996619	34.125	0	0
23	593110	-0.688522	-0.0875652	120.119	34.125	-0.00494024	-0.0120788	0.996412	34.125	0	0
23	593120	-0.683652	-0.0637391	120.119	34.125	-0.00502519	-0.0121054	0.996748	34.125	0	0
23	593130	-0.698348	-0.0629565	120.11	34.125	-0.0049624	-0.011719	0.996414	34.125	0	0
23	593140	-0.690956	-0.0734783	120.101	34.125	-0.00483904	-0.0121068	0.996309	34.125	0	0
23	593150	-0.681217	-0.0666087	120.097	34.125	-0.00516775	-0.0119598	0.99694	34.125	0	0
23	593160	-0.699217	-0.0654783	119.984	34.125	-0.0052431	-0.0117626	0.99666	34.125	0	0
23	593170	-0.685652	-0.0532174	120.054	34.125	-0.00515446	-0.0120677	0.996482	34.125	0	0
23	593180	-0.686696	-0.102	120.077	34.125	-0.0048058	-0.0123151	0.996966	34.125	0	0
23	593190	-0.692696	-0.0691304	120.092	34.125	-0.00511309	-0.011996	0.996506	34.125	0	0
23	593200	-0.697478	-0.0718261	120.117	34.125	-0.00493212	-0.0120884	0.996931	34.125	0	0
23	593210	-0.682087	-0.078087	120.071	34.125	-0.00496757	-0.0117205	0.996521	34.125	0	0
23	593220	-0.711652	-0.0662609	120.048	34.125	-0.00493581	-0.0117988	0.99689	34.125	0	0
23	593230	-0.671217	-0.0677391	120.066	34.125	-0.00505843	-0.0115935	0.996663	34.125	0	0
23	593240	-0.690783	-0.0612174	120.149	34.125	-0.00519139	-0.0118335	0.996476	34.125	0	0
23	593250	-0.666522	-0.0864348	120.21	34.125	-0.00491439	-0.0115573	0.99659	34.125	0	0
23	593260	-0.67687	-0.0713044	120.103	34.125	-0.00482722	-0.0117944	0.996727	34.125	0	0
23	593270	-0.673217	-0.0571304	120.09	34.125	-0.00499195	-0.0120995	0.996794	34.125	0	0
23	593280	-0.681565	-0.0822609	120.064	34.125	-0.00493138	-0.0119901	0.996612	34.125	0	0
23	593290	-0.69887	-0.0673913	120.021	34.125	-0.00497274	-0.0121704	0.996643	34.125	0	0
23	593300	-0.670348	-0.0765217	120.08	34.125	-0.00476074	-0.012033	0.997032	34.125	0	0
23	593310	-0.697913	-0.0774783	120.055	34.1875	-0.00515298	-0.0116836	0.996663	34.1875	0	0
23	593320	-0.69087	-0.074	120.061	34.125	-0.00481762	-0.0118173	0.996541	34.125	0	0
23	593330	-0.67687	-0.0612174	120.161	34.125	-0.005119	-0.0122302	0.996364	34.125	0	0
23	593340	-0.69287	-0.0661739	120.051	34.125	-0.00494098	-0.012225	0.996613	34.125	0	0
23	593350	-0.679652	-0.0707826	120.072	34.125	-0.00479768	-0.012095	0.996566	34.125	0	0
23	593360	-0.681391	-0.0710435	120.068	34.125	-0.00463295	-0.0117604	0.996516	34.125	0	0
23	593370	-0.693565	-0.0528696	120.044	34.125	-0.00481984	-0.0119451	0.996696	34.125	0	0
23	593380	-0.674522	-0.0615652	120.046	34.125	-0.00507025	-0.0121364	0.996946	34.125	0	0
23	593390	-0.699565	-0.0371304	120.008	34.125	-0.0048095	-0.0118601	0.996762	34.125	0	0
23	593400	-0.692957	-0.0814783	120.099	34.125	-0.00488853	-0.0118047	0.99667	34.125	0	0
23	593410	-0.696174	-0.0625217	120.066	34.125	-0.004972	-0.0123233	0.996624	34.125	0	0
23	593420	-0.692609	-0.0724348	120.086	34.125	-0.00483978	-0.0120832	0.996231	34.125	0	0
23	593430	-0.692609	-0.0593913	120.116	34.125	-0.0049757	-0.0124998	0.996714	34.125	0	0
23	593440	-0.698435	-0.0648696	120.089	34.125	-0.00479325	-0.0119569	0.996295	34.125	0	0
23	593450	-0.680174	-0.0806956	120.081	34.125	-0.00480506	-0.0119628	0.996435	34.125	0	0
23	593460	-0.677043	-0.0613913	120.112	34.125	-0.00506434	-0.0120485	0.996836	34.125	0	0
23	593470	-0.687391	-0.0671304	120.071	34.125	-0.00488927	-0.0118195	0.996662	34.125	0	0
23	593480	-0.682	-0.0585217	120.088	34.125	-0.00504883	-0.0117641	0.996681	34.125	0	0
23	593490	-0.685478	-0.0809565	120.071	34.125	-0.00472455	-0.0117611	0.996785	34.125	0	0
23	593500	-0.691565	-0.0789565	120.06	34.125	-0.00493138	-0.012126	0.996753	34.125	0	0
23	593510	-0.657391	-0.0692174	120.147	34.125	-0.00500524	-0.0119731	0.996518	34.125	0	0
23	593520	-0.681304	-0.0601739	120.13	34.125	-0.00497718	-0.0118114	0.996666	34.125	0	0
23	593530	-0.671565	-0.095913	120.117	34.125	-0.00488927	-0.0120396	0.99685	34.125	0	0
23	593540	-0.680522	-0.0747826	120.073	34.125	-0.00477552	-0.012279	0.997075	34.125	0	0
23	593550	-0.674	-0.0784348	120.099	34.125	-0.00504366	-0.0120625	0.996078	34.125	0	0
23	593560	-0.692348	-0.069913	120.098	34.125	-0.00463148	-0.0118328	0.996878	34.125	0	0
23	593570	-0.667043	-0.0647826	120.09	34.125	-0.00509093	-0.011917	0.996816	34.125	0	0
23	593580	-0.693391	-0.0733043	120.07	34.125	-0.00511014	-0.0120921	0.996677	34.125	0	0
23	593590	-0.699652	-0.0702609	120.094	34.125	-0.00503775	-0.0122612	0.996961	34.125	0	0
23	593600	-0.695826	-0.0826087	120.139	34.125	-0.00471199	-0.0116326	0.996722	34.125	0	0
23	593610	-0.688435	-0.0865217	120.054	34.125	-0.00483683	-0.0119776	0.996737	34.125	0	0
23	593620	-0.693652	-0.067913	120.08	34.125	-0.00503258	-0.0121526	0.996466	34.125	0	0
23	593630	-0.671478	-0.0442609	120.091	34.125	-0.00499638	-0.0120758	0.996721	34.125	0	0
23	593640	-0.690348	-0.0677391	120.081	34.125	-0.00497127	-0.0117523	0.996646	34.125	0	0
23	593650	-0.688348	-0.0605217	120.116	34.125	-0.00475262	-0.0117272	0.996874	34.125	0	0
23	593660	-0.688956	-0.0650435	120.029	34.125	-0.00466324	-0.011818	0.996666	34.125	0	0
23	593670	-0.687652	-0.0532174	120.076	34.125	-0.00504144	-0.0120699	0.996597	34.125	0	0
23	593680	-0.687043	-0.0797391	120.09	34.125	-0.00485012	-0.0118875	0.996373	34.125	0	0
23	593690	-0.694609	-0.0533913	120.097	34.125	-0.00503331	-0.011999	0.996771	34.125	0	0
23	593700	-0.688609	-0.0570435	120.086	34.125	-0.00502519	-0.0116622	0.996408	34.125	0	0
23	593710	-0.681565	-0.094	120.133	34.125	-0.00495945	-0.01164	0.996759	34.125	0	0
23	593720	-0.688696	-0.058087	120.128	34.125	-0.00483166	-0.0117833	0.99659	34.125	0	0
23	593730	-0.697652	-0.0551304	120.16	34.125	-0.00490774	-0.0120965	0.996302	34.125	0	0
23	593740	-0.676348	-0.0624348	120.046	34.125	-0.00491069	-0.0116407	0.99656	34.125	0	0
23	593750	-0.678174	-0.0824348	120.076	34.125	-0.00490035	-0.0124843	0.996793	34.125	0	0
23	593760	-0.672348	-0.068	120.109	34.125	-0.00493581	-0.0122221	0.996616	34.125	0	0
23	593770	-0.678609	-0.0717391	120.157	34.125	-0.00509536	-0.0120817	0.996805	34.125	0	0
23	593780	-0.686348	-0.0708696	120.071	34.125	-0.00467506	-0.0123159	0.996624	34.125	0	0
23	593790	-0.677304	-0.0594783	120.085	34.125	-0.00490626	-0.0124333	0.996754	34.125	0	0
23	593800	-0.699391	-0.0668696	120.123	34.125	-0.00521429	-0.0121512	0.996576	34.125	0	0
23	593810	-0.682522	-0.077913	120.127	34.125	-0.00494246	-0.0122826	0.996573	34.125	0	0
23	593820	-0.672783	-0.0752174	120.03	34.125	-0.00485086	-0.0122007	0.996316	34.125	0	0
23	593830	-0.675913	-0.0706957	120.085	34.125	-0.00485677	-0.0118417	0.996202	34.125	0	0
23	593840	-0.702435	-0.0882609	120.143	34.125	-0.00495058	-0.0118601	0.996386	34.125	0	0
23	593850	-0.678696	-0.0834783	120.147	34.125	-0.0048745	-0.0123115	0.996164	34.125	0	0
23	593860	-0.677652	-0.0795652	120.041	34.125	-0.00514338	-0.0122162	0.996748	34.125	0	0
23	593870	-0.700174	-0.0652174	120.089	34.125	-0.00519435	-0.0116777	0.996666	34.125	0	0
23	593880	-0.686087	-0.074087	120.013	34.125	-0.00498456	-0.0117582	0.996336	34.125	0	0
23	593890	-0.68713	-0.0770435	120.075	34.125	-0.00495501	-0.011804	0.997011	34.125	0	0
23	593900	-0.683217	-0.0773913	120.126	34.125	-0.00504735	-0.0119111	0.996559	34.125	0	0
23	593910	-0.690609	-0.0824348	120.115	34.125	-0.00508502	-0.011756	0.99655	34.125	0	0
23	593920	-0.685043	-0.08	120.084	34.125	-0.00479989	-0.0120212	0.996491	34.125	0	0
23	593930	-0.692435	-0.0707826	120.139	34.0625	-0.00489666	-0.0118579	0.996954	34.0625	0	0
23	593940	-0.681043	-0.0921739	120.079	34.125	-0.00463591	-0.012095	0.99687	34.125	0	0
23	593950	-0.698	-0.0662609	120.056	34.125	-0.00487007	-0.0120559	0.996261	34.125	0	0
23	593960	-0.687043	-0.0722609	120.097	34.125	-0.00488853	-0.0117471	0.9962	34.125	0	0
23	593970	-0.691478	-0.0730435	120.091	34.125	-0.00477626	-0.0118321	0.996361	34.125	0	0
23	593980	-0.683043	-0.0750435	120.101	34.125	-0.00498752	-0.0117242	0.996907	34.125	0	0
23	593990	-0.699739	-0.0788696	120.062	34.125	-0.00485603	-0.0119835	0.996576	34.125	0	0
23	594000	-0.696	-0.0649565	120.094	34.125	-0.00524827	-0.0118764	0.996446	34.125	0	0
23	594010	-0.682261	-0.0595652	120.039	34.125	-0.0049299	-0.0121423	0.996421	34.125	0	0
23	594020	-0.696609	-0.0631304	120.127	34.125	-0.00468023	-0.0120448	0.996515	34.125	0	0
23	594030	-0.69687	-0.0797391	120.131	34.125	-0.00489518	-0.0119835	0.996888	34.125	0	0
23	594040	-0.690956	-0.0623478	120.064	34.125	-0.00508798	-0.0119532	0.996302	34.125	0	0
23	594050	-0.695652	-0.0798261	120.067	34.125	-0.00509684	-0.0121578	0.996765	34.125	0	0
23	594060	-0.68687	-0.0851304	120.062	34.125	-0.00485308	-0.0120448	0.996612	34.125	0	0
23	594070	-0.691652	-0.074087	120.069	34.125	-0.00480728	-0.0120204	0.996477	34.125	0	0
23	594080	-0.685304	-0.0612174	120.111	34.125	-0.00487007	-0.0120345	0.996448	34.125	0	0
23	594090	-0.682261	-0.0807826	120.066	34.125	-0.00508798	-0.0119244	0.996677	34.125	0	0
23	594100	-0.679652	-0.0638261	120.112	34.125	-0.00509684	-0.0118904	0.996374	34.125	0	0
23	594110	-0.676261	-0.074087	120.108	34.125	-0.00531696	-0.0120101	0.996627	34.125	0	0
23	594120	-0.680087	-0.0688696	120.097	34.125	-0.00496092	-0.0120655	0.996498	34.125	0	0
23	594130	-0.690522	-0.0473043	120.052	34.125	-0.00480063	-0.0118609	0.996525	34.125	0	0
23	594140	-0.67887	-0.0716522	120.114	34.125	-0.00501263	-0.0123846	0.996672	34.125	0	0
23	594150	-0.671217	-0.0732174	120.069	34.125	-0.00499564	-0.0123011	0.996796	34.125	0	0
23	594160	-0.689217	-0.0785217	120.074	34.125	-0.00502223	-0.0119473	0.99699	34.125	0	0
23	594170	-0.697826	-0.0701739	120.046	34.125	-0.0048878	-0.0117338	0.996682	34.125	0	0
23	594180	-0.677391	-0.0703478	120.138	34.125	-0.0048649	-0.0120426	0.996946	34.125	0	0
23	594190	-0.670087	-0.0713913	120.096	34.125	-0.00502002	-0.0120263	0.9967	34.125	0	0
23	594200	-0.683739	-0.0787826	120.11	34.125	-0.00485899	-0.0120847	0.996574	34.125	0	0
23	594210	-0.699739	-0.0689565	120.061	34.125	-0.00485825	-0.0119333	0.996693	34.125	0	0
23	594220	-0.707478	-0.060087	120.036	34.125	-0.00485234	-0.0117397	0.996844	34.125	0	0
23	594230	-0.705565	-0.086087	120.056	34.125	-0.00473637	-0.0118734	0.99655	34.125	0	0
23	594240	-0.692522	-0.0614783	120.035	34.125	-0.00504218	-0.0119621	0.996291	34.125	0	0
23	594250	-0.676957	-0.0795652	120.058	34.125	-0.00512417	-0.0120212	0.996383	34.125	0	0
23	594260	-0.694783	-0.0806087	120.048	34.125	-0.00474375	-0.0119392	0.996718	34.125	0	0
23	594270	-0.698956	-0.0545217	120.109	34.125	-0.00503405	-0.0115809	0.996355	34.125	0	0
23	594280	-0.69	-0.0634783	120.119	34.125	-0.00482353	-0.0120972	0.996711	34.125	0	0
23	594290	-0.692261	-0.0655652	120.136	34.125	-0.00504292	-0.0121238	0.996322	34.125	0	0
23	594300	-0.664609	-0.0692174	120.143	34.125	-0.00481541	-0.0121076	0.996532	34.125	0	0
23	594310	-0.685652	-0.0623478	120.047	34.125	-0.00487967	-0.0118306	0.996594	34.125	0	0
23	594320	-0.681043	-0.0581739	120.099	34.125	-0.00482501	-0.0121881	0.996641	34.125	0	0
23	594330	-0.691913	-0.0683478	120.243	34.125	-0.0049986	-0.0122679	0.996519	34.125	0	0
23	594340	-0.699739	-0.0725217	120.106	34.125	-0.00487819	-0.0120278	0.996677	34.125	0	0
23	594350	-0.691913	-0.0762609	120.102	34.125	-0.00495797	-0.0119532	0.997022	34.125	0	0
23	594360	-0.696957	-0.0622609	120.112	34.125	-0.0049528	-0.0125567	0.996637	34.125	0	0
23	594370	-0.682261	-0.0653043	120.056	34.125	-0.00470387	-0.0119281	0.996775	34.125	0	0
23	594380	-0.690696	-0.0827826	120.157	34.125	-0.00513377	-0.0121246	0.996851	34.125	0	0
23	594390	-0.689826	-0.0706957	120.137	34.125	-0.0051648	-0.0120766	0.997031	34.125	0	0
23	594400	-0.667217	-0.0711304	120.102	34.125	-0.00509241	-0.0123307	0.996624	34.125	0	0
23	594410	-0.684609	-0.0623478	120.031	34.125	-0.00507911	-0.0122841	0.996378	34.125	0	0
23	594420	-0.673739	-0.0673044	120.081	34.125	-0.00505621	-0.012132	0.99685	34.125	0	0
23	594430	-0.683652	-0.0562609	120.075	34.125	-0.00499712	-0.0122139	0.996604	34.125	0	0
23	594440	-0.685478	-0.0926957	120.075	34.125	-0.00496831	-0.0118151	0.996929	34.125	0	0
23	594450	-0.676957	-0.0604348	120.061	34.125	-0.00498235	-0.0120278	0.996721	34.125	0	0
23	594460	-0.678087	-0.0703478	120.075	34.125	-0.00514929	-0.0121711	0.99641	34.125	0	0
23	594470	-0.675913	-0.0801739	120.084	34.125	-0.00485234	-0.0118121	0.996939	34.125	0	0
23	594480	-0.696696	-0.0783478	120.07	34.125	-0.00474449	-0.0119687	0.996576	34.125	0	0
23	594490	-0.68513	-0.0833913	120.092	34.125	-0.00509536	-0.0120337	0.996819	34.125	0	0
23	594500	-0.690609	-0.0817391	120.118	34.125	-0.00504809	-0.012146	0.996378	34.125	0	0
23	594510	-0.684	-0.0941739	120.075	34.125	-0.00500081	-0.0119104	0.996544	34.125	0	0
23	594520	-0.679913	-0.0726087	120.043	34.125	-0.00526895	-0.0115661	0.996553	34.125	0	0
23	594530	-0.698696	-0.0584348	120.082	34.125	-0.00500894	-0.0117139	0.996624	34.125	0	0
23	594540	-0.710174	-0.0853913	120.049	34.125	-0.00485308	-0.0117774	0.996729	34.125	0	0
23	594550	-0.669652	-0.0877391	120.057	34.125	-0.00509315	-0.0118069	0.996282	34.125	0	0
23	594560	-0.675652	-0.068	120.098	34.125	-0.00491143	-0.0118165	0.996293	34.125	0	0
23	594570	-0.69	-0.064087	120.079	34.125	-0.00501928	-0.0116526	0.996329	34.125	0	0
23	594580	-0.692522	-0.0628696	120.061	34.125	-0.00466767	-0.0119887	0.996234	34.125	0	0
23	594590	-0.686957	-0.0626087	120.068	34.125	-0.00467506	-0.0117936	0.996542	34.125	0	0
23	594600	-0.7	-0.0638261	120.085	34.125	-0.00490552	-0.01231	0.996417	34.125	0	0
23	594610	-0.688087	-0.0647826	120.061	34.125	-0.0051057	-0.0118838	0.996977	34.125	0	0
23	594620	-0.695826	-0.0643478	120.146	34.125	-0.00485234	-0.0121822	0.996575	34.125	0	0
23	594630	-0.679391	-0.0553043	120.137	34.125	-0.00491291	-0.0120056	0.996692	34.125	0	0
23	594640	-0.687391	-0.063913	120.086	34.125	-0.00496831	-0.0120847	0.996809	34.125	0	0
23	594650	-0.678261	-0.0734783	120.112	34.125	-0.00503922	-0.0123344	0.996272	34.125	0	0
23	594660	-0.678609	-0.0753043	120.091	34.125	-0.00464699	-0.0119665	0.996912	34.125	0	0
23	594670	-0.68113	-0.0918261	120.116	34.125	-0.0049624	-0.0120248	0.996815	34.125	0	0
23	594680	-0.69113	-0.0716522	120.032	34.125	-0.00514485	-0.0121423	0.996568	34.125	0	0
23	594690	-0.668696	-0.0606957	120.077	34.125	-0.00510792	-0.0118032	0.996384	34.125	0	0
23	594700	-0.686783	-0.0588696	120.091	34.125	-0.00505769	-0.0117242	0.996697	34.125	0	0
23	594710	-0.676348	-0.0523478	120.1	34.125	-0.00529333	-0.0118372	0.996636	34.125	0	0
23	594720	-0.668348	-0.0729565	120.095	34.125	-0.00530219	-0.0119377	0.997006	34.125	0	0
23	594730	-0.675652	-0.0564348	120.083	34.125	-0.00500598	-0.0120204	0.996544	34.125	0	0
23	594740	-0.68087	-0.0807826	120.086	34.125	-0.00496831	-0.0122553	0.996639	34.125	0	0
23	594750	-0.682348	-0.0830435	120.07	34.125	-0.00486859	-0.0118845	0.99643	34.125	0	0
23	594760	-0.67487	-0.0666957	120.035	34.125	-0.00487893	-0.0119879	0.996378	34.125	0	0
23	594770	-0.673478	-0.0733913	120.122	34.125	-0.00494763	-0.0120921	0.996447	34.125	0	0
23	594780	-0.688783	-0.0873043	120.084	34.125	-0.00483535	-0.0116105	0.996454	34.125	0	0
23	594790	-0.679391	-0.088	120.058	34.125	-0.0048649	-0.0121135	0.996547	34.125	0	0
23	594800	-0.698348	-0.0662609	119.995	34.125	-0.00494763	-0.0120862	0.996467	34.125	0	0
23	594810	-0.67887	-0.0677391	120.083	34.125	-0.00502371	-0.0119089	0.996403	34.125	0	0
23	594820	-0.680696	-0.0728696	120.105	34.125	-0.00480285	-0.0119296	0.99653	34.125	0	0
23	594830	-0.688956	-0.056	120.06	34.125	-0.00481097	-0.0118114	0.996842	34.125	0	0
23	594840	-0.675304	-0.0587826	120.1	34.125	-0.00491808	-0.0118202	0.996616	34.125	0	0
23	594850	-0.695913	-0.0865217	120.063	34.125	-0.00488041	-0.0120396	0.996824	34.125	0	0
23	594860	-0.676261	-0.054	120.039	34.125	-0.00486785	-0.0120056	0.99649	34.125	0	0
23	594870	-0.696087	-0.0763478	120.112	34.125	-0.00501042	-0.0117508	0.99643	34.125	0	0
23	594880	-0.723304	-0.076087	119.984	34.125	-0.00478438	-0.0121246	0.996655	34.125	0	0
23	594890	-0.706609	-0.064	120.065	34.125	-0.0049166	-0.0122612	0.996591	34.125	0	0
23	594900	-0.698435	-0.0672174	120.183	34.125	-0.00498899	-0.011948	0.99671	34.125	0	0
23	594910	-0.708348	-0.0835652	120.06	34.125	-0.00479546	-0.0119244	0.996485	34.125	0	0
23	594920	-0.685826	-0.076	120.122	34.125	-0.00480359	-0.0120448	0.996703	34.125	0	0
23	594930	-0.709391	-0.0635652	120.144	34.125	-0.0050311	-0.0122945	0.996406	34.125	0	0
23	594940	-0.695391	-0.0653913	120.112	34.125	-0.00488263	-0.0120337	0.996522	34.125	0	0
23	594950	-0.673391	-0.0701739	120.127	34.125	-0.00483313	-0.012016	0.996395	34.125	0	0
23	594960	-0.684	-0.0686087	120.125	34.125	-0.0050412	-0.0120574	0.99669	34.125	0	0
23	594970	-0.675043	-0.0801739	120.077	34.125	-0.00494098	-0.0121504	0.996372	34.125	0	0
23	594980	-0.679478	-0.0592174	120.124	34.125	-0.00515667	-0.0118904	0.996537	34.125	0	0
23	594990	-0.686348	-0.0514783	120.109	34.125	-0.004972	-0.0122568	0.996741	34.125	0	0
23	595000	-0.701478	-0.0814783	120.11	34.125	-0.00499121	-0.0118003	0.996719	34.125	0	0
23	595010	-0.67087	-0.0686087	120.012	34.125	-0.00495206	-0.0121297	0.996738	34.125	0	0
23	595020	-0.688	-0.0796522	120.074	34.125	-0.004972	-0.0123447	0.996594	34.125	0	0
23	595030	-0.693652	-0.0641739	120.105	34.125	-0.00494911	-0.0121091	0.996416	34.125	0	0
23	595040	-0.681652	-0.0673913	120.122	34.125	-0.00508871	-0.0118284	0.99624	34.125	0	0
23	595050	-0.675565	-0.0623478	120.035	34.125	-0.00481245	-0.0121637	0.996845	34.125	0	0
23	595060	-0.687913	-0.0635652	120.082	34.125	-0.00475336	-0.0118313	0.99649	34.125	0	0
23	595070	-0.684696	-0.0754783	120.075	34.125	-0.00501042	-0.0122664	0.996442	34.125	0	0
23	595080	-0.697652	-0.0764348	120.144	34.125	-0.00488927	-0.0118003	0.99634	34.125	0	0
23	595090	-0.687652	-0.0826087	120.072	34.125	-0.00485677	-0.0121017	0.996547	34.125	0	0
23	595100	-0.685391	-0.0812174	120.082	34.125	-0.00508133	-0.0119421	0.996663	34.125	0	0
23	595110	-0.699217	-0.0786956	120.117	34.125	-0.00488189	-0.011855	0.99663	34.125	0	0
23	595120	-0.686522	-0.070087	120.096	34.125	-0.00527781	-0.0118683	0.99675	34.125	0	0
23	595130	-0.689565	-0.0573913	120.104	34.125	-0.00496683	-0.0118077	0.99664	34.125	0	0
23	595140	-0.693826	-0.0746087	120.1	34.125	-0.00496831	-0.0120322	0.996539	34.125	0	0
23	595150	-0.683478	-0.0862609	120.192	34.125	-0.00495058	-0.0119451	0.996186	34.125	0	0
23	595160	-0.686	-0.0706087	120.072	34.125	-0.00478586	-0.0116614	0.996292	34.125	0	0
23	595170	-0.683391	-0.0733043	120.1	34.125	-0.00503775	-0.0117205	0.996782	34.125	0	0
23	595180	-0.701565	-0.0677391	120.071	34.125	-0.00505547	-0.0117419	0.996881	34.125	0	0
23	595190	-0.693739	-0.0875652	120.184	34.125	-0.00485751	-0.0119067	0.996394	34.125	0	0
23	595200	-0.672609	-0.0852174	120.058	34.125	-0.00498235	-0.011982	0.996637	34.125	0	0
23	595210	-0.69287	-0.0607826	120.116	34.125	-0.00471495	-0.0116304	0.996506	34.125	0	0
23	595220	-0.706957	-0.076087	120.058	34.125	-0.00513008	-0.0116415	0.996531	34.125	0	0
23	595230	-0.680087	-0.0565217	120.181	34.125	-0.00519213	-0.0118668	0.996558	34.125	0	0
23	595240	-0.693913	-0.0783478	120.152	34.125	-0.00515298	-0.0121386	0.99661	34.125	0	0
23	595250	-0.683652	-0.0821739	120.117	34.125	-0.00507542	-0.0119798	0.996548	34.125	0	0
23	595260	-0.686087	-0.059913	120.094	34.125	-0.00485529	-0.0118513	0.99668	34.125	0	0
23	595270	-0.687913	-0.0406957	120.091	34.125	-0.00480654	-0.0122014	0.996855	34.125	0	0
23	595280	-0.676261	-0.0414783	120.075	34.125	-0.0050178	-0.0118505	0.996769	34.125	0	0
23	595290	-0.672957	-0.0711304	120.11	34.125	-0.00500229	-0.0123528	0.996867	34.125	0	0
23	595300	-0.68713	-0.0776522	120.131	34.125	-0.00509684	-0.0121464	0.996698	34.125	0	0
23	595310	-0.684	-0.0752174	120.111	34.125	-0.00498308	-0.01218	0.996767	34.125	0	0
23	595320	-0.689913	-0.0858261	120.027	34.125	-0.0049624	-0.0123565	0.996724	34.125	0	0
23	595330	-0.668261	-0.089913	120.008	34.125	-0.00510497	-0.0120212	0.996926	34.125	0	0
23	595340	-0.680956	-0.0693913	120.103	34.125	-0.00500598	-0.0119081	0.996583	34.125	0	0
23	595350	-0.676957	-0.07	120.066	34.125	-0.00492768	-0.0119983	0.99664	34.125	0	0
23	595360	-0.675391	-0.0733913	120.099	34.125	-0.00521946	-0.0120219	0.996557	34.125	0	0
23	595370	-0.685739	-0.0862609	120.098	34.125	-0.00506212	-0.0123639	0.996949	34.125	0	0
23	595380	-0.68487	-0.0568696	120.097	34.125	-0.00493729	-0.0123063	0.99672	34.125	0	0
23	595390	-0.68913	-0.0532174	120.094	34.125	-0.00512048	-0.011835	0.996669	34.125	0	0
23	595400	-0.678348	-0.0896522	120.032	34.125	-0.00466989	-0.012132	0.996866	34.125	0	0
23	595410	-0.686696	-0.0815652	120.111	34.125	-0.00493433	-0.0121423	0.996623	34.125	0	0
23	595420	-0.675217	-0.0993043	120.134	34.125	-0.00493803	-0.0117737	0.996386	34.125	0	0
23	595430	-0.707826	-0.0715652	120.115	34.125	-0.00477404	-0.0117648	0.99638	34.125	0	0
23	595440	-0.674783	-0.0823478	120.129	34.125	-0.00489001	-0.0121297	0.996502	34.125	0	0
23	595450	-0.683217	-0.0784348	120.16	34.125	-0.0048191	-0.0117515	0.996361	34.125	0	0
23	595460	-0.69713	-0.0708696	120.104	34.125	-0.00510423	-0.0118535	0.996405	34.125	0	0
23	595470	-0.691826	-0.0647826	120.081	34.125	-0.0049432	-0.0117818	0.996446	34.125	0	0
23	595480	-0.673478	-0.083913	120.062	34.125	-0.00501706	-0.0120677	0.996884	34.125	0	0
23	595490	-0.700087	-0.0693043	120.104	34.125	-0.00492251	-0.0120773	0.996578	34.125	0	0
23	595500	-0.694609	-0.0797391	120.174	34.125	-0.00509093	-0.0123469	0.997025	34.125	0	0
23	595510	-0.688348	-0.0736522	120.031	34.125	-0.0050274	-0.0118158	0.99674	34.125	0	0
23	595520	-0.699217	-0.0715652	120.098	34.125	-0.0046529	-0.0120093	0.996561	34.125	0	0
23	595530	-0.706348	-0.0608696	120.107	34.125	-0.0050732	-0.0118165	0.9967	34.125	0	0
23	595540	-0.699913	-0.0612174	120.11	34.125	-0.00487228	-0.0121718	0.996768	34.125	0	0
23	595550	-0.679652	-0.077913	120.127	34.125	-0.00501485	-0.0117641	0.99678	34.125	0	0
23	595560	-0.698174	-0.0896522	120.099	34.125	-0.00497127	-0.0121164	0.996435	34.125	0	0
23	595570	-0.677391	-0.0750435	120.104	34.125	-0.00479325	-0.0123159	0.996807	34.125	0	0
23	595580	-0.692957	-0.0603478	120.126	34.125	-0.00513968	-0.0120633	0.996541	34.125	0	0
23	595590	-0.699652	-0.052087	120.116	34.125	-0.00510349	-0.0119554	0.996288	34.125	0	0
23	595600	-0.656261	-0.0752174	120.043	34.125	-0.00500672	-0.012245	0.99686	34.125	0	0
23	595610	-0.679565	-0.0773913	120.09	34.125	-0.00485012	-0.0120618	0.996743	34.125	0	0
23	595620	-0.686348	-0.0774783	120.1	34.125	-0.00503405	-0.012061	0.996237	34.125	0	0
23	595630	-0.68687	-0.0712174	120.08	34.125	-0.00506803	-0.0118121	0.996691	34.125	0	0
23	595640	-0.677217	-0.06	120.071	34.125	-0.00497718	-0.0122339	0.996454	34.125	0	0
23	595650	-0.678609	-0.0625217	120.091	34.125	-0.00514264	-0.0122339	0.996752	34.125	0	0
23	595660	-0.706087	-0.0737391	120.161	34.125	-0.00524162	-0.0115949	0.996666	34.125	0	0
23	595670	-0.687043	-0.0663478	120.024	34.125	-0.00487302	-0.0118158	0.996463	34.125	0	0
23	595680	-0.685391	-0.0855652	120.071	34.125	-0.00505104	-0.0120692	0.996054	34.125	0	0
23	595690	-0.683739	-0.0669565	120.13	34.125	-0.00500672	-0.0117419	0.996598	34.125	0	0
23	595700	-0.695826	-0.0768696	120.117	34.125	-0.00513821	-0.0118254	0.996329	34.125	0	0
23	595710	-0.675478	-0.0764348	120.093	34.125	-0.00487893	-0.0115669	0.996593	34.125	0	0
23	595720	-0.692783	-0.0770435	120.072	34.125	-0.00502223	-0.0121401	0.996555	34.125	0	0
23	595730	-0.696609	-0.0797391	120.069	34.125	-0.00492399	-0.0119118	0.996224	34.125	0	0
23	595740	-0.677118	-0.0568696	120.165	34.125	-0.00502667	-0.011589	0.996293	34.125	0	0
23	595750	-0.675478	-0.098087	120.059	34.125	-0.00492842	-0.0120677	0.996402	34.125	0	0
23	595760	-0.68	-0.057913	120.067	34.125	-0.00490109	-0.0121231	0.996989	34.125	0	0
23	595770	-0.677478	-0.063913	120.082	34.125	-0.00507763	-0.0119259	0.996272	34.125	0	0
23	595780	-0.689913	-0.0765217	120.154	34.125	-0.0051094	-0.0116082	0.996517	34.125	0	0
23	595790	-0.68713	-0.0854783	120.064	34.125	-0.00492177	-0.0118801	0.996463	34.125	0	0
23	595800	-0.69113	-0.0622609	120.088	34.125	-0.00467801	-0.0121172	0.996727	34.125	0	0
23	595810	-0.688522	-0.0608696	120.126	34.125	-0.0048841	-0.0120596	0.996204	34.125	0	0
23	595820	-0.690609	-0.0742609	120.113	34.125	-0.00473858	-0.0117774	0.996823	34.125	0	0
23	595830	-0.68313	-0.0633913	120.115	34.125	-0.00482058	-0.0122804	0.996608	34.125	0	0
23	595840	-0.695478	-0.0729565	120.059	34.0625	-0.00495649	-0.0117648	0.996395	34.0625	0	0
23	595850	-0.670435	-0.0813974	120.019	34.0625	-0.00491365	-0.0119702	0.996667	34.0625	0	0
23	595860	-0.686087	-0.0848696	120.047	34.0625	-0.00499416	-0.0121054	0.996221	34.0625	0	0
23	595870	-0.675304	-0.0626957	120.128	34.125	-0.00513599	-0.0118077	0.996439	34.125	0	0
23	595880	-0.681043	-0.0553043	120.086	34.125	-0.00496314	-0.011883	0.996963	34.125	0	0
23	595890	-0.682435	-0.0708696	120.107	34.125	-0.00511088	-0.0119015	0.996375	34.125	0	0
23	595900	-0.689478	-0.077913	120.081	34.125	-0.00522832	-0.0118225	0.99677	34.125	0	0
23	595910	-0.685913	-0.0834783	120.095	34.125	-0.00502371	-0.0116489	0.996479	34.125	0	0
23	595920	-0.683217	-0.0690435	120.113	34.125	-0.0050769	-0.0121615	0.996631	34.125	0	0
23	595930	-0.679913	-0.072087	120.042	34.125	-0.00490552	-0.0117235	0.996399	34.125	0	0
23	595940	-0.683217	-0.0968696	120.061	34.125	-0.00492768	-0.0117914	0.996451	34.125	0	0
23	595950	-0.678957	-0.0766087	120.095	34.125	-0.0050274	-0.0119658	0.996508	34.125	0	0
23	595960	-0.687304	-0.0758261	120.076	34.125	-0.00454801	-0.0121224	0.99686	34.125	0	0
23	595970	-0.674	-0.101565	120.109	34.125	-0.0050769	-0.0121526	0.996466	34.125	0	0
23	595980	-0.686783	-0.0793043	120.063	34.125	-0.00494689	-0.011784	0.996677	34.125	0	0
23	595990	-0.684174	-0.0802609	120.09	34.125	-0.00468688	-0.0117707	0.996441	34.125	0	0
23	596000	-0.690696	-0.0663478	120.145	34.125	-0.00467875	-0.0117781	0.996556	34.125	0	0
23	596010	-0.693652	-0.0606957	120.111	34.125	-0.00502814	-0.0119296	0.996463	34.125	0	0
23	596020	-0.688956	-0.0674783	120.115	34.125	-0.00487672	-0.0122428	0.996749	34.125	0	0
23	596030	-0.661565	-0.0706087	120.097	34.125	-0.00506582	-0.0120448	0.996605	34.125	0	0
23	596040	-0.675217	-0.0617391	120.069	34.125	-0.00488189	-0.0117272	0.996454	34.125	0	0
23	596050	-0.693739	-0.0627826	120.159	34.125	-0.00493285	-0.0119584	0.996505	34.125	0	0
23	596060	-0.686087	-0.071913	120.1	34.125	-0.00474449	-0.011719	0.996378	34.125	0	0
23	596070	-0.688435	-0.056087	120.072	34.125	-0.00499786	-0.0119155	0.996231	34.125	0	0
23	596080	-0.678783	-0.0646087	120.084	34.125	-0.00502667	-0.012081	0.996758	34.125	0	0
23	596090	-0.673391	-0.0595652	120.083	34.125	-0.00482501	-0.0123085	0.996732	34.125	0	0
23	596100	-0.679826	-0.0758261	120.078	34.125	-0.00486859	-0.0117892	0.996325	34.125	0	0
23	596110	-0.686174	-0.0489565	120.086	34.125	-0.00478217	-0.0123639	0.996351	34.125	0	0
23	596120	-0.679565	-0.0690435	120.102	34.0625	-0.00486416	-0.0121482	0.996408	34.0625	0	0
23	596130	-0.690174	-0.0715652	120.086	34.125	-0.00501706	-0.0120832	0.996414	34.125	0	0
23	596140	-0.69913	-0.075913	120.065	34.125	-0.00476813	-0.0120891	0.996409	34.125	0	0
23	596150	-0.707739	-0.0530435	120.103	34.125	-0.00485899	-0.0119606	0.996163	34.125	0	0
23	596160	-0.673826	-0.0727826	120.127	34.125	-0.00498456	-0.0120995	0.996873	34.125	0	0
23	596170	-0.689217	-0.058087	120.053	34.125	-0.00497422	-0.0122243	0.996648	34.125	0	0
23	596180	-0.688435	-0.0573913	120.065	34.125	-0.00494172	-0.0120876	0.996749	34.125	0	0
23	596190	-0.692435	-0.0727826	120.067	34.125	-0.00484052	-0.0118417	0.996825	34.125	0	0
23	596200	-0.705913	-0.0651304	120.174	34.125	-0.00505547	-0.0122457	0.996601	34.125	0	0
23	596210	-0.680696	-0.0795652	120.042	34.125	-0.004907	-0.011852	0.996864	34.125	0	0
23	596220	-0.67313	-0.0581739	120.094	34.125	-0.00490405	-0.011657	0.996625	34.125	0	0
23	596230	-0.690696	-0.0736522	120.089	34.125	-0.00481688	-0.012208	0.996675	34.125	0	0
23	596240	-0.694	-0.0705217	120.161	34.125	-0.00494541	-0.0122472	0.996614	34.125	0	0
23	596250	-0.685652	-0.0758261	120.125	34.125	-0.00493581	-0.0121275	0.996532	34.125	0	0
23	596260	-0.690261	-0.0553043	120.077	34.125	-0.00494984	-0.0118712	0.996536	34.125	0	0
23	596270	-0.674435	-0.0854783	120.098	34.125	-0.00501189	-0.011705	0.996674	34.125	0	0
23	596280	-0.708783	-0.0874783	120.077	34.125	-0.0052069	-0.0118284	0.99645	34.125	0	0
23	596290	-0.682174	-0.0926957	120.102	34.125	-0.00501559	-0.01192	0.996163	34.125	0	0
23	596300	-0.694435	-0.091913	120.143	34.0625	-0.00494172	-0.0120625	0.996596	34.0625	0	0
23	596310	-0.686435	-0.0705217	120.053	34.125	-0.00527929	-0.0125279	0.996734	34.125	0	0
23	596320	-0.678609	-0.0894783	120.06	34.125	-0.00507616	-0.011985	0.996678	34.125	0	0
23	596330	-0.68087	-0.082	120.09	34.125	-0.00487893	-0.0123159	0.996647	34.125	0	0
23	596340	-0.688	-0.0651304	120.059	34.125	-0.00499638	-0.0120071	0.99671	34.125	0	0
23	596350	-0.69913	-0.0752174	120.113	34.125	-0.00483018	-0.0120455	0.996775	34.125	0	0
23	596360	-0.694783	-0.0465217	120.057	34.125	-0.00477995	-0.0118756	0.996476	34.125	0	0
23	596370	-0.689913	-0.0554783	120.044	34.125	-0.00484643	-0.0120766	0.996479	34.125	0	0
23	596380	-0.720696	-0.0814783	120.046	34.125	-0.00501559	-0.0120529	0.996771	34.125	0	0
23	596390	-0.679565	-0.0613913	120.112	34.125	-0.00470313	-0.0119805	0.996756	34.125	0	0
23	596400	-0.706	-0.0635652	120.081	34.125	-0.00510497	-0.0122199	0.996709	34.125	0	0
23	596410	-0.70713	-0.0871304	120.125	34.125	-0.0051611	-0.0120514	0.99697	34.125	0	0
23	596420	-0.700435	-0.0636522	120.088	34.125	-0.00494837	-0.0120101	0.996289	34.125	0	0
23	596430	-0.69	-0.0613043	120.125	34.125	-0.00498973	-0.0117412	0.996381	34.125	0	0
23	596440	-0.696783	-0.0606957	120.066	34.125	-0.00492325	-0.0119443	0.996666	34.125	0	0
23	596450	-0.680174	-0.0617391	120.075	34.125	-0.00511974	-0.0120862	0.996788	34.125	0	0
23	596460	-0.670174	-0.0673913	120.108	34.125	-0.0051057	-0.011818	0.996316	34.125	0	0
23	596470	-0.698	-0.0725217	120.06	34.125	-0.00506877	-0.0121083	0.996564	34.125	0	0
23	596480	-0.695565	-0.0496522	120.101	34.125	-0.00477847	-0.0121327	0.996512	34.125	0	0
23	596490	-0.665043	-0.0685217	120.118	34.125	-0.00509315	-0.0120839	0.996502	34.125	0	0
23	596500	-0.676783	-0.0750435	120.076	34.125	-0.00502223	-0.0121061	0.996491	34.125	0	0
23	596510	-0.685391	-0.0622609	120.101	34.125	-0.00504218	-0.0116851	0.996717	34.125	0	0
23	596520	-0.676522	-0.0554783	120.082	34.125	-0.00515224	-0.0122612	0.996449	34.125	0	0
23	596530	-0.656957	-0.0745217	120.103	34.125	-0.00507468	-0.0120381	0.996498	34.125	0	0
23	596540	-0.69287	-0.0762609	120.05	34.125	-0.00501189	-0.0122309	0.996562	34.125	0	0
23	596550	-0.698348	-0.0715652	120.1	34.125	-0.00506582	-0.0121696	0.996742	34.125	0	0
23	596560	-0.665565	-0.0531304	120.099	34.125	-0.00495058	-0.0122679	0.99635	34.125	0	0
23	596570	-0.681565	-0.0633043	120.048	34.125	-0.00496536	-0.0118911	0.996604	34.125	0	0
23	596580	-0.685739	-0.0872174	120.09	34.125	-0.00497496	-0.0121467	0.996925	34.125	0	0
23	596590	-0.673652	-0.0869565	120.157	34.125	-0.00504513	-0.0121194	0.996253	34.125	0	0
23	596600	-0.675304	-0.101826	120.07	34.125	-0.00500081	-0.0120374	0.996576	34.125	0	0
23	596610	-0.698696	-0.0733913	120.082	34.125	-0.00507025	-0.0121009	0.996544	34.125	0	0
23	596620	-0.693304	-0.0708696	120.14	34.125	-0.00504587	-0.0116799	0.996633	34.125	0	0
23	596630	-0.680522	-0.0733043	120.08	34.125	-0.00523497	-0.0116939	0.996336	34.125	0	0
23	596640	-0.693304	-0.072087	120.059	34.125	-0.00471938	-0.0114908	0.996582	34.125	0	0
23	596650	-0.703043	-0.0858261	120.101	34.0625	-0.00482427	-0.011572	0.996398	34.0625	0	0
23	596660	-0.686435	-0.0630435	120.066	34.0625	-0.00478438	-0.0119237	0.996773	34.0625	0	0
23	596670	-0.677739	-0.0749565	120.079	34.125	-0.00509758	-0.0120212	0.996363	34.125	0	0
23	596680	-0.700696	-0.0778261	120.189	34.125	-0.00520173	-0.0119096	0.996505	34.125	0	0
23	596690	-0.684435	-0.06	120.054	34.125	-0.00491365	-0.0121615	0.99682	34.125	0	0
23	596700	-0.679565	-0.074087	120.063	34.125	-0.00470608	-0.0123632	0.996432	34.125	0	0
23	596710	-0.683565	-0.0526957	120.159	34.125	-0.00478512	-0.0116939	0.99676	34.125	0	0
23	596720	-0.689565	-0.0655652	120.13	34.125	-0.00483904	-0.0121659	0.996622	34.125	0	0
23	596730	-0.672957	-0.0588696	120.113	34.125	-0.00533026	-0.0120027	0.996728	34.125	0	0
23	596740	-0.695043	-0.0666957	120.092	34.125	-0.00481319	-0.0122103	0.996464	34.125	0	0
23	596750	-0.685478	-0.0666087	120.114	34.125	-0.00524384	-0.0120751	0.996284	34.125	0	0
23	596760	-0.679043	-0.0692174	120.106	34.125	-0.00499047	-0.0120633	0.996635	34.125	0	0
23	596770	-0.678261	-0.0738261	120.111	34.125	-0.00491143	-0.0121002	0.996555	34.125	0	0
23	596780	-0.687565	-0.0568696	120.087	34.125	-0.00512491	-0.0119983	0.996633	34.125	0	0
23	596790	-0.691391	-0.0662609	120.063	34.125	-0.00487893	-0.0118734	0.996861	34.125	0	0
23	596800	-0.692174	-0.075913	120.072	34.125	-0.00512786	-0.0117412	0.996795	34.125	0	0
23	596810	-0.685391	-0.0670435	120.138	34.125	-0.00504218	-0.0116208	0.996526	34.125	0	0
23	596820	-0.694609	-0.0524348	120.046	34.125	-0.00495132	-0.0121357	0.996627	34.125	0	0
23	596830	-0.676609	-0.0672174	120.069	34.125	-0.00500377	-0.0117752	0.996618	34.125	0	0
23	596840	-0.686783	-0.0897391	120.107	34.125	-0.00487893	-0.0118291	0.996542	34.125	0	0
23	596850	-0.681304	-0.0802609	120.099	34.125	-0.00493212	-0.0120972	0.996731	34.125	0	0
23	596860	-0.695652	-0.0665217	120.092	34.125	-0.005184	-0.0119813	0.997099	34.125	0	0
23	596870	-0.690087	-0.08	120.117	34.125	-0.00509315	-0.0122228	0.997168	34.125	0	0
23	596880	-0.695652	-0.0805217	120.045	34.125	-0.00509979	-0.0120935	0.996194	34.125	0	0
23	596890	-0.699565	-0.0568696	120.124	34.125	-0.00543663	-0.011849	0.996508	34.125	0	0
23	596900	-0.687826	-0.0694783	120.043	34.125	-0.00472086	-0.0122945	0.996282	34.125	0	0
23	596910	-0.680609	-0.0777391	120.07	34.125	-0.00481171	-0.0120271	0.996766	34.125	0	0
23	596920	-0.674783	-0.0847826	120.083	34.125	-0.00503996	-0.0119044	0.996839	34.125	0	0
23	596930	-0.692435	-0.0698261	120.044	34.125	-0.00461892	-0.0120278	0.996802	34.125	0	0
23	596940	-0.684261	-0.0605217	120.107	34.125	-0.00493655	-0.011637	0.996497	34.125	0	0
23	596950	-0.691565	-0.0801739	120.107	34.125	-0.00495501	-0.0120138	0.996394	34.125	0	0
23	596960	-0.704087	-0.0607826	120.064	34.125	-0.00475483	-0.0121571	0.996544	34.125	0	0
23	596970	-0.686261	-0.0793043	120.096	34.125	-0.00509389	-0.0121386	0.996581	34.125	0	0
23	596980	-0.68	-0.0840869	120.128	34.125	-0.00508281	-0.0119067	0.996795	34.125	0	0
23	596990	-0.700609	-0.0703478	120.135	34.125	-0.00472159	-0.0121305	0.996802	34.125	0	0
23	597000	-0.68313	-0.0698261	120.061	34.0625	-0.00483387	-0.0114081	0.996471	34.0625	0	0
23	597010	-0.693913	-0.0686087	120.08	34.0625	-0.00503405	-0.0118749	0.996412	34.0625	0	0
23	597020	-0.672696	-0.0574783	120.105	34.125	-0.00493138	-0.0118705	0.996135	34.125	0	0
23	597030	-0.696783	-0.0568696	120.076	34.125	-0.00508724	-0.0119096	0.996601	34.125	0	0
23	597040	-0.712609	-0.0644348	120.084	34.125	-0.00490109	-0.0119399	0.996875	34.125	0	0
23	597050	-0.70513	-0.0513913	120.094	34.0625	-0.00509389	-0.0123188	0.996748	34.0625	0	0
23	597060	-0.683913	-0.0549565	120.12	34.0625	-0.0049949	-0.0122487	0.996458	34.0625	0	0
23	597070	-0.671826	-0.0476522	120.06	34.125	-0.00477404	-0.0121224	0.99676	34.125	0	0
23	597080	-0.689043	-0.0750435	120.07	34.125	-0.00493507	-0.0115122	0.99627	34.125	0	0
23	597090	-0.669826	-0.0577391	120.09	34.125	-0.00521946	-0.0121911	0.996336	34.125	0	0
23	597100	-0.69113	-0.0754783	120.046	34.125	-0.00501411	-0.0113933	0.99669	34.125	0	0
23	597110	-0.680956	-0.0545217	120.077	34.125	-0.00499638	-0.0121585	0.996677	34.125	0	0
23	597120	-0.694522	-0.0606087	120.111	34.125	-0.00502519	-0.0121534	0.996586	34.125	0	0
23	597130	-0.673043	-0.0716522	120.072	34.125	-0.00497127	-0.0116452	0.996482	34.125	0	0
23	597140	-0.70313	-0.0607826	120.066	34.125	-0.00497348	-0.0119768	0.996255	34.125	0	0
23	597150	-0.676696	-0.0713044	120.108	34.125	-0.00485382	-0.0117707	0.996787	34.125	0	0
23	597160	-0.700609	-0.0885217	120.155	34.125	-0.00491365	-0.0118801	0.996594	34.125	0	0
23	597170	-0.681217	-0.0716522	120.133	34.125	-0.00483387	-0.0117264	0.996599	34.125	0	0
23	597180	-0.675739	-0.0840869	120.094	34.125	-0.00468318	-0.0120662	0.996383	34.125	0	0
23	597190	-0.692435	-0.0736522	120.1	34.0625	-0.00495649	-0.0119443	0.996501	34.0625	0	0
23	597200	-0.688261	-0.0710435	120.095	34.125	-0.00486194	-0.0122664	0.996596	34.125	0	0
23	597210	-0.688087	-0.0727826	120.158	34.125	-0.00479989	-0.0118084	0.996645	34.125	0	0
23	597220	-0.68687	-0.0753913	120.115	34.125	-0.00505695	-0.0119613	0.996321	34.125	0	0
23	597230	-0.690956	-0.0764348	120.113	34.125	-0.00486416	-0.0122332	0.996593	34.125	0	0
23	597240	-0.674261	-0.0729565	120.097	34.125	-0.00509241	-0.011965	0.996913	34.125	0	0
23	597250	-0.699652	-0.0852174	120.174	34.0625	-0.00496019	-0.0117501	0.996601	34.0625	0	0
23	597260	-0.706087	-0.067913	120.154	34.125	-0.00484569	-0.01192	0.996659	34.125	0	0
23	597270	-0.697304	-0.0763478	120.063	34.125	-0.00471347	-0.0120721	0.996742	34.125	0	0
23	597280	-0.68687	-0.0544348	120.103	34.125	-0.00475336	-0.011914	0.996726	34.125	0	0
23	597290	-0.698435	-0.071913	120.05	34.125	-0.00495871	-0.0122088	0.996864	34.125	0	0
23	597300	-0.679391	-0.0671304	120.097	34.125	-0.00508502	-0.012242	0.996591	34.125	0	0
23	597310	-0.688348	-0.06	120.073	34.125	-0.00495132	-0.0120684	0.996336	34.125	0	0
23	597320	-0.668609	-0.0807826	120.115	34.125	-0.00501706	-0.0120995	0.996578	34.125	0	0
23	597330	-0.689478	-0.055913	120.131	34.125	-0.00486342	-0.0121334	0.996302	34.125	0	0
23	597340	-0.66687	-0.0687826	120.064	34.125	-0.00513894	-0.0123137	0.996383	34.125	0	0
23	597350	-0.66713	-0.092	120.14	34.125	-0.00501115	-0.0124503	0.996841	34.125	0	0
23	597360	-0.69113	-0.0687826	120.095	34.125	-0.00522315	-0.0122117	0.996482	34.125	0	0
23	597370	-0.698087	-0.0494783	120.07	34.125	-0.00497718	-0.012061	0.996287	34.125	0	0
23	597380	-0.691478	-0.0566087	120.079	34.125	-0.00485456	-0.0120278	0.996455	34.125	0	0
23	597390	-0.693826	-0.0673913	120.062	34.125	-0.00508871	-0.0119281	0.996336	34.125	0	0
23	597400	-0.686261	-0.0649565	120.103	34.125	-0.00498308	-0.0120766	0.997068	34.125	0	0
23	597410	-0.677391	-0.0795652	120.11	34.125	-0.00493729	-0.0120743	0.996633	34.125	0	0
23	597420	-0.662	-0.0775652	120.122	34.125	-0.00491439	-0.0117648	0.996505	34.125	0	0
23	597430	-0.673043	-0.0937391	120.067	34.125	-0.0049528	-0.0119687	0.996718	34.125	0	0
23	597440	-0.668957	-0.083913	120.11	34.125	-0.00483313	-0.0119702	0.996909	34.125	0	0
23	597450	-0.672609	-0.0897391	120.07	34.125	-0.00498235	-0.0117442	0.996516	34.125	0	0
23	597460	-0.697217	-0.0701739	120.096	34.125	-0.00520469	-0.0123809	0.996567	34.125	0	0
23	597470	-0.662261	-0.0786956	120.109	34.125	-0.00505547	-0.0122376	0.996985	34.125	0	0
23	597480	-0.673565	-0.067913	120.053	34.125	-0.00499269	-0.0123654	0.996518	34.125	0	0
23	597490	-0.678174	-0.0697391	120.089	34.125	-0.00452068	-0.0121128	0.996545	34.125	0	0
23	597500	-0.686609	-0.0701739	120.038	34.125	-0.00499047	-0.0117648	0.996397	34.125	0	0
23	597510	-0.691652	-0.0574783	120.054	34.125	-0.0049949	-0.0120411	0.996774	34.125	0	0
23	597520	-0.665652	-0.0581739	120.051	34.125	-0.00496905	-0.0114937	0.996301	34.125	0	0
23	597530	-0.685739	-0.0664348	120.11	34.125	-0.00478955	-0.0122804	0.996666	34.125	0	0
