23	456380	0.0157391	-0.0882609	0.113826	34.0625	-8.93794e-05	-0.00578233	0.996646	34.0625	0	0
23	456390	0.00843478	-0.0837391	0.0687826	34	1.77281e-05	-0.00608075	0.996772	34	0	0
23	456400	0.00130435	-0.0937391	0.107391	34.0625	6.42645e-05	-0.00620189	0.996638	34.0625	0	0
23	456410	0.0242609	-0.0777391	0.103913	34.0625	-7.60833e-05	-0.00588279	0.996203	34.0625	0	0
23	456420	-0.00434783	-0.0913913	0.0557391	34.0625	-1.77281e-05	-0.00549498	0.996618	34.0625	0	0
23	456430	0.0228696	-0.0822609	0.082087	34.0625	-9.15954e-05	-0.00597955	0.996256	34.0625	0	0
23	456440	0.0243478	-0.0614783	0.080087	34.0625	4.65364e-05	-0.00612212	0.996279	34.0625	0	0
23	456450	-0.00330435	-0.0682609	0.0877391	34.0625	-0.000110801	-0.00558806	0.996714	34.0625	0	0
23	456460	0.0188696	-0.0784348	0.128609	34.0625	-0.000138132	-0.00605638	0.996709	34.0625	0	0
23	456470	0.0184348	-0.0867826	0.089913	34.0625	-5.17071e-05	-0.00584585	0.996581	34.0625	0	0
23	456480	0.0281739	-0.0798261	0.0988696	34.0625	-9.89821e-05	-0.0059958	0.996386	34.0625	0	0
23	456490	0.00869565	-0.0908696	0.0584348	34.0625	3.10242e-05	-0.00596995	0.996188	34.0625	0	0
23	456500	0.0222609	-0.0816522	0.0854783	34.0625	-2.43762e-05	-0.00606819	0.996559	34.0625	0	0
23	456510	0.00826087	-0.0883478	0.0546957	34.0625	-0.000187623	-0.00607706	0.99635	34.0625	0	0
23	456520	0.00373913	-0.082	0.0701739	34.0625	-0.000151428	-0.00580966	0.996524	34.0625	0	0
23	456530	0.0106957	-0.0764348	0.0672174	34.0625	8.86407e-06	-0.00574318	0.996499	34.0625	0	0
23	456540	-0.0073913	-0.0793043	0.110957	34.0625	-0.000208306	-0.00562868	0.996393	34.0625	0	0
23	456550	0.00530435	-0.0794783	0.103304	34.0625	-5.61391e-05	-0.00597881	0.996483	34.0625	0	0
23	456560	0.0154783	-0.0795652	0.073913	34.0625	8.1254e-05	-0.00623809	0.996686	34.0625	0	0
23	456570	0.0130435	-0.103217	0.0629565	34.0625	-0.00010563	-0.00555186	0.996648	34.0625	0	0
23	456580	0.0146087	-0.0795652	0.0866956	34.0625	5.83551e-05	-0.00601944	0.996364	34.0625	0	0
23	456590	0.0206957	-0.0785217	0.091913	34.0625	-0.000148473	-0.00589756	0.996321	34.0625	0	0
23	456600	0.0249565	-0.0846957	0.103652	34.0625	2.21602e-06	-0.00616201	0.996475	34.0625	0	0
23	456610	0.0253043	-0.0626087	0.0675652	34.0625	-1.03414e-05	-0.00617826	0.996654	34.0625	0	0
23	456620	0.02	-0.0829565	0.108783	34.0625	2.88082e-05	-0.00562942	0.996816	34.0625	0	0
23	456630	0.0233043	-0.0782609	0.094	34.0625	-7.53446e-05	-0.00564715	0.996265	34.0625	0	0
23	456640	0.0231304	-0.0806956	0.0733913	34.0625	-0.000149212	-0.0057513	0.996327	34.0625	0	0
23	456650	0.00982609	-0.0926957	0.0989565	34.0625	7.46059e-05	-0.00598916	0.996858	34.0625	0	0
23	456660	0.00756522	-0.0804348	0.0516522	34.0625	-5.90938e-05	-0.0057779	0.996432	34.0625	0	0
23	456670	-0.00121739	-0.0896522	0.0904348	34.0625	-5.09684e-05	-0.00576829	0.996276	34.0625	0	0
23	456680	0.00521739	-0.0686087	0.120261	34.0625	-0.000129268	-0.00585029	0.996735	34.0625	0	0
23	456690	-0.00147826	-0.073913	0.110609	34.0625	-9.08567e-05	-0.00586358	0.99663	34.0625	0	0
23	456700	0.02	-0.077913	0.0877391	34.0625	-1.69895e-05	-0.00572471	0.996558	34.0625	0	0
23	456710	0.0202609	-0.0842609	0.083913	34.0625	-4.21043e-05	-0.0059116	0.996591	34.0625	0	0
23	456720	0.00652174	-0.0712174	0.0898261	34.0625	2.21602e-05	-0.00558953	0.996625	34.0625	0	0
23	456730	0.00608696	-0.0636522	0.10087	34.0625	3.98883e-05	-0.00575057	0.996801	34.0625	0	0
23	456740	0.00782609	-0.0656522	0.100087	34.0625	1.99442e-05	-0.00568039	0.996643	34.0625	0	0
23	456750	0.00721739	-0.0712174	0.0497391	34.0625	-6.42645e-05	-0.00582591	0.996446	34.0625	0	0
23	456760	0.00878261	-0.09	0.0885217	34.0625	-0.000110062	-0.0060645	0.996276	34.0625	0	0
23	456770	0.0145217	-0.0898261	0.0691304	34.0625	9.60274e-05	-0.00579858	0.996293	34.0625	0	0
23	456780	0.0133043	-0.088	0.100783	34.0625	-2.88082e-05	-0.00579932	0.996506	34.0625	0	0
23	456790	0.022087	-0.0673913	0.082087	34.0625	-0.000104891	-0.00559692	0.995895	34.0625	0	0
23	456800	0.00495652	-0.0853043	0.0941739	34.0625	-1.03414e-05	-0.00597291	0.996217	34.0625	0	0
23	456810	0.0233043	-0.0702609	0.0641739	34.0625	2.06828e-05	-0.00559101	0.996678	34.0625	0	0
23	456820	0.00826087	-0.0873913	0.0962609	34.0625	-4.5059e-05	-0.0058008	0.996658	34.0625	0	0
23	456830	0.0148696	-0.0876522	0.0747826	34.0625	-1.32961e-05	-0.0057971	0.996395	34.0625	0	0
23	456840	0.0137391	-0.0861739	0.0897391	34.0625	-3.76723e-05	-0.005967	0.996618	34.0625	0	0
23	456850	0.0232174	-0.0628696	0.058087	34.0625	-3.54563e-05	-0.00565602	0.996674	34.0625	0	0
23	456860	0.00234783	-0.0851304	0.066087	34.0625	-3.25016e-05	-0.00564272	0.996559	34.0625	0	0
23	456870	-0.000173913	-0.106174	0.105217	34.0625	-9.30727e-05	-0.00572471	0.996469	34.0625	0	0
23	456880	0.00852174	-0.079913	0.117913	34.0625	-3.54563e-05	-0.00597438	0.996677	34.0625	0	0
23	456890	0.0150435	-0.0887826	0.0945217	34.0625	0	-0.00616644	0.996799	34.0625	0	0
23	456900	0.0177391	-0.078	0.0971304	34.0625	6.05711e-05	-0.00559249	0.99669	34.0625	0	0
23	456910	0.0263478	-0.0713044	0.0602609	34.0625	-0.000148473	-0.00549203	0.996378	34.0625	0	0
23	456920	0.0184348	-0.0801739	0.0870435	34.0625	-0.000104891	-0.00564937	0.996517	34.0625	0	0
23	456930	0.0167826	-0.0767826	0.0736522	34.0625	-3.8411e-05	-0.00555112	0.996214	34.0625	0	0
23	456940	0.000782609	-0.0773043	0.0808696	34.0625	-0.000118188	-0.00578307	0.996466	34.0625	0	0
23	456950	0.00417391	-0.0811304	0.102174	34.0625	5.76165e-05	-0.00618786	0.996594	34.0625	0	0
23	456960	0.0173043	-0.0806087	0.0946087	34.0625	0	-0.00531475	0.996802	34.0625	0	0
23	456970	0.00808696	-0.0849565	0.0804348	34.0625	-6.64805e-06	-0.00626837	0.996457	34.0625	0	0
23	456980	0.00956522	-0.0644348	0.109217	34.0625	2.95469e-05	-0.00592194	0.996553	34.0625	0	0
23	456990	0.0207826	-0.0742609	0.11287	34.0625	-5.90938e-05	-0.00561687	0.996629	34.0625	0	0
23	457000	0.0149565	-0.0913043	0.0711304	34.0625	-0.000104891	-0.00591012	0.996717	34.0625	0	0
23	457010	0.00817391	-0.0776522	0.0397391	34.0625	5.98325e-05	-0.00611916	0.996902	34.0625	0	0
23	457020	0.0191304	-0.0826957	0.10287	34.0625	5.54004e-05	-0.0058525	0.996629	34.0625	0	0
23	457030	0.0136522	-0.0736522	0.127913	34.0625	-9.45501e-05	-0.00582813	0.996771	34.0625	0	0
23	457040	0.0246087	-0.0873913	0.0775652	34.0625	0	-0.005755	0.996488	34.0625	0	0
23	457050	0.00617391	-0.0756522	0.0913913	34.0625	1.92055e-05	-0.00589461	0.99627	34.0625	0	0
23	457060	0.02	-0.0873913	0.0977391	34.0625	-7.97766e-05	-0.00588426	0.996262	34.0625	0	0
23	457070	0.0108696	-0.0575652	0.0465217	34.0625	3.47176e-05	-0.00595444	0.996621	34.0625	0	0
23	457080	0.0178261	-0.0761739	0.0693043	34.0625	-0.000149951	-0.00570625	0.996341	34.0625	0	0
23	457090	0.016	-0.0874783	0.0929565	34.0625	-5.02297e-05	-0.00561834	0.996363	34.0625	0	0
23	457100	0.0115652	-0.0898261	0.0963478	34.0625	-2.06828e-05	-0.00571511	0.996588	34.0625	0	0
23	457110	0.0145217	-0.093913	0.101826	34.0625	7.23899e-05	-0.00601649	0.99679	34.0625	0	0
23	457120	0.0105217	-0.0786956	0.0743478	34.0625	4.2843e-05	-0.00577051	0.996563	34.0625	0	0
23	457130	0.0238261	-0.0636522	0.0729565	34.0625	0.000163247	-0.00600984	0.996789	34.0625	0	0
23	457140	0.0114783	-0.0833043	0.0836522	34.0625	2.65922e-05	-0.00590347	0.996288	34.0625	0	0
23	457150	0.0223478	-0.0698261	0.117826	34.0625	5.39231e-05	-0.00567596	0.996456	34.0625	0	0
23	457160	0.0128696	-0.0881739	0.0952174	34.0625	-0.000146996	-0.00558658	0.996596	34.0625	0	0
23	457170	0.02	-0.0874783	0.0926957	34.0625	-6.20485e-05	-0.00582739	0.996646	34.0625	0	0
23	457180	0.0114783	-0.0869565	0.11713	34.0625	-7.53446e-05	-0.00610882	0.996889	34.0625	0	0
23	457190	0.0202609	-0.0614783	0.0689565	34	6.86965e-05	-0.00614723	0.996974	34	0	0
23	457200	0.0205217	-0.0791304	0.0862609	34	-0.000114494	-0.0056767	0.996703	34	0	0
23	457210	0.00426087	-0.0969565	0.0628696	34.0625	-0.000109324	-0.00605416	0.996825	34.0625	0	0
23	457220	0.0150435	-0.07	0.0886087	34.0625	-0.000189839	-0.00571659	0.996455	34.0625	0	0
23	457230	0.0167826	-0.0916522	0.114522	34.0625	-3.47176e-05	-0.00556811	0.996503	34.0625	0	0
23	457240	0.0108696	-0.0963478	0.0986087	34.0625	-3.39789e-05	-0.00591972	0.996531	34.0625	0	0
23	457250	0.00321739	-0.104522	0.115652	34.0625	-0.000157337	-0.00581852	0.996384	34.0625	0	0
23	457260	0.00826087	-0.0864348	0.218609	34.0625	1.55121e-05	-0.00588796	0.996567	34.0625	0	0
23	457270	-0.0146087	-0.0770435	4.03104	34.0625	-0.00192794	-0.00474745	0.996737	34.0625	0	0
23	457280	-0.0595652	-0.0706087	14.3182	34.0625	-0.00284611	-0.00435004	0.996519	34.0625	0	0
23	457290	-0.129304	-0.0865217	25.7647	34.0625	-0.00326493	-0.00457829	0.996616	34.0625	0	0
23	457300	-0.199913	-0.0884348	37.6478	34.0625	-0.0034725	-0.00439141	0.996421	34.0625	0	0
23	457310	-0.282783	-0.0903478	49.6997	34.0625	-0.00385809	-0.00513968	0.996488	34.0625	0	0
23	457320	-0.356348	-0.0655652	61.6767	34.0625	-0.00433305	-0.00541595	0.996364	34.0625	0	0
23	457330	-0.431565	-0.0654783	73.6659	34.0625	-0.00480506	-0.00625951	0.996483	34.0625	0	0
23	457340	-0.478261	-0.0734783	85.6775	34.0625	-0.00550902	-0.00710898	0.99688	34.0625	0	0
23	457350	-0.557739	-0.064087	97.5757	34.0625	-0.00621076	-0.00793556	0.99653	34.0625	0	0
23	457360	-0.63	-0.0693913	109.481	34.0625	-0.00689625	-0.00896157	0.996587	34.0625	0	0
23	457370	-0.672435	-0.0672174	117.378	34.0625	-0.00579045	-0.0112101	0.996677	34.0625	0	0
23	457380	-0.677826	-0.0661739	119.459	34.0625	-0.00508724	-0.0116792	0.996692	34.0625	0	0
23	457390	-0.689565	-0.0626957	119.95	34.0625	-0.00495575	-0.012143	0.996901	34.0625	0	0
23	457400	-0.689826	-0.0893913	120.056	34.0625	-0.00497939	-0.0121578	0.996604	34.0625	0	0
23	457410	-0.681478	-0.0830435	120.077	34.0625	-0.00473046	-0.0119192	0.996483	34.0625	0	0
23	457420	-0.676957	-0.0656522	120.115	34.0625	-0.00482796	-0.0120596	0.996738	34.0625	0	0
23	457430	-0.677478	-0.0678261	120.081	34.0625	-0.00520616	-0.0121645	0.996771	34.0625	0	0
23	457440	-0.678087	-0.0715652	120.075	34.0625	-0.00513673	-0.0118505	0.996404	34.0625	0	0
23	457450	-0.672957	-0.0729565	120.105	34.0625	-0.0052106	-0.0116533	0.996689	34.0625	0	0
23	457460	-0.679565	-0.088	120.191	34.0625	-0.00511974	-0.0118586	0.996653	34.0625	0	0
23	457470	-0.679304	-0.0828696	120.093	34.0625	-0.00492842	-0.0121704	0.996566	34.0625	0	0
23	457480	-0.676522	-0.0814783	120.152	34.0625	-0.00515298	-0.0115388	0.996421	34.0625	0	0
23	457490	-0.688087	-0.0775652	120.08	34.0625	-0.00506434	-0.0120056	0.996639	34.0625	0	0
23	457500	-0.693478	-0.0924348	120.15	34.0625	-0.00479989	-0.0119901	0.996861	34.0625	0	0
23	457510	-0.687043	-0.0725217	120.103	34.0625	-0.00509167	-0.0119044	0.996547	34.0625	0	0
23	457520	-0.676261	-0.0602609	120.085	34.0625	-0.00499195	-0.012115	0.996577	34.0625	0	0
23	457530	-0.672696	-0.086087	120.078	34.0625	-0.00521429	-0.0117464	0.996655	34.0625	0	0
23	457540	-0.68513	-0.0654783	120.08	34.0625	-0.00494024	-0.0120463	0.996553	34.0625	0	0
23	457550	-0.701826	-0.0616522	120.128	34.0625	-0.00474006	-0.011965	0.996578	34.0625	0	0
23	457560	-0.707391	-0.0707826	120.146	34.0625	-0.00472381	-0.0118025	0.996534	34.0625	0	0
23	457570	-0.684609	-0.0723478	119.288	34.0625	-0.00379161	-0.0121925	0.99633	34.0625	0	0
23	457580	-0.643304	-0.0813913	112.107	34.0625	-0.00158371	-0.0129179	0.996669	34.0625	0	0
23	457590	-0.571826	-0.0727826	101.291	34.0625	-0.000799982	-0.0119451	0.996667	34.0625	0	0
23	457600	-0.519043	-0.0832174	89.5375	34.0625	0.000361211	-0.0114243	0.996519	34.0625	0	0
23	457610	-0.428696	-0.0902609	77.6617	34.0625	0.000786686	-0.0105386	0.997093	34.0625	0	0
23	457620	-0.366087	-0.0796522	65.639	34.0625	0.00143376	-0.00991077	0.996488	34.0625	0	0
23	457630	-0.307304	-0.0748696	53.4503	34	0.00209857	-0.00915289	0.996256	34	0	0
23	457640	-0.120087	-0.0950435	22.104	34.0625	0.0088035	-0.0122945	0.996488	34.0625	0	0
23	457650	-0.00252174	-0.0929565	4.99974	34.0625	0.00149655	-0.00670641	0.99656	34.0625	0	0
23	457660	0.00791304	-0.0838261	1.30913	34.0625	0.000391496	-0.00620337	0.996385	34.0625	0	0
23	457670	-8.69565e-05	-0.0711304	0.393478	34.0625	0.000224556	-0.00569664	0.996465	34.0625	0	0
23	457680	0.00269565	-0.0901739	0.133391	34.0625	-0.000121142	-0.00567522	0.996474	34.0625	0	0
23	457690	0.0166957	-0.0785217	0.0912174	34.0625	-5.24457e-05	-0.00582665	0.996506	34.0625	0	0
23	457700	0.0209565	-0.0863478	0.0946957	34.0625	-0.000146257	-0.00579119	0.996516	34.0625	0	0
23	457710	0.0309565	-0.0744348	0.072087	34.0625	6.64805e-06	-0.00599359	0.996641	34.0625	0	0
23	457720	0.02	-0.104174	0.0810435	34.0625	-3.02856e-05	-0.00553709	0.99663	34.0625	0	0
23	457730	0.00547826	-0.0767826	0.105565	34.0625	-3.76723e-05	-0.00544106	0.996575	34.0625	0	0
23	457740	-0.000608696	-0.0948696	0.0916522	34.0625	-7.97766e-05	-0.00550606	0.996333	34.0625	0	0
23	457750	0.0123478	-0.0794783	0.10713	34.0625	-5.90938e-06	-0.00615684	0.996584	34.0625	0	0
23	457760	0.0128696	-0.0855652	0.103565	34.0625	-3.02856e-05	-0.00571289	0.996677	34.0625	0	0
23	457770	0.0143478	-0.0744348	0.0827826	34.0625	3.39789e-05	-0.00571363	0.996505	34.0625	0	0
23	457780	0.00982609	-0.0952174	0.0893913	34.0625	0.000104891	-0.00580449	0.996627	34.0625	0	0
23	457790	0.0234783	-0.08	0.086087	34.0625	-0.000160292	-0.00590938	0.996464	34.0625	0	0
23	457800	0.00591304	-0.0851304	0.0662609	34.0625	-0.000203874	-0.00583625	0.996575	34.0625	0	0
23	457810	0.0274783	-0.0964348	0.060087	34.0625	9.60274e-05	-0.00576091	0.996806	34.0625	0	0
23	457820	0.0110435	-0.0758261	0.0848696	34.0625	-5.02297e-05	-0.00598103	0.996573	34.0625	0	0
23	457830	0.0148696	-0.0643478	0.111391	34.0625	0	-0.00604456	0.996433	34.0625	0	0
23	457840	0.00982609	-0.0694783	0.0644348	34.0625	-0.000161769	-0.00556516	0.996542	34.0625	0	0
23	457850	0.0148696	-0.0808696	0.0946087	34.0625	-7.01739e-05	-0.00598029	0.996926	34.0625	0	0
23	457860	-0.00417391	-0.0730435	0.0896522	34.0625	-0.000104891	-0.00573136	0.9967	34.0625	0	0
23	457870	0.0136522	-0.0885217	0.104696	34.0625	-2.51149e-05	-0.0055622	0.996659	34.0625	0	0
23	457880	0.00895652	-0.0888696	0.0826957	34.0625	-7.38672e-07	-0.00533248	0.996539	34.0625	0	0
23	457890	0.0168696	-0.0667826	0.111739	34.0625	-0.00019501	-0.00614058	0.996575	34.0625	0	0
23	457900	0.0168696	-0.0803478	0.106087	34.0625	-0.000240807	-0.00544845	0.996235	34.0625	0	0
23	457910	0.0232174	-0.100609	0.0553913	34.0625	-0.00021126	-0.00574318	0.996279	34.0625	0	0
23	457920	0.0392174	-0.0821739	0.0796522	34.0625	-5.90938e-05	-0.00553413	0.996644	34.0625	0	0
23	457930	0.0121739	-0.0742609	0.107478	34.0625	-6.50032e-05	-0.00590199	0.996609	34.0625	0	0
23	457940	0.0206957	-0.0858261	0.0985217	34.0625	-2.58535e-05	-0.0058429	0.996614	34.0625	0	0
23	457950	0.0163478	-0.0830435	0.0702609	34.0625	-4.80137e-05	-0.00591972	0.996707	34.0625	0	0
23	457960	0.0143478	-0.0926957	0.0574783	34.0625	-0.000252626	-0.00583847	0.996676	34.0625	0	0
23	457970	0.0112174	-0.0821739	0.0908696	34.0625	-4.21043e-05	-0.00605194	0.996762	34.0625	0	0
23	457980	0.0132174	-0.0823478	0.0942609	34.0625	-4.21043e-05	-0.00551641	0.996706	34.0625	0	0
23	457990	0.011913	-0.0881739	0.0589565	34.0625	9.60274e-06	-0.0056309	0.996443	34.0625	0	0
23	458000	-0.000173913	-0.105565	0.109565	34.0625	6.72192e-05	-0.00583108	0.996475	34.0625	0	0
23	458010	0.00643478	-0.0876522	0.0988696	34.0625	-4.65364e-05	-0.00593819	0.996414	34.0625	0	0
23	458020	0.0176522	-0.0950435	0.094	34.0625	0	-0.00586949	0.996126	34.0625	0	0
23	458030	0.00478261	-0.0906087	0.106783	34.0625	-4.94911e-05	-0.00572767	0.996609	34.0625	0	0
23	458040	0.0013913	-0.0672174	0.114348	34.0625	3.6195e-05	-0.00593893	0.996446	34.0625	0	0
23	458050	0.00486956	-0.0829565	0.0850435	34.0625	-0.000251149	-0.00574022	0.996115	34.0625	0	0
23	458060	0.0150435	-0.0878261	0.0913913	34.0625	-4.21043e-05	-0.0055888	0.996706	34.0625	0	0
23	458070	-0.000521739	-0.0773043	0.0797391	34.0625	-5.24457e-05	-0.00589535	0.996675	34.0625	0	0
23	458080	0.00886957	-0.0775652	0.0718261	34.0625	5.90938e-06	-0.00579562	0.996504	34.0625	0	0
23	458090	0.0229565	-0.0664348	0.0786956	34.0625	-6.35258e-05	-0.0057513	0.996473	34.0625	0	0
23	458100	0.00678261	-0.0842609	0.0749565	34.0625	-4.43203e-06	-0.00606007	0.996734	34.0625	0	0
23	458110	0.016087	-0.073913	0.0511304	34.0625	-0.000137393	-0.00557476	0.996687	34.0625	0	0
23	458120	0.0232174	-0.0949565	0.0746087	34.0625	0.000140348	-0.00566783	0.99661	34.0625	0	0
23	458130	0.0148696	-0.0784348	0.0702609	34.0625	2.43762e-05	-0.00533617	0.996496	34.0625	0	0
23	458140	-0.00652174	-0.0665217	0.071913	34.0625	-0.000198703	-0.00585546	0.99657	34.0625	0	0
23	458150	0.00513043	-0.0955652	0.108	34.0625	-0.000134438	-0.00591455	0.996344	34.0625	0	0
23	458160	0.019913	-0.0914783	0.0805217	34.0625	2.36375e-05	-0.00577716	0.996621	34.0625	0	0
23	458170	0.0191304	-0.0664348	0.095913	34.0625	-0.000240069	-0.00583256	0.99654	34.0625	0	0
23	458180	0.02	-0.094087	0.0806956	34.0625	-6.05711e-05	-0.00592046	0.996302	34.0625	0	0
23	458190	0.02	-0.0768696	0.0950435	34.0625	-4.13657e-05	-0.00566266	0.99662	34.0625	0	0
23	458200	0.008	-0.0916522	0.0983478	34.0625	-7.31286e-05	-0.00581483	0.996482	34.0625	0	0
23	458210	0.0190435	-0.0724348	0.103913	34.0625	0.000102675	-0.00565602	0.996491	34.0625	0	0
23	458220	0.031913	-0.0645217	0.0808696	34.0625	2.65922e-05	-0.005967	0.996658	34.0625	0	0
23	458230	0.0222609	-0.0777391	0.0924348	34.0625	-7.38672e-05	-0.00605342	0.99668	34.0625	0	0
23	458240	0.0111304	-0.108087	0.088	34.0625	6.42645e-05	-0.00583625	0.996672	34.0625	0	0
23	458250	0.00573913	-0.0676522	0.078	34.0625	2.80696e-05	-0.00591307	0.996568	34.0625	0	0
23	458260	0.0133913	-0.0790435	0.058	34.0625	-4.43203e-05	-0.00546027	0.996486	34.0625	0	0
23	458270	0.0211304	-0.0715652	0.0846087	34.0625	-7.46059e-05	-0.00586654	0.996447	34.0625	0	0
23	458280	0.0105217	-0.082	0.100609	34.0625	-1.99442e-05	-0.00593819	0.99659	34.0625	0	0
23	458290	0.00382609	-0.0796522	0.0787826	34.0625	-0.000165463	-0.00611621	0.996644	34.0625	0	0
23	458300	0.00547826	-0.0757391	0.072087	34.0625	-2.95469e-05	-0.00590273	0.996466	34.0625	0	0
23	458310	0	-0.0625217	0.0981739	34.0625	4.94911e-05	-0.00588648	0.996567	34.0625	0	0
23	458320	0.00904348	-0.0742609	0.0978261	34.0625	-8.64247e-05	-0.00575795	0.996452	34.0625	0	0
