23	522840	-0.167913	-0.0945217	30.1813	34.125	-0.000495649	-0.00624031	0.996965	34.125	0	0
23	522850	-0.161652	-0.0933913	30.1458	34.125	-0.000579119	-0.00594484	0.996341	34.125	0	0
23	522860	-0.155043	-0.0822609	30.1638	34.0625	-0.000446897	-0.00617309	0.996754	34.0625	0	0
23	522870	-0.162522	-0.098	30.1878	34.125	-0.000533322	-0.00618343	0.996312	34.125	0	0
23	522880	-0.154609	-0.087913	30.1397	34.125	-0.000213476	-0.0062898	0.996469	34.125	0	0
23	522890	-0.156957	-0.099913	30.161	34.0625	-0.000475705	-0.00610882	0.996306	34.0625	0	0
23	522900	-0.172087	-0.0766087	30.1497	34.125	-0.000444681	-0.00607558	0.996698	34.125	0	0
23	522910	-0.160261	-0.0853043	30.1479	34.125	-0.000237114	-0.00594114	0.996365	34.125	0	0
23	522920	-0.164261	-0.0804348	30.1786	34.0625	-0.000345699	-0.00639617	0.996715	34.0625	0	0
23	522930	-0.149913	-0.076	30.154	34.0625	-0.000484569	-0.00616201	0.996466	34.0625	0	0
23	522940	-0.126435	-0.080087	30.1531	34.0625	-0.000378939	-0.00631417	0.996515	34.0625	0	0
23	522950	-0.158087	-0.0903478	30.1603	34.0625	-0.00031172	-0.00642571	0.996839	34.0625	0	0
23	522960	-0.148957	-0.0890435	30.1554	34.0625	-0.0003782	-0.0063969	0.996768	34.0625	0	0
23	522970	-0.155043	-0.0921739	30.1656	34.0625	-0.00027257	-0.00624252	0.996528	34.0625	0	0
23	522980	-0.161739	-0.0961739	30.1767	34.125	-0.000484569	-0.00607706	0.996478	34.125	0	0
23	522990	-0.141217	-0.0635652	30.1775	34.0625	-0.000298424	-0.00614132	0.996578	34.0625	0	0
23	523000	-0.160696	-0.0836522	30.1324	34.125	-0.000344221	-0.00628536	0.996128	34.125	0	0
23	523010	-0.154609	-0.100783	30.183	34.0625	-0.000282173	-0.00605564	0.996326	34.0625	0	0
23	523020	-0.163826	-0.0735652	30.1729	34.0625	-0.000282912	-0.00610882	0.996357	34.0625	0	0
23	523030	-0.157826	-0.0625217	30.1509	34.0625	-0.000203135	-0.0059899	0.99653	34.0625	0	0
23	523040	-0.152696	-0.0713913	30.1526	34.0625	-0.00046758	-0.00610882	0.996596	34.0625	0	0
23	523050	-0.16	-0.0768696	30.1862	34.125	-0.000297685	-0.00611251	0.996518	34.125	0	0
23	523060	-0.173913	-0.0743478	30.1365	34.0625	-0.000547356	-0.00579562	0.996209	34.0625	0	0
23	523070	-0.15687	-0.0898261	30.1589	34.0625	-0.000225295	-0.00628832	0.996618	34.0625	0	0
23	523080	-0.16713	-0.0781739	30.1584	34.0625	-0.000346437	-0.00621371	0.996646	34.0625	0	0
23	523090	-0.15913	-0.0867826	30.1772	34.0625	-0.00042843	-0.00623144	0.996329	34.0625	0	0
23	523100	-0.156783	-0.0601739	30.1509	34.0625	-0.000432862	-0.00622627	0.996305	34.0625	0	0
23	523110	-0.170783	-0.0843478	30.1638	34.0625	-0.000607927	-0.00624326	0.996966	34.0625	0	0
23	523120	-0.139652	-0.0813913	30.1571	34.0625	-0.000306549	-0.00608075	0.996492	34.0625	0	0
23	523130	-0.155826	-0.101304	30.1679	34.0625	-0.000321323	-0.00643458	0.996673	34.0625	0	0
23	523140	-0.157739	-0.0909565	30.1735	34.0625	-0.000340528	-0.00612581	0.996604	34.0625	0	0
23	523150	-0.156522	-0.0724348	30.1721	34.0625	-0.000420305	-0.00581852	0.997051	34.0625	0	0
23	523160	-0.157652	-0.0813913	30.1587	34.0625	-0.000349392	-0.00627945	0.996594	34.0625	0	0
23	523170	-0.160174	-0.0790435	30.1662	34.0625	8.86407e-06	-0.00617013	0.99635	34.0625	0	0
23	523180	-0.16	-0.0753913	30.1531	34.0625	-0.000374507	-0.00620116	0.996708	34.0625	0	0
23	523190	-0.165739	-0.088	30.1766	34.0625	-0.00011671	-0.00629423	0.996824	34.0625	0	0
23	523200	-0.152087	-0.0668696	30.1631	34.0625	-0.000415873	-0.00620706	0.996322	34.0625	0	0
23	523210	-0.155217	-0.0822609	30.1571	34.0625	-0.000362688	-0.00650327	0.996447	34.0625	0	0
23	523220	-0.166348	-0.0763478	30.1601	34.0625	-0.000270354	-0.00632378	0.996872	34.0625	0	0
23	523230	-0.150087	-0.0873043	30.1808	34.0625	-0.000198703	-0.00622258	0.996719	34.0625	0	0
23	523240	-0.151826	-0.0889565	30.1662	34.0625	-0.000451329	-0.00606007	0.996344	34.0625	0	0
23	523250	-0.174957	-0.0927826	30.1398	34.125	-0.000180236	-0.00625434	0.99657	34.125	0	0
23	523260	-0.160174	-0.0843478	30.1636	34.0625	-0.000229727	-0.00626394	0.996327	34.0625	0	0
23	523270	-0.16713	-0.0871304	30.1496	34.0625	-0.000446158	-0.00594705	0.996599	34.0625	0	0
23	523280	-0.176174	-0.0757391	30.1597	34.0625	-0.000490479	-0.00613098	0.996835	34.0625	0	0
23	523290	-0.178348	-0.0832174	30.1662	34.0625	-0.000671453	-0.0061753	0.996863	34.0625	0	0
23	523300	-0.164696	-0.0795652	30.1834	34.0625	-0.000489001	-0.00646265	0.996875	34.0625	0	0
23	523310	-0.153391	-0.0791304	30.1373	34.0625	-0.00012262	-0.00624917	0.996988	34.0625	0	0
23	523320	-0.148087	-0.09	30.1634	34.125	-0.00010563	-0.00640355	0.996879	34.125	0	0
23	523330	-0.158522	-0.0806087	30.1743	34.0625	-0.000234898	-0.00595813	0.996793	34.0625	0	0
23	523340	-0.166174	-0.0873043	30.1828	34.125	-0.000174327	-0.00609109	0.996381	34.125	0	0
23	523350	-0.15287	-0.0923478	30.1197	34.0625	-0.000409963	-0.00618195	0.996452	34.0625	0	0
23	523360	-0.171043	-0.0783478	30.179	34.0625	-0.000422521	-0.00592563	0.99676	34.0625	0	0
23	523370	-0.167652	-0.0638261	30.1602	34.125	-0.000297685	-0.00603348	0.996745	34.125	0	0
23	523380	-0.14287	-0.0747826	30.1803	34.0625	-0.000109324	-0.00641759	0.996452	34.0625	0	0
23	523390	-0.15	-0.0674783	30.1553	34.0625	-0.000344221	-0.00637179	0.996337	34.0625	0	0
23	523400	-0.166696	-0.0813913	30.1511	34.0625	-0.000197964	-0.00605933	0.996718	34.0625	0	0
23	523410	-0.172	-0.0678261	30.1661	34.0625	-0.000466841	-0.00617456	0.996525	34.0625	0	0
23	523420	-0.160522	-0.0688696	30.1531	34.0625	-0.000115233	-0.00628389	0.996804	34.0625	0	0
23	523430	-0.164696	-0.0814783	30.1658	34.125	-0.000118926	-0.00603643	0.996611	34.125	0	0
23	523440	-0.148	-0.0783478	30.1503	34.0625	-0.000110062	-0.00591307	0.996569	34.0625	0	0
23	523450	-0.161652	-0.0727826	30.1201	34.0625	-0.000390758	-0.00596404	0.996361	34.0625	0	0
23	523460	-0.144609	-0.0652174	30.2073	34.0625	-0.000281434	-0.00665839	0.99659	34.0625	0	0
23	523470	-0.152957	-0.0818261	30.1814	34.0625	-0.000387064	-0.0061753	0.996658	34.0625	0	0
23	523480	-0.157565	-0.098087	30.1583	34.0625	-0.000242285	-0.00616274	0.996482	34.0625	0	0
23	523490	-0.150261	-0.0893044	30.1945	34.125	-0.00021126	-0.00605859	0.996587	34.125	0	0
23	523500	-0.161739	-0.0731304	30.1437	34.0625	-0.000316152	-0.00624031	0.996471	34.0625	0	0
23	523510	-0.177478	-0.0751304	30.1767	34.0625	-0.000154383	-0.006733	0.996765	34.0625	0	0
23	523520	-0.175478	-0.0593043	30.1623	34.0625	-0.000168417	-0.00632673	0.996997	34.0625	0	0
23	523530	-0.149478	-0.0830435	30.157	34.0625	-0.000345699	-0.00614058	0.996495	34.0625	0	0
23	523540	-0.163304	-0.0722609	30.1408	34.0625	-0.000248194	-0.00618638	0.996316	34.0625	0	0
23	523550	-0.170087	-0.0713913	30.1698	34.0625	-0.000443942	-0.00619968	0.996661	34.0625	0	0
23	523560	-0.168174	-0.0803478	30.1542	34.0625	-0.000468318	-0.00603643	0.996849	34.0625	0	0
23	523570	-0.169565	-0.0873913	30.1769	34.0625	-0.000268138	-0.00673743	0.996409	34.0625	0	0
23	523580	-0.147913	-0.0735652	30.1761	34.0625	-0.000542186	-0.00658527	0.996439	34.0625	0	0
23	523590	-0.173478	-0.066	30.1737	34.0625	-0.000344221	-0.00607632	0.996596	34.0625	0	0
23	523600	-0.158174	-0.0765217	30.1627	34.125	-0.000297685	-0.00637474	0.996367	34.125	0	0
23	523610	-0.172087	-0.0564348	30.1476	34.125	-0.000408486	-0.00643827	0.996532	34.125	0	0
23	523620	-0.169652	-0.0664348	30.1536	34.0625	-0.00042843	-0.00632747	0.996648	34.0625	0	0
23	523630	-0.17113	-0.0702609	30.171	34.0625	-0.000520025	-0.00598768	0.996561	34.0625	0	0
23	523640	-0.145043	-0.0698261	30.1519	34.0625	-0.000290298	-0.00660743	0.996797	34.0625	0	0
23	523650	-0.155391	-0.074	30.1745	34.125	-0.000807369	-0.00619155	0.996598	34.125	0	0
23	523660	-0.145043	-0.0835652	30.1445	34.0625	-0.000564346	-0.00650106	0.996675	34.0625	0	0
23	523670	-0.15913	-0.066087	30.1638	34.0625	-0.000397406	-0.00636514	0.996588	34.0625	0	0
23	523680	-0.144	-0.0890435	30.1327	34.0625	-0.000376723	-0.00634815	0.996429	34.0625	0	0
23	523690	-0.170261	-0.0844348	30.1553	34.0625	-0.000259274	-0.00658527	0.996927	34.0625	0	0
23	523700	-0.148957	-0.0934783	30.1583	34.125	-0.000391496	-0.00639321	0.996513	34.125	0	0
23	523710	-0.180087	-0.0578261	30.1446	34.125	-0.000554743	-0.00616274	0.99685	34.125	0	0
23	523720	-0.156522	-0.065913	30.1539	34.125	-0.000564346	-0.00630974	0.996403	34.125	0	0
23	523730	-0.160435	-0.0843478	30.1477	34.125	-0.000420305	-0.00601427	0.996524	34.125	0	0
23	523740	-0.152348	-0.08	30.1375	34.125	-0.000191316	-0.00604751	0.996505	34.125	0	0
23	523750	-0.171913	-0.072087	30.1662	34.125	-0.000497865	-0.00594927	0.996731	34.125	0	0
23	523760	-0.149652	-0.0653043	30.1716	34.125	-0.000246717	-0.00645821	0.996784	34.125	0	0
23	523770	-0.155391	-0.0884348	30.1455	34.125	-0.000497127	-0.00652839	0.996632	34.125	0	0
23	523780	-0.167043	-0.0689565	30.1383	34.125	-0.000637474	-0.00619968	0.996831	34.125	0	0
23	523790	-0.15113	-0.0582609	30.1511	34.125	-0.000537754	-0.00617973	0.996505	34.125	0	0
23	523800	-0.14113	-0.0725217	30.1611	34.0625	-0.0005119	-0.00592415	0.997096	34.0625	0	0
23	523810	-0.151043	-0.0732174	30.1726	34.0625	-0.000208306	-0.00605785	0.997002	34.0625	0	0
23	523820	-0.15087	-0.0887826	30.1223	34.125	-0.000458716	-0.00610956	0.996638	34.125	0	0
23	523830	-0.157043	-0.0621739	30.1653	34.125	-0.000531844	-0.00632378	0.9967	34.125	0	0
23	523840	-0.148174	-0.0638261	30.1637	34.0625	-0.000418089	-0.00581187	0.996607	34.0625	0	0
23	523850	-0.139739	-0.0613043	30.1509	34.125	-0.00045059	-0.00649736	0.996722	34.125	0	0
23	523860	-0.150174	-0.0840869	30.1539	34.0625	-0.000229727	-0.00632895	0.996466	34.0625	0	0
23	523870	-0.160174	-0.086	30.1463	34.125	-0.000399622	-0.00616496	0.996584	34.125	0	0
23	523880	-0.148174	-0.0908696	30.1628	34.0625	-0.000412918	-0.00609553	0.996601	34.0625	0	0
23	523890	-0.136696	-0.0925217	30.1529	34.0625	-0.000621962	-0.00648998	0.996605	34.0625	0	0
23	523900	-0.159043	-0.083913	30.1509	34.125	-0.000725376	-0.00634815	0.99649	34.125	0	0
23	523910	-0.132261	-0.0803478	30.1757	34.125	-0.000561391	-0.00610956	0.996596	34.125	0	0
23	523920	-0.158696	-0.0787826	30.1758	34.0625	-0.000537015	-0.00628167	0.996815	34.0625	0	0
23	523930	-0.145826	-0.0783478	30.1419	34.125	-0.000454284	-0.00605194	0.996395	34.125	0	0
23	523940	-0.144957	-0.0946957	30.1563	34.0625	-0.000140348	-0.00602609	0.996799	34.0625	0	0
23	523950	-0.170696	-0.0756522	30.155	34.125	-3.47176e-05	-0.00582665	0.996732	34.125	0	0
23	523960	-0.15913	-0.0926957	30.1448	34.125	-0.000128529	-0.00674777	0.996297	34.125	0	0
23	523970	-0.155217	-0.0801739	30.1347	34.0625	-0.000293992	-0.0064331	0.996713	34.0625	0	0
23	523980	-0.149304	-0.0653043	30.141	34.125	-0.000203874	-0.00615019	0.996744	34.125	0	0
23	523990	-0.153043	-0.0774783	30.1023	34.0625	-0.000335357	-0.0059899	0.996507	34.0625	0	0
23	524000	-0.152957	-0.0808696	30.1344	34.125	-0.000446158	-0.0062078	0.996653	34.125	0	0
23	524010	-0.159304	-0.0908696	30.1443	34.0625	-0.000130006	-0.00583404	0.996818	34.0625	0	0
23	524020	-0.16913	-0.0713913	30.1502	34.0625	-0.000121881	-0.00659561	0.996717	34.0625	0	0
23	524030	-0.166435	-0.077913	30.1374	34.125	-0.000371552	-0.00614797	0.996695	34.125	0	0
23	524040	-0.154174	-0.0853913	30.1706	34.125	-0.000338312	-0.0059633	0.996834	34.125	0	0
23	524050	-0.166261	-0.0813043	30.149	34.125	-0.00035604	-0.00605268	0.996491	34.125	0	0
23	524060	-0.157304	-0.0946087	30.167	34.125	-0.000561391	-0.00618934	0.996435	34.125	0	0
23	524070	-0.166696	-0.0913913	30.1616	34.0625	-0.00054514	-0.00628019	0.996789	34.0625	0	0
23	524080	-0.146348	-0.0807826	30.1872	34.125	-0.00071208	-0.00571363	0.996702	34.125	0	0
23	524090	-0.163304	-0.0882609	30.1395	34.125	-0.000588722	-0.00605638	0.99661	34.125	0	0
23	524100	-0.144609	-0.0874783	30.1639	34.0625	-0.000297685	-0.00616422	0.997012	34.0625	0	0
23	524110	-0.13713	-0.0777391	30.1579	34.0625	-0.000405531	-0.00621741	0.99668	34.0625	0	0
23	524120	-0.156348	-0.084	30.144	34.125	-0.000541447	-0.00608518	0.996497	34.125	0	0
23	524130	-0.148522	-0.0728696	30.187	34.125	-0.00020018	-0.0061103	0.996833	34.125	0	0
23	524140	-0.15513	-0.0901739	30.1299	34.125	-0.000139609	-0.00629497	0.996776	34.125	0	0
23	524150	-0.166	-0.0803478	30.139	34.125	-0.000302117	-0.00585029	0.996655	34.125	0	0
23	524160	-0.178435	-0.0531304	30.1849	34.0625	-0.000434339	-0.00598842	0.996839	34.0625	0	0
23	524170	-0.17087	-0.0749565	30.1345	34.0625	-0.000453545	-0.00625877	0.996825	34.0625	0	0
23	524180	-0.149217	-0.0710435	30.1311	34.125	-0.000350869	-0.00594114	0.996765	34.125	0	0
23	524190	-0.164609	-0.079913	30.1198	34.125	-0.000505252	-0.00615388	0.996817	34.125	0	0
23	524200	-0.156348	-0.0677391	30.1655	34.125	-0.000557698	-0.00578159	0.9967	34.125	0	0
23	524210	-0.16513	-0.0836522	30.1687	34.0625	-0.000332403	-0.00607189	0.996556	34.0625	0	0
23	524220	-0.168174	-0.0776522	30.131	34.125	-0.000267399	-0.00621814	0.996656	34.125	0	0
23	524230	-0.167043	-0.0764348	30.1822	34.125	-0.000243023	-0.00600319	0.996652	34.125	0	0
23	524240	-0.155739	-0.112609	30.1657	34.125	-0.000219386	-0.0059766	0.996463	34.125	0	0
23	524250	-0.164087	-0.0928696	30.1567	34.0625	-0.000226772	-0.00638361	0.996534	34.0625	0	0
23	524260	-0.170783	-0.0861739	30.1365	34.125	-0.000234159	-0.00592563	0.996449	34.125	0	0
23	524270	-0.167478	-0.0930435	30.1977	34.125	-0.000189839	-0.00617309	0.996486	34.125	0	0
23	524280	-0.167652	-0.0941739	30.1492	34.0625	-0.000113017	-0.00614871	0.996559	34.0625	0	0
23	524290	-0.162783	-0.0902609	30.1572	34.125	-0.000455022	-0.0061982	0.996765	34.125	0	0
23	524300	-0.157043	-0.0777391	30.1248	34.0625	-0.000782254	-0.00579932	0.996516	34.0625	0	0
23	524310	-0.147217	-0.0636522	30.1663	34.125	-0.000546618	-0.00626247	0.996595	34.125	0	0
23	524320	-0.15687	-0.0891304	30.1561	34.125	-0.000317629	-0.00626911	0.996555	34.125	0	0
23	524330	-0.159913	-0.0846087	30.1245	34.125	-0.000358256	-0.00637474	0.996338	34.125	0	0
23	524340	-0.156783	-0.0809565	30.1764	34.0625	-0.000214954	-0.00616348	0.996488	34.0625	0	0
23	524350	-0.146348	-0.0798261	30.1733	34.0625	-0.000302856	-0.00605859	0.996581	34.0625	0	0
23	524360	-0.157043	-0.0949565	30.1641	34.125	-0.00023933	-0.00636366	0.996577	34.125	0	0
23	524370	-0.16913	-0.0766957	30.135	34.125	-0.00028365	-0.00617678	0.996225	34.125	0	0
23	524380	-0.155913	-0.0586956	30.1778	34.125	-0.00041735	-0.00624031	0.99644	34.125	0	0
23	524390	-0.139913	-0.0644348	30.149	34.0625	-0.000507468	-0.00605416	0.996327	34.0625	0	0
23	524400	-0.153217	-0.0624348	30.1801	34.125	-0.000313197	-0.00585398	0.996744	34.125	0	0
23	524410	-0.15713	-0.08	30.1636	34.125	-0.000166201	-0.00582886	0.996593	34.125	0	0
23	524420	-0.172348	-0.0747826	30.163	34.125	-0.000183191	-0.00626616	0.996497	34.125	0	0
23	524430	-0.161913	-0.071913	30.134	34.125	-0.000226772	-0.00635923	0.996489	34.125	0	0
23	524440	-0.179739	-0.0805217	30.1364	34.0625	-0.000358995	-0.00616422	0.996846	34.0625	0	0
23	524450	-0.181913	-0.076	30.143	34.125	-0.000113017	-0.00636145	0.996833	34.125	0	0
23	524460	-0.169565	-0.0964348	30.1551	34.0625	-0.000229727	-0.00596478	0.996655	34.0625	0	0
23	524470	-0.148174	-0.089913	30.1377	34.0625	-0.000483092	-0.00619672	0.996964	34.0625	0	0
23	524480	-0.159217	-0.0842609	30.1036	34.0625	-0.000175804	-0.00592785	0.996737	34.0625	0	0
23	524490	-0.174783	-0.0818261	30.1474	34.125	-0.000221602	-0.00624252	0.996861	34.125	0	0
23	524500	-0.157913	-0.0798261	30.1583	34.125	-0.000268877	-0.00598325	0.996657	34.125	0	0
23	524510	-0.156435	-0.0945217	30.1297	34.0625	-7.53446e-05	-0.00618047	0.99657	34.0625	0	0
23	524520	-0.164348	-0.0732174	30.1947	34.0625	-0.00015586	-0.00627355	0.99655	34.0625	0	0
23	524530	-0.166348	-0.100957	30.1675	34.0625	-0.000214954	-0.00634298	0.996236	34.0625	0	0
23	524540	-0.165043	-0.078087	30.1751	34.125	-0.000333141	-0.00630161	0.996537	34.125	0	0
23	524550	-0.178609	-0.0834783	30.1514	34.125	-0.000236375	-0.00647963	0.996527	34.125	0	0
23	524560	-0.158609	-0.0736522	30.1504	34.0625	-0.000357518	-0.00629497	0.996762	34.0625	0	0
23	524570	-0.168087	-0.0773913	30.1302	34.0625	-0.000265183	-0.00610144	0.996407	34.0625	0	0
23	524580	-0.164348	-0.0925217	30.1363	34.0625	-0.000454284	-0.00633855	0.996503	34.0625	0	0
23	524590	-0.153478	-0.0846957	30.1758	34.0625	-0.000183929	-0.00632082	0.996499	34.0625	0	0
23	524600	-0.159391	-0.0794783	30.1611	34.125	-0.000347176	-0.00612138	0.996284	34.125	0	0
23	524610	-0.172087	-0.0670435	30.1189	34.125	-0.000319845	-0.00647299	0.996316	34.125	0	0
23	524620	-0.160957	-0.0806087	30.1351	34.125	-0.000310981	-0.00644566	0.996898	34.125	0	0
23	524630	-0.148609	-0.0871304	30.1386	34.125	-0.000415134	-0.00635775	0.996497	34.125	0	0
23	524640	-0.167217	-0.095913	30.1403	34.125	-0.000240069	-0.00622849	0.996607	34.125	0	0
23	524650	-0.143652	-0.0754783	30.1403	34.125	-0.000436555	-0.00653947	0.996261	34.125	0	0
23	524660	-0.164957	-0.0687826	30.1425	34.0625	-0.000377462	-0.00629792	0.996452	34.0625	0	0
23	524670	-0.177391	-0.0844348	30.1258	34.125	-0.000184668	-0.00603569	0.996702	34.125	0	0
23	524680	-0.177652	-0.081913	30.135	34.125	-0.000286605	-0.00600762	0.996449	34.125	0	0
23	524690	-0.169739	-0.078	30.1488	34.125	-0.000370075	-0.00620854	0.99668	34.125	0	0
23	524700	-0.163826	-0.0818261	30.1574	34.0625	-0.000370075	-0.00630383	0.996878	34.0625	0	0
23	524710	-0.178522	-0.0718261	30.1484	34.125	-0.000386326	-0.00600836	0.996636	34.125	0	0
23	524720	-0.163391	-0.0886087	30.1408	34.125	-0.00040036	-0.00638878	0.99661	34.125	0	0
23	524730	-0.152783	-0.0786956	30.1528	34.125	-0.000214215	-0.00619525	0.996706	34.125	0	0
23	524740	-0.142087	-0.0625217	30.1909	34.0625	-0.000107108	-0.00637918	0.996763	34.0625	0	0
23	524750	-0.145826	-0.076	30.1617	34.125	-0.00026149	-0.00580301	0.996879	34.125	0	0
23	524760	-0.152348	-0.073913	30.1631	34.0625	-0.000559175	-0.00616792	0.996437	34.0625	0	0
23	524770	-0.164435	-0.0733043	30.1385	34.0625	-0.000413657	-0.00636883	0.996708	34.0625	0	0
23	524780	-0.151304	-0.074	30.1347	34.0625	-0.000476444	-0.00624917	0.99639	34.0625	0	0
23	524790	-0.157304	-0.0877391	30.1803	34.125	-0.000134438	-0.00634594	0.996362	34.125	0	0
23	524800	-0.156348	-0.0925217	30.1628	34.125	-8.27313e-05	-0.00622849	0.996537	34.125	0	0
23	524810	-0.162435	-0.0818261	30.1525	34.125	-0.000459454	-0.0063452	0.996419	34.125	0	0
23	524820	-0.157217	-0.076087	30.1489	34.125	-0.000722422	-0.0061982	0.996115	34.125	0	0
23	524830	-0.150522	-0.0807826	30.1563	34.0625	-0.0003782	-0.00633338	0.996463	34.0625	0	0
23	524840	-0.149826	-0.0723478	30.1542	34.0625	-0.000337573	-0.00609479	0.99644	34.0625	0	0
23	524850	-0.161304	-0.0536522	30.1371	34.125	-0.000218647	-0.00637991	0.996338	34.125	0	0
23	524860	-0.152435	-0.0833043	30.1491	34.125	-0.000172849	-0.00601501	0.996146	34.125	0	0
23	524870	-0.162087	-0.069913	30.16	34.0625	-0.000504513	-0.0061236	0.996748	34.0625	0	0
23	524880	-0.175217	-0.0811304	30.1549	34.125	-6.57418e-05	-0.00657788	0.996721	34.125	0	0
23	524890	-0.157304	-0.0923478	30.1621	34.125	-0.000124097	-0.00579932	0.996332	34.125	0	0
23	524900	-0.165913	-0.0850435	30.1658	34.0625	-0.000715035	-0.00618786	0.996532	34.0625	0	0
23	524910	-0.146	-0.0924348	30.2381	34.125	-0.000469796	-0.00657862	0.996798	34.125	0	0
23	524920	-0.173043	-0.06	30.1275	34.125	-0.000228988	-0.00646117	0.99654	34.125	0	0
23	524930	-0.161043	-0.061913	30.1476	34.125	-4.87524e-05	-0.00630088	0.996557	34.125	0	0
23	524940	-0.16	-0.0818261	30.1388	34.125	-0.00028956	-0.00627281	0.996677	34.125	0	0
23	524950	-0.160174	-0.0907826	30.1177	34.125	-0.000531105	-0.00621076	0.99666	34.125	0	0
23	524960	-0.167565	-0.0798261	30.1363	34.125	-0.000398144	-0.00611178	0.996386	34.125	0	0
23	524970	-0.164957	-0.0845217	30.1389	34.125	-0.000488263	-0.0062115	0.996719	34.125	0	0
23	524980	-0.153913	-0.0904348	30.1431	34.125	-0.000566562	-0.0058754	0.996571	34.125	0	0
23	524990	-0.161739	-0.0769565	30.123	34.125	-0.000449852	-0.00605785	0.99672	34.125	0	0
23	525000	-0.144435	-0.0631304	30.1522	34.125	-0.000258535	-0.0060512	0.996584	34.125	0	0
23	525010	-0.160957	-0.0821739	30.1636	34.125	-0.000231204	-0.0060224	0.996626	34.125	0	0
23	525020	-0.155304	-0.0933913	30.1744	34.125	-0.000477921	-0.00590716	0.996662	34.125	0	0
23	525030	-0.170435	-0.0937391	30.1661	34.0625	-0.000353085	-0.00602314	0.996949	34.0625	0	0
23	525040	-0.146696	-0.0805217	30.1402	34.125	-0.000588722	-0.00621962	0.996728	34.125	0	0
23	525050	-0.160696	-0.0776522	30.1782	34.125	-0.00043951	-0.00616201	0.996815	34.125	0	0
23	525060	-0.160348	-0.0733913	30.134	34.125	-0.000619746	-0.00593228	0.996331	34.125	0	0
23	525070	-0.171304	-0.0882609	30.1101	34.125	-0.000350869	-0.00617309	0.996477	34.125	0	0
23	525080	-0.161391	-0.0866956	30.1293	34.125	-0.000482353	-0.00588648	0.996705	34.125	0	0
23	525090	-0.159478	-0.0644348	30.1764	34.125	-0.000326493	-0.00589239	0.99635	34.125	0	0
23	525100	-0.169913	-0.0829565	30.1545	34.0625	-0.000373768	-0.00594262	0.996356	34.0625	0	0
23	525110	-0.145826	-0.0730435	30.1571	34.125	-0.000185407	-0.00614945	0.996748	34.125	0	0
23	525120	-0.148783	-0.0841739	30.1528	34.0625	-0.000274047	-0.00626394	0.996272	34.0625	0	0
23	525130	-0.15687	-0.0757391	30.1762	34.0625	-0.000295469	-0.00596404	0.996674	34.0625	0	0
23	525140	-0.140609	-0.0638261	30.1653	34.0625	-0.000442465	-0.00597438	0.996539	34.0625	0	0
23	525150	-0.157043	-0.0754783	30.1564	34.0625	-0.000415134	-0.00608371	0.996488	34.0625	0	0
23	525160	-0.154783	-0.0833043	30.1625	34.125	-0.000469796	-0.00626394	0.996541	34.125	0	0
23	525170	-0.166609	-0.0809565	30.1327	34.0625	-0.000411441	-0.00557476	0.996671	34.0625	0	0
23	525180	-0.172	-0.0791304	30.2058	34.0625	-0.000483092	-0.00588796	0.99601	34.0625	0	0
23	525190	-0.154348	-0.0901739	30.1394	34.0625	-0.000197964	-0.00652174	0.996468	34.0625	0	0
23	525200	-0.143826	-0.0748696	30.1711	34.125	-0.000354563	-0.00608149	0.996538	34.125	0	0
23	525210	-0.166522	-0.0969565	30.1094	34.125	-0.000620485	-0.00620189	0.996423	34.125	0	0
23	525220	-0.131043	-0.104174	30.1491	34.125	-0.000333141	-0.00603052	0.996932	34.125	0	0
23	525230	-0.149739	-0.0871304	30.1484	34.0625	-0.000401099	-0.00636219	0.996663	34.0625	0	0
23	525240	-0.164087	-0.0833043	30.1533	34.125	-0.000223079	-0.00630531	0.996881	34.125	0	0
23	525250	-0.154609	-0.0655652	30.1476	34.125	-0.000268877	-0.00606672	0.996347	34.125	0	0
23	525260	-0.144609	-0.0701739	30.1258	34.125	-0.000362688	-0.00600467	0.996768	34.125	0	0
23	525270	-0.147304	-0.0821739	30.1758	34.125	-0.000316891	-0.00623735	0.996847	34.125	0	0
23	525280	-0.170261	-0.0935652	30.1576	34.125	-0.000457238	-0.00590495	0.996839	34.125	0	0
23	525290	-0.17313	-0.0906956	30.1481	34.125	-0.000632304	-0.00562573	0.99622	34.125	0	0
23	525300	-0.167043	-0.0842609	30.1513	34.125	-0.000308765	-0.00589682	0.996605	34.125	0	0
23	525310	-0.144348	-0.0776522	30.1546	34.0625	-0.00038411	-0.00587762	0.996977	34.0625	0	0
23	525320	-0.151913	-0.0851304	30.159	34.125	-0.000209044	-0.00632895	0.996807	34.125	0	0
23	525330	-0.149652	-0.0676522	30.1501	34.125	-0.000320584	-0.00610587	0.996497	34.125	0	0
23	525340	-0.155826	-0.0718261	30.1698	34.125	-0.000610143	-0.00626837	0.996871	34.125	0	0
23	525350	-0.149826	-0.0623478	30.1869	34.125	-0.000288821	-0.00619599	0.996409	34.125	0	0
23	525360	-0.159478	-0.0954783	30.1504	34.125	-0.000350869	-0.00631048	0.996679	34.125	0	0
23	525370	-0.155043	-0.0634783	30.1363	34.125	-0.000407747	-0.00594262	0.996689	34.125	0	0
23	525380	-0.158783	-0.0806956	30.1422	34.125	-0.000484569	-0.00626025	0.996671	34.125	0	0
23	525390	-0.129391	-0.0985217	30.1597	34.125	-0.00021717	-0.00625951	0.996542	34.125	0	0
23	525400	-0.149304	-0.0902609	30.1576	34.125	-0.000336096	-0.00620706	0.996426	34.125	0	0
23	525410	-0.163826	-0.0955652	30.1784	34.125	-0.00055622	-0.00601353	0.996512	34.125	0	0
23	525420	-0.15087	-0.0986087	30.138	34.0625	-0.000313197	-0.00623218	0.996687	34.0625	0	0
23	525430	-0.156348	-0.0815652	30.1554	34.0625	-0.000492695	-0.00588648	0.996429	34.0625	0	0
23	525440	-0.16	-0.0705217	30.1503	34.125	-0.000267399	-0.00619081	0.996765	34.125	0	0
23	525450	-0.161391	-0.0729565	30.1325	34.125	-0.000325755	-0.00586728	0.996549	34.125	0	0
23	525460	-0.171391	-0.0994783	30.1216	34.125	-0.000440987	-0.00569517	0.996691	34.125	0	0
23	525470	-0.164696	-0.0924348	30.1344	34.125	-0.000443942	-0.00606524	0.996556	34.125	0	0
23	525480	-0.159652	-0.0965217	30.1447	34.125	-0.000361211	-0.00610882	0.996511	34.125	0	0
23	525490	-0.151043	-0.0686956	30.1506	34.125	-0.000384848	-0.00592046	0.996776	34.125	0	0
23	525500	-0.171652	-0.0726957	30.1072	34.125	-0.00017802	-0.00595666	0.996796	34.125	0	0
23	525510	-0.167043	-0.0988696	30.1413	34.125	-0.000435078	-0.00581631	0.996521	34.125	0	0
23	525520	-0.162957	-0.0937391	30.1461	34.0625	-8.86407e-05	-0.00609553	0.996519	34.0625	0	0
23	525530	-0.159304	-0.0752174	30.1722	34.125	-0.000619746	-0.00624104	0.996901	34.125	0	0
23	525540	-0.175217	-0.0885217	30.1665	34.125	-0.000223079	-0.00596256	0.996572	34.125	0	0
23	525550	-0.154087	-0.068087	30.1658	34.125	-0.000332403	-0.0059862	0.996657	34.125	0	0
23	525560	-0.160522	-0.0824348	30.1627	34.125	-7.38672e-05	-0.0062632	0.99629	34.125	0	0
23	525570	-0.152783	-0.0686087	30.1778	34.0625	-0.000325016	-0.00612433	0.996685	34.0625	0	0
23	525580	-0.165565	-0.0810435	30.1567	34.0625	-0.00021717	-0.00585915	0.996626	34.0625	0	0
23	525590	-0.180957	-0.0696522	30.1249	34.125	-0.00044542	-0.00622923	0.996488	34.125	0	0
23	525600	-0.163826	-0.0795652	30.1576	34.0625	-0.000208306	-0.00609626	0.996663	34.0625	0	0
23	525610	-0.162	-0.0905217	30.155	34.125	-0.000224556	-0.00628463	0.996596	34.125	0	0
23	525620	-0.158435	-0.0928696	30.1442	34.0625	-5.17071e-05	-0.00605416	0.99677	34.0625	0	0
23	525630	-0.171565	-0.0630435	30.1736	34.125	-0.000271831	-0.00614575	0.996596	34.125	0	0
23	525640	-0.159217	-0.0787826	30.183	34.125	-0.000266661	-0.00583256	0.996955	34.125	0	0
23	525650	-0.163913	-0.0697391	30.1657	34.0625	-0.000142564	-0.00639247	0.996561	34.0625	0	0
23	525660	-0.156174	-0.0878261	30.1758	34.125	-0.000310981	-0.00592489	0.996579	34.125	0	0
23	525670	-0.15287	-0.108783	30.1396	34.125	-0.000454284	-0.00591898	0.996765	34.125	0	0
23	525680	-0.152522	-0.0845217	30.1667	34.0625	-0.000412179	-0.00664214	0.996607	34.0625	0	0
23	525690	-0.149478	-0.0592174	30.1501	34.125	-0.000312458	-0.00602757	0.996746	34.125	0	0
23	525700	-0.157304	-0.0658261	30.1654	34.125	-0.000162508	-0.00589239	0.996322	34.125	0	0
23	525710	-0.152522	-0.0773043	30.1614	34.125	-0.00066776	-0.00630826	0.996481	34.125	0	0
23	525720	-0.165652	-0.0776522	30.1487	34.125	-0.0001891	-0.00632673	0.996437	34.125	0	0
23	525730	-0.134957	-0.0847826	30.1443	34.125	-0.000197226	-0.00633855	0.996765	34.125	0	0
23	525740	-0.159304	-0.0623478	30.146	34.125	-0.00028365	-0.00623957	0.9967	34.125	0	0
23	525750	-0.161478	-0.0707826	30.1559	34.125	-0.000404793	-0.00630679	0.996757	34.125	0	0
23	525760	-0.157826	-0.0636522	30.1736	34.125	-0.00027848	-0.00623809	0.996928	34.125	0	0
23	525770	-0.164696	-0.0885217	30.1445	34.0625	-0.00042843	-0.00620337	0.996599	34.0625	0	0
23	525780	-0.158261	-0.078087	30.1616	34.125	-0.000118188	-0.0061332	0.996655	34.125	0	0
23	525790	-0.154435	-0.0783478	30.1472	34.125	-7.53446e-05	-0.00616127	0.996955	34.125	0	0
23	525800	-0.165565	-0.078087	30.1416	34.125	-0.000161031	-0.00610882	0.99658	34.125	0	0
23	525810	-0.167652	-0.0608696	30.1457	34.0625	-0.000538492	-0.00597808	0.996695	34.0625	0	0
23	525820	-0.148174	-0.0506087	30.1649	34.0625	-0.00035604	-0.00623366	0.996607	34.0625	0	0
23	525830	-0.153391	-0.0586956	30.1481	34.0625	-0.000149951	-0.00623883	0.996852	34.0625	0	0
23	525840	-0.161478	-0.0876522	30.1403	34.0625	-0.000302856	-0.00630605	0.996927	34.0625	0	0
23	525850	-0.165391	-0.0888696	30.1451	34.125	-0.000310242	-0.00650401	0.996779	34.125	0	0
23	525860	-0.177391	-0.086087	30.1556	34.0625	-0.000241546	-0.00672414	0.996475	34.0625	0	0
23	525870	-0.156609	-0.0873043	30.147	34.0625	-0.000349392	-0.00619672	0.997113	34.0625	0	0
23	525880	-0.165478	-0.0744348	30.1631	34.0625	-0.000210522	-0.00664584	0.996584	34.0625	0	0
23	525890	-0.152348	-0.0589565	30.1499	34.0625	-0.000156599	-0.00643014	0.996854	34.0625	0	0
23	525900	-0.167391	-0.0686956	30.1389	34.125	-0.000223079	-0.00672561	0.996741	34.125	0	0
23	525910	-0.157043	-0.0828696	30.1843	34.0625	-0.000281434	-0.00632082	0.99641	34.0625	0	0
23	525920	-0.167391	-0.0653043	30.1504	34.0625	-0.000288082	-0.00664362	0.996816	34.0625	0	0
23	525930	-0.146261	-0.083913	30.1827	34.0625	-0.000238591	-0.00658527	0.996554	34.0625	0	0
23	525940	-0.159478	-0.0746087	30.1592	34.0625	-0.000548834	-0.00615166	0.996492	34.0625	0	0
23	525950	-0.173565	-0.0585217	30.1522	34.125	-0.000347176	-0.00600467	0.996255	34.125	0	0
23	525960	-0.152435	-0.0496522	30.1297	34.0625	-0.000476444	-0.00630605	0.99663	34.0625	0	0
23	525970	-0.155043	-0.082087	30.114	34.0625	-0.000412918	-0.00654685	0.996392	34.0625	0	0
23	525980	-0.14887	-0.0657391	30.1196	34.0625	-6.27872e-05	-0.00617309	0.996417	34.0625	0	0
23	525990	-0.168087	-0.0771304	30.1449	34.0625	-0.000564346	-0.00622996	0.996502	34.0625	0	0
23	526000	-0.165217	-0.0750435	30.1639	34.0625	-7.31286e-05	-0.00634889	0.996512	34.0625	0	0
23	526010	-0.166348	-0.0806956	30.1682	34.125	-0.000196487	-0.00624031	0.99678	34.125	0	0
23	526020	-0.148522	-0.0492174	30.1606	34.125	-0.000169895	-0.00659635	0.996633	34.125	0	0
23	526030	-0.148957	-0.0655652	30.1653	34.0625	-0.000377462	-0.00655646	0.996771	34.0625	0	0
23	526040	-0.136696	-0.0826087	30.1597	34.0625	-0.000265922	-0.00602683	0.996573	34.0625	0	0
23	526050	-0.153478	-0.0774783	30.173	34.0625	-0.000370075	-0.00614206	0.996466	34.0625	0	0
23	526060	-0.151913	-0.0796522	30.1451	34.0625	-0.000304333	-0.00608371	0.99648	34.0625	0	0
23	526070	-0.152348	-0.0616522	30.1482	34.0625	-0.000194271	-0.00605268	0.996779	34.0625	0	0
23	526080	-0.165565	-0.0674783	30.1575	34.0625	-0.000121881	-0.00626911	0.996699	34.0625	0	0
23	526090	-0.158	-0.066	30.1617	34.0625	-0.000493433	-0.0059633	0.996697	34.0625	0	0
23	526100	-0.146435	-0.0853913	30.1612	34.125	-0.000322061	-0.00626468	0.996381	34.125	0	0
23	526110	-0.164783	-0.0863478	30.1479	34.0625	-0.000500081	-0.00628241	0.996898	34.0625	0	0
23	526120	-0.174261	-0.0696522	30.1234	34.0625	-0.00039519	-0.00609109	0.996653	34.0625	0	0
23	526130	-0.136174	-0.0786956	30.1328	34.0625	-0.000531844	-0.00663254	0.996486	34.0625	0	0
23	526140	-0.155739	-0.0713044	30.1401	34.0625	-0.000629349	-0.00636514	0.996839	34.0625	0	0
23	526150	-0.147826	-0.0682609	30.1797	34.0625	-0.000457238	-0.00573727	0.996463	34.0625	0	0
23	526160	-0.154609	-0.0601739	30.1661	34.0625	-0.000550311	-0.00586728	0.996319	34.0625	0	0
23	526170	-0.142435	-0.0646956	30.1741	34.0625	-0.00025041	-0.00638656	0.996745	34.0625	0	0
23	526180	-0.147913	-0.0823478	30.1563	34.125	-0.000415873	-0.00615462	0.996859	34.125	0	0
23	526190	-0.161478	-0.086087	30.1547	34.125	-0.000243023	-0.00618934	0.996511	34.125	0	0
23	526200	-0.157217	-0.086	30.1626	34.0625	-0.000416611	-0.00593523	0.996443	34.0625	0	0
23	526210	-0.14913	-0.0805217	30.1234	34.0625	-0.00026149	-0.00636736	0.996779	34.0625	0	0
23	526220	-0.163391	-0.0976522	30.1377	34.0625	-0.000424737	-0.00613394	0.996568	34.0625	0	0
23	526230	-0.164957	-0.0866087	30.1949	34.0625	-0.000318368	-0.00638435	0.996672	34.0625	0	0
23	526240	-0.157565	-0.0889565	30.1514	34.0625	-0.000466102	-0.00609774	0.996867	34.0625	0	0
23	526250	-0.15687	-0.0797391	30.1588	34.0625	-0.000647816	-0.00619894	0.996706	34.0625	0	0
23	526260	-0.165739	-0.0877391	30.1543	34.0625	-0.000471273	-0.00638878	0.996625	34.0625	0	0
23	526270	-0.17	-0.057913	30.1815	34.0625	-0.000231204	-0.0068992	0.996449	34.0625	0	0
23	526280	-0.152609	-0.0702609	30.167	34.0625	-0.000415873	-0.00623587	0.996865	34.0625	0	0
23	526290	-0.132696	-0.0704348	30.1821	34.0625	-0.000395928	-0.00628315	0.996503	34.0625	0	0
23	526300	-0.136435	-0.0854783	30.1935	34.0625	-0.000489001	-0.00618343	0.996866	34.0625	0	0
23	526310	-0.149304	-0.0874783	30.1451	34.0625	-0.000197226	-0.00636219	0.996679	34.0625	0	0
23	526320	-0.156783	-0.0978261	30.1426	34.125	-0.00050082	-0.00642054	0.996815	34.125	0	0
23	526330	-0.149565	-0.0713913	30.1711	34.125	-0.00019501	-0.00592415	0.996451	34.125	0	0
23	526340	-0.151913	-0.0753913	30.1296	34.125	-0.000377462	-0.00603569	0.996541	34.125	0	0
23	526350	-0.144087	-0.0886956	30.1515	34.0625	-0.000525196	-0.0064789	0.996807	34.0625	0	0
23	526360	-0.154087	-0.061913	30.1516	34.0625	-0.000430646	-0.00616496	0.996571	34.0625	0	0
23	526370	-0.144087	-0.0805217	30.1864	34.125	-0.000246717	-0.00603643	0.996813	34.125	0	0
23	526380	-0.148609	-0.0831304	30.1699	34.125	-0.000590938	-0.00622923	0.996204	34.125	0	0
23	526390	-0.159304	-0.0950435	30.1363	34.0625	-0.00033388	-0.0064198	0.996539	34.0625	0	0
23	526400	-0.163043	-0.0697391	30.1299	34.125	-0.000442465	-0.00598842	0.996718	34.125	0	0
23	526410	-0.158609	-0.0838261	30.1396	34.125	-0.000121881	-0.00632599	0.996799	34.125	0	0
23	526420	-0.167217	-0.0832174	30.1523	34.125	-0.000420305	-0.0061332	0.996638	34.125	0	0
23	526430	-0.151913	-0.074	30.1687	34.125	-0.000286605	-0.00621814	0.996389	34.125	0	0
23	526440	-0.12487	-0.0746087	30.1929	34.0625	-0.000331664	-0.00611325	0.996526	34.0625	0	0
23	526450	-0.151739	-0.0884348	30.1337	34.0625	-0.000520025	-0.00608001	0.99674	34.0625	0	0
23	526460	-0.16087	-0.0824348	30.1493	34.125	-0.000339789	-0.00649219	0.996655	34.125	0	0
23	526470	-0.141913	-0.0758261	30.1672	34.125	-0.00019501	-0.00616644	0.996383	34.125	0	0
23	526480	-0.151913	-0.0887826	30.167	34.0625	-0.000306549	-0.00601132	0.996547	34.0625	0	0
23	526490	-0.178087	-0.0701739	30.1715	34.0625	-0.000494172	-0.00604603	0.996734	34.0625	0	0
23	526500	-0.158261	-0.0635652	30.1659	34.125	-0.000255581	-0.00587836	0.996384	34.125	0	0
23	526510	-0.160696	-0.0730435	30.1795	34.0625	-0.000499343	-0.00615388	0.996364	34.0625	0	0
23	526520	-0.162783	-0.0849565	30.1367	34.0625	-0.000319107	-0.00608962	0.9967	34.0625	0	0
23	526530	-0.161913	-0.0744348	30.1295	34.0625	-0.000401838	-0.00610291	0.996596	34.0625	0	0
23	526540	-0.154348	-0.0870435	30.1223	34.125	-0.000515593	-0.00640872	0.996721	34.125	0	0
23	526550	-0.159304	-0.0807826	30.1695	34.0625	-0.000301378	-0.00648628	0.996376	34.0625	0	0
23	526560	-0.172522	-0.0827826	30.1554	34.0625	-0.000350131	-0.00607706	0.996723	34.0625	0	0
23	526570	-0.172609	-0.0832174	30.1707	34.0625	-0.000530367	-0.00608518	0.996497	34.0625	0	0
23	526580	-0.174957	-0.076087	30.1549	34.125	-0.000426214	-0.00576312	0.996259	34.125	0	0
23	526590	-0.15	-0.0783478	30.1601	34.125	-0.000469796	-0.0062765	0.996689	34.125	0	0
23	526600	-0.164783	-0.0830435	30.132	34.125	-0.000288821	-0.0060512	0.997104	34.125	0	0
23	526610	-0.152174	-0.094087	30.1435	34.0625	-0.000672931	-0.00613246	0.996792	34.0625	0	0
23	526620	-0.149652	-0.0842609	30.1775	34.125	-0.000587983	-0.00611621	0.996473	34.125	0	0
23	526630	-0.154174	-0.0708696	30.1583	34.125	-0.0003228	-0.0060453	0.996754	34.125	0	0
23	526640	-0.162957	-0.094	30.1417	34.125	-0.000211999	-0.00593523	0.996734	34.125	0	0
23	526650	-0.161391	-0.0711304	30.139	34.125	-0.000221602	-0.00594336	0.996519	34.125	0	0
23	526660	-0.170957	-0.0790435	30.1503	34.125	-0.000392974	-0.00604603	0.996479	34.125	0	0
23	526670	-0.155826	-0.0769565	30.1583	34.0625	-0.000375984	-0.00630974	0.996692	34.0625	0	0
23	526680	-0.164174	-0.0862609	30.1598	34.0625	-0.000473489	-0.00627945	0.996986	34.0625	0	0
23	526690	-0.147826	-0.0721739	30.1882	34.0625	-0.00055105	-0.00582739	0.996737	34.0625	0	0
23	526700	-0.152609	-0.101391	30.1112	34.0625	-0.000333141	-0.00605342	0.9966	34.0625	0	0
23	526710	-0.16313	-0.0698261	30.1398	34.0625	-0.000302856	-0.00615757	0.996704	34.0625	0	0
23	526720	-0.161043	-0.0753913	30.1476	34.0625	-0.000238591	-0.00645821	0.996414	34.0625	0	0
23	526730	-0.156087	-0.0787826	30.1799	34.0625	-0.000310981	-0.00617013	0.996505	34.0625	0	0
23	526740	-0.166522	-0.0753043	30.131	34.125	-0.000188361	-0.00635554	0.996926	34.125	0	0
23	526750	-0.170957	-0.0715652	30.1459	34.125	-8.7902e-05	-0.00601501	0.99664	34.125	0	0
23	526760	-0.168783	-0.0827826	30.1293	34.0625	-0.000189839	-0.00600245	0.996264	34.0625	0	0
23	526770	-0.162435	-0.084	30.1331	34.125	-0.00044542	-0.00628684	0.99666	34.125	0	0
23	526780	-0.151478	-0.0826957	30.1387	34.125	-0.000327232	-0.00612581	0.996641	34.125	0	0
23	526790	-0.159304	-0.0846957	30.151	34.125	-0.000518548	-0.00603495	0.996439	34.125	0	0
23	526800	-0.160957	-0.083913	30.1239	34.125	-0.000273309	-0.00591972	0.996548	34.125	0	0
23	526810	-0.174348	-0.0852174	30.164	34.125	-0.000446897	-0.00615536	0.996581	34.125	0	0
23	526820	-0.141913	-0.0885217	30.1481	34.125	-0.000191316	-0.00609626	0.996295	34.125	0	0
23	526830	-0.17287	-0.0562609	30.1702	34.125	-0.00027848	-0.00647594	0.996711	34.125	0	0
23	526840	-0.158	-0.0851304	30.1588	34.125	-0.00036712	-0.00630161	0.996487	34.125	0	0
23	526850	-0.158261	-0.0818261	30.1435	34.0625	-0.000559914	-0.00622258	0.996391	34.0625	0	0
23	526860	-0.155913	-0.0713913	30.1748	34.125	-0.000323539	-0.00617826	0.996936	34.125	0	0
23	526870	-0.173652	-0.0732174	30.1609	34.125	-0.000340528	-0.00612655	0.996696	34.125	0	0
23	526880	-0.16	-0.0826957	30.1799	34.0625	-0.000561391	-0.00606081	0.9966	34.0625	0	0
23	526890	-0.156609	-0.0793913	30.1292	34.0625	-0.000115972	-0.00595592	0.996474	34.0625	0	0
23	526900	-0.153217	-0.0826957	30.1581	34.125	-0.000370814	-0.00639986	0.996803	34.125	0	0
23	526910	-0.15513	-0.0677391	30.1737	34.125	-9.75048e-05	-0.00629423	0.996655	34.125	0	0
23	526920	-0.171478	-0.0852174	30.1587	34.125	-0.000325016	-0.00615314	0.996632	34.125	0	0
23	526930	-0.165739	-0.0965217	30.1523	34.0625	-0.000336096	-0.00624621	0.996655	34.0625	0	0
23	526940	-0.156522	-0.0737391	30.1713	34.125	-0.000509684	-0.00624548	0.996525	34.125	0	0
23	526950	-0.173304	-0.0831304	30.1554	34.125	-0.000335357	-0.00632156	0.996822	34.125	0	0
23	526960	-0.156435	-0.0865217	30.1741	34.125	-0.000271831	-0.00630605	0.996583	34.125	0	0
23	526970	-0.161565	-0.0915652	30.1253	34.125	-0.000312458	-0.00625951	0.996225	34.125	0	0
23	526980	-0.174087	-0.0956522	30.171	34.125	-0.000541447	-0.00587688	0.996829	34.125	0	0
23	526990	-0.170522	-0.0814783	30.1728	34.125	-0.000480876	-0.00602018	0.996612	34.125	0	0
23	527000	-0.156	-0.0507826	30.1413	34.125	-5.39231e-05	-0.00607189	0.996638	34.125	0	0
23	527010	-0.167304	-0.0853913	30.1897	34.125	-0.000291776	-0.00628758	0.996461	34.125	0	0
23	527020	-0.165391	-0.0753913	30.1673	34.0625	-0.000245978	-0.00623957	0.996457	34.0625	0	0
23	527030	-0.171391	-0.074	30.1364	34.125	-0.000266661	-0.00606893	0.996632	34.125	0	0
23	527040	-0.171391	-0.0833913	30.1948	34.0625	-0.000142564	-0.00623366	0.996487	34.0625	0	0
23	527050	-0.169652	-0.0741739	30.1426	34.0625	-0.000171372	-0.00649663	0.996748	34.0625	0	0
23	527060	-0.165304	-0.0824348	30.1523	34.0625	-0.000316891	-0.00620633	0.996887	34.0625	0	0
23	527070	-0.164	-0.0836522	30.1467	34.125	-0.000346437	-0.00606081	0.996501	34.125	0	0
23	527080	-0.151739	-0.0696522	30.1532	34.125	-0.0003228	-0.00590864	0.99658	34.125	0	0
23	527090	-0.174	-0.0762609	30.1827	34.0625	-0.000262967	-0.00612877	0.996535	34.0625	0	0
23	527100	-0.159826	-0.080087	30.1717	34.0625	-0.000341267	-0.00613689	0.996466	34.0625	0	0
23	527110	-0.167739	-0.0769565	30.1637	34.0625	-0.000319107	-0.00624548	0.99662	34.0625	0	0
23	527120	-0.151913	-0.0703478	30.1746	34.125	-0.00011671	-0.00637031	0.996432	34.125	0	0
23	527130	-0.145217	-0.0685217	30.1389	34.125	-0.000309504	-0.00640946	0.996632	34.125	0	0
23	527140	-0.17113	-0.0650435	30.1475	34.0625	-0.000347915	-0.00620337	0.996653	34.0625	0	0
23	527150	-0.163304	-0.0758261	30.1657	34.0625	-0.00027848	-0.00627576	0.996598	34.0625	0	0
23	527160	-0.146261	-0.0726957	30.1717	34.0625	-0.000413657	-0.00627724	0.996503	34.0625	0	0
23	527170	-0.138261	-0.0710435	30.1618	34.0625	-0.000378939	-0.00605859	0.996496	34.0625	0	0
23	527180	-0.156	-0.0882609	30.146	34.0625	-0.000488263	-0.00603717	0.996806	34.0625	0	0
23	527190	-0.175565	-0.0691304	30.1517	34.0625	-0.000384848	-0.00640503	0.996587	34.0625	0	0
23	527200	-0.151913	-0.0747826	30.1325	34.125	-0.000671453	-0.00630161	0.996564	34.125	0	0
23	527210	-0.160696	-0.0643478	30.1771	34.125	-0.000401838	-0.00604456	0.996754	34.125	0	0
23	527220	-0.151478	-0.0843478	30.1555	34.0625	-0.000225295	-0.0066318	0.99667	34.0625	0	0
23	527230	-0.143913	-0.0768696	30.1657	34.125	-7.53446e-05	-0.00629866	0.996536	34.125	0	0
23	527240	-0.152435	-0.0937391	30.1137	34.125	-2.36375e-05	-0.00602166	0.996278	34.125	0	0
23	527250	-0.156435	-0.0898261	30.1472	34.125	-0.00036195	-0.00628241	0.996737	34.125	0	0
23	527260	-0.156783	-0.0867826	30.1547	34.125	-0.000429907	-0.0061295	0.996662	34.125	0	0
23	527270	-0.163826	-0.0861739	30.1753	34.125	-0.00046758	-0.00613246	0.996823	34.125	0	0
23	527280	-0.168348	-0.0723478	30.1284	34.125	-0.000163247	-0.00638804	0.996288	34.125	0	0
23	527290	-0.155478	-0.0643478	30.1483	34.125	-0.000299901	-0.00639321	0.996765	34.125	0	0
23	527300	-0.14313	-0.0593043	30.1572	34.0625	-0.00038411	-0.00612655	0.996391	34.0625	0	0
23	527310	-0.145565	-0.0706087	30.1687	34.125	-0.000325016	-0.00578085	0.996601	34.125	0	0
23	527320	-0.165739	-0.0622609	30.1541	34.0625	-0.00063969	-0.00608888	0.996559	34.0625	0	0
23	527330	-0.160087	-0.0693043	30.1505	34.0625	-0.000425475	-0.00586432	0.996841	34.0625	0	0
23	527340	-0.170174	-0.0681739	30.1668	34.125	-0.000267399	-0.00646191	0.99657	34.125	0	0
23	527350	-0.146609	-0.0686956	30.129	34.0625	-0.000381894	-0.00630161	0.99659	34.0625	0	0
23	527360	-0.147565	-0.0564348	30.1336	34.125	-0.000172111	-0.00626025	0.996836	34.125	0	0
23	527370	-0.149304	-0.0761739	30.1468	34.125	-0.000700262	-0.00641094	0.996565	34.125	0	0
23	527380	-0.150783	-0.0687826	30.1494	34.125	-0.000477182	-0.00609996	0.996711	34.125	0	0
23	527390	-0.141913	-0.0870435	30.1615	34.125	-0.000624178	-0.00610808	0.996393	34.125	0	0
23	527400	-0.14	-0.103217	30.1641	34.125	-0.000416611	-0.00620928	0.996594	34.125	0	0
23	527410	-0.142	-0.067913	30.1894	34.125	-0.000452068	-0.00601427	0.996672	34.125	0	0
23	527420	-0.162174	-0.0911304	30.1718	34.125	-0.000464625	-0.00627576	0.996361	34.125	0	0
23	527430	-0.151304	-0.0890435	30.1508	34.125	-0.00067884	-0.00635184	0.99652	34.125	0	0
23	527440	-0.151304	-0.0773043	30.1364	34.125	-0.000281434	-0.00623144	0.9966	34.125	0	0
23	527450	-0.146087	-0.0840869	30.1437	34.125	-0.000412179	-0.0061982	0.996691	34.125	0	0
23	527460	-0.144522	-0.0654783	30.1814	34.125	-0.000288821	-0.00618638	0.996823	34.125	0	0
23	527470	-0.167652	-0.0921739	30.1535	34.0625	-0.000808846	-0.00613985	0.996811	34.0625	0	0
23	527480	-0.149043	-0.082087	30.1393	34.0625	-0.000454284	-0.00632378	0.996413	34.0625	0	0
23	527490	-0.135913	-0.0850435	30.1708	34.0625	-0.000452068	-0.00630014	0.99666	34.0625	0	0
23	527500	-0.162696	-0.0854783	30.1342	34.0625	-0.000268877	-0.00642128	0.99646	34.0625	0	0
23	527510	-0.157913	-0.0776522	30.1641	34.125	-0.00065077	-0.00603348	0.996607	34.125	0	0
23	527520	-0.176087	-0.079913	30.1367	34.0625	-0.000652248	-0.00602757	0.996916	34.0625	0	0
23	527530	-0.152957	-0.0794783	30.122	34.0625	-0.000374507	-0.00588131	0.996422	34.0625	0	0
23	527540	-0.153217	-0.0781739	30.1372	34.0625	-0.000473489	-0.00591381	0.99702	34.0625	0	0
23	527550	-0.156174	-0.089913	30.1753	34.0625	-0.000319107	-0.00616718	0.997045	34.0625	0	0
23	527560	-0.155739	-0.086	30.136	34.125	-0.000411441	-0.0059995	0.997103	34.125	0	0
23	527570	-0.155739	-0.0786087	30.1258	34.0625	-0.000596109	-0.00607854	0.99698	34.0625	0	0
23	527580	-0.147304	-0.0717391	30.1923	34.0625	-0.000264445	-0.00598103	0.99726	34.0625	0	0
23	527590	-0.150609	-0.0953043	30.1444	34.125	-0.000380416	-0.00628906	0.996721	34.125	0	0
23	527600	-0.137304	-0.070087	30.1675	34.0625	-0.000427691	-0.00623587	0.996392	34.0625	0	0
23	527610	-0.156174	-0.0721739	30.1629	34.0625	-0.000330925	-0.00615166	0.996429	34.0625	0	0
23	527620	-0.162783	-0.0692174	30.1881	34.125	-0.000325016	-0.00622332	0.996683	34.125	0	0
23	527630	-0.156783	-0.0763478	30.1569	34.125	-0.000624178	-0.00604603	0.996839	34.125	0	0
23	527640	-0.181217	-0.0936522	30.1702	34.0625	-0.000477182	-0.00648702	0.996534	34.0625	0	0
23	527650	-0.168261	-0.0955652	30.1374	34.125	-0.000243023	-0.00643384	0.996484	34.125	0	0
23	527660	-0.156	-0.0853043	30.1561	34.0625	-0.000265922	-0.00597512	0.996861	34.0625	0	0
23	527670	-0.144348	-0.0958261	30.1467	34.0625	-0.000376723	-0.00559397	0.996463	34.0625	0	0
23	527680	-0.137913	-0.0840869	30.1633	34.0625	-0.000344221	-0.00586137	0.996706	34.0625	0	0
23	527690	-0.156696	-0.0788696	30.1468	34.125	-0.000501559	-0.00652839	0.996601	34.125	0	0
23	527700	-0.155739	-0.074087	30.1703	34.0625	-0.000560652	-0.00619968	0.996377	34.0625	0	0
23	527710	-0.160435	-0.0868696	30.1606	34.0625	-0.000244501	-0.00609553	0.996339	34.0625	0	0
23	527720	-0.158261	-0.0849565	30.1665	34.125	-0.00020609	-0.00620189	0.99669	34.125	0	0
23	527730	-0.149652	-0.084	30.1568	34.125	-0.000286605	-0.00637031	0.996579	34.125	0	0
23	527740	-0.165826	-0.0656522	30.1682	34.0625	-0.000339789	-0.00619008	0.996902	34.0625	0	0
23	527750	-0.148783	-0.0818261	30.155	34.0625	-0.000391496	-0.00614649	0.99632	34.0625	0	0
23	527760	-0.165304	-0.0637391	30.1492	34.0625	-0.000466102	-0.00630457	0.996771	34.0625	0	0
23	527770	-0.155826	-0.0651304	30.1559	34.0625	-0.000327232	-0.00638804	0.996357	34.0625	0	0
23	527780	-0.172609	-0.0905217	30.1517	34.0625	-0.000279957	-0.00618564	0.996788	34.0625	0	0
23	527790	-0.165043	-0.0733043	30.1852	34.0625	-0.000469796	-0.00627059	0.996675	34.0625	0	0
23	527800	-0.154087	-0.0835652	30.1724	34.0625	-0.000431385	-0.00593893	0.996596	34.0625	0	0
23	527810	-0.151565	-0.0851304	30.1675	34.0625	-0.000325016	-0.00625582	0.996636	34.0625	0	0
23	527820	-0.162435	-0.0850435	30.1321	34.0625	-0.000394451	-0.00629644	0.996389	34.0625	0	0
23	527830	-0.14313	-0.0973913	30.14	34.125	-0.000480137	-0.00647151	0.996748	34.125	0	0
23	527840	-0.162783	-0.0795652	30.1442	34.0625	-0.000242285	-0.00598842	0.996545	34.0625	0	0
23	527850	-0.167304	-0.0902609	30.1729	34.0625	-0.000321323	-0.0064102	0.996346	34.0625	0	0
23	527860	-0.142783	-0.0948696	30.1386	34.125	-0.000336835	-0.00609553	0.996668	34.125	0	0
23	527870	-0.17087	-0.0876522	30.1639	34.0625	-0.000245978	-0.00611769	0.996469	34.0625	0	0
23	527880	-0.167478	-0.0848696	30.175	34.0625	-0.00019501	-0.00593597	0.996406	34.0625	0	0
23	527890	-0.163913	-0.0824348	30.1867	34.0625	-0.000236375	-0.00582	0.996592	34.0625	0	0
23	527900	-0.158261	-0.087913	30.1475	34.0625	-0.000141086	-0.00609109	0.996683	34.0625	0	0
23	527910	-0.165913	-0.0873043	30.146	34.0625	-0.000404054	-0.00595739	0.996474	34.0625	0	0
23	527920	-0.160696	-0.0956522	30.1555	34.0625	-0.00025041	-0.00618269	0.996716	34.0625	0	0
23	527930	-0.142696	-0.0826957	30.1787	34.0625	-0.000401099	-0.00653873	0.996738	34.0625	0	0
23	527940	-0.166609	-0.0787826	30.1561	34.0625	-0.000191316	-0.00643531	0.996528	34.0625	0	0
23	527950	-0.168957	-0.0814783	30.1643	34.0625	-0.00011671	-0.00665692	0.996537	34.0625	0	0
23	527960	-0.167391	-0.0968696	30.1757	34.0625	-0.000206828	-0.00638804	0.996652	34.0625	0	0
23	527970	-0.157391	-0.0891304	30.1652	34.0625	-0.000353824	-0.00590421	0.996748	34.0625	0	0
23	527980	-0.175565	-0.0837391	30.1391	34.0625	-0.000219386	-0.00591529	0.996485	34.0625	0	0
23	527990	-0.176261	-0.0933043	30.1589	34.125	-0.000444681	-0.00581631	0.996756	34.125	0	0
23	528000	-0.15487	-0.084	30.1193	34.125	-0.000381894	-0.00609183	0.996822	34.125	0	0
23	528010	-0.166783	-0.0858261	30.1661	34.125	-0.000266341	-0.00640872	0.996948	34.125	0	0
23	528020	-0.153739	-0.078	30.1197	34.0625	-0.000241546	-0.00610513	0.996649	34.0625	0	0
23	528030	-0.155913	-0.0706087	30.1743	34.0625	-0.000319845	-0.00600615	0.996704	34.0625	0	0
23	528040	-0.16687	-0.0729565	30.1579	34.0625	-0.000279957	-0.00614575	0.996738	34.0625	0	0
23	528050	-0.171391	-0.0821739	30.2097	34.0625	-0.000468318	-0.00602166	0.996853	34.0625	0	0
23	528060	-0.156174	-0.0846957	30.1589	34.0625	-0.000448374	-0.00626025	0.996663	34.0625	0	0
23	528070	-0.155652	-0.0537391	30.1397	34.0625	-0.000352347	-0.0061332	0.996497	34.0625	0	0
23	528080	-0.176	-0.0764348	30.1405	34.0625	-0.000733502	-0.00631713	0.996612	34.0625	0	0
23	528090	-0.149304	-0.076	30.1394	34.0625	-0.000390758	-0.00633042	0.996641	34.0625	0	0
23	528100	-0.146522	-0.0958261	30.1501	34.125	-0.000103414	-0.00620042	0.996322	34.125	0	0
23	528110	-0.162957	-0.0785217	30.1385	34.0625	-0.000305072	-0.00625508	0.996412	34.0625	0	0
23	528120	-0.162435	-0.0678261	30.1788	34.125	-4.87524e-05	-0.00667538	0.996589	34.125	0	0
23	528130	-0.178261	-0.0848696	30.1463	34.0625	-0.000381894	-0.00613024	0.996372	34.0625	0	0
23	528140	-0.154609	-0.0764348	30.1572	34.125	-0.000500081	-0.00626468	0.996903	34.125	0	0
23	528150	-0.175652	-0.0906956	30.169	34.0625	-0.000280696	-0.00653356	0.996626	34.0625	0	0
23	528160	-0.164609	-0.0641739	30.1195	34.0625	-0.000284389	-0.00620485	0.996818	34.0625	0	0
23	528170	-0.167217	-0.0847826	30.176	34.0625	-0.000150689	-0.0060453	0.996584	34.0625	0	0
23	528180	-0.14887	-0.093913	30.2034	34.0625	-9.23341e-05	-0.00612138	0.99671	34.0625	0	0
23	528190	-0.163217	-0.0682609	30.1723	34.0625	-0.000230466	-0.00611325	0.996632	34.0625	0	0
23	528200	-0.157913	-0.071913	30.1479	34.125	-0.000315413	-0.00611695	0.99673	34.125	0	0
23	528210	-0.16	-0.0526957	30.1764	34.0625	-0.000552527	-0.00603939	0.996242	34.0625	0	0
23	528220	-0.164348	-0.0837391	30.173	34.0625	-0.00027848	-0.00620189	0.996372	34.0625	0	0
23	528230	-0.158	-0.0723478	30.1664	34.125	-0.000349392	-0.00616348	0.996535	34.125	0	0
23	528240	-0.174522	-0.0723478	30.1576	34.125	-0.000265922	-0.00613985	0.996445	34.125	0	0
23	528250	-0.153391	-0.076	30.1578	34.125	-0.000265183	-0.00646117	0.996508	34.125	0	0
23	528260	-0.177565	-0.0854783	30.145	34.125	-0.000459454	-0.00642054	0.996745	34.125	0	0
23	528270	-0.175826	-0.0727826	30.1691	34.125	-0.000302856	-0.00620633	0.99614	34.125	0	0
23	528280	-0.164609	-0.0889565	30.1558	34.0625	-8.64247e-05	-0.0065306	0.996571	34.0625	0	0
23	528290	-0.167304	-0.0622609	30.1634	34.125	-6.50032e-05	-0.00626542	0.996683	34.125	0	0
23	528300	-0.166087	-0.0650435	30.1475	34.0625	-0.000383371	-0.00628758	0.996524	34.0625	0	0
23	528310	-0.155826	-0.083913	30.1603	34.0625	-0.000114494	-0.0061103	0.996592	34.0625	0	0
23	528320	-0.165217	-0.0691304	30.184	34.0625	-0.00060645	-0.00606819	0.996585	34.0625	0	0
23	528330	-0.160522	-0.0692174	30.1705	34.0625	-0.000457238	-0.00628389	0.996839	34.0625	0	0
23	528340	-0.158957	-0.0773043	30.1663	34.125	-0.00012262	-0.00626162	0.996525	34.125	0	0
23	528350	-0.141304	-0.09	30.1833	34.125	-0.000189839	-0.00650623	0.99634	34.125	0	0
23	528360	-0.146957	-0.0953043	30.1492	34.125	-0.000310981	-0.00639321	0.996611	34.125	0	0
23	528370	-0.15513	-0.0854783	30.1697	34.125	-0.000385587	-0.00629866	0.996672	34.125	0	0
23	528380	-0.142522	-0.0737391	30.139	34.125	-0.000410702	-0.00650844	0.996344	34.125	0	0
23	528390	-0.154348	-0.0886956	30.1441	34.125	-0.000503775	-0.00623218	0.996431	34.125	0	0
23	528400	-0.159217	-0.0693043	30.1598	34.125	-0.000302856	-0.00644049	0.996414	34.125	0	0
23	528410	-0.153391	-0.086087	30.1355	34.125	-0.000303594	-0.00605194	0.996745	34.125	0	0
23	528420	-0.14113	-0.0616522	30.1352	34.125	-5.09684e-05	-0.00593597	0.996293	34.125	0	0
23	528430	-0.158261	-0.074087	30.1809	34.125	-0.000234898	-0.00600541	0.996709	34.125	0	0
23	528440	-0.153565	-0.0893044	30.1434	34.125	-0.000426953	-0.00631269	0.996457	34.125	0	0
23	528450	-0.147391	-0.0841739	30.1429	34.125	-0.000515593	-0.00597512	0.996367	34.125	0	0
23	528460	-0.138261	-0.0909565	30.1209	34.125	-0.000435817	-0.00619155	0.996564	34.125	0	0
23	528470	-0.157913	-0.0815652	30.1818	34.125	-0.000453545	-0.00650253	0.996706	34.125	0	0
23	528480	-0.163826	-0.0848696	30.1842	34.125	-0.000348653	-0.00610808	0.996825	34.125	0	0
23	528490	-0.155304	-0.0625217	30.1691	34.125	-0.000376723	-0.0062669	0.997052	34.125	0	0
23	528500	-0.153565	-0.0630435	30.1434	34.125	-0.000471273	-0.0066643	0.996624	34.125	0	0
23	528510	-0.158261	-0.0593043	30.1565	34.125	-0.000643384	-0.00605933	0.99669	34.125	0	0
23	528520	-0.162087	-0.0633043	30.1478	34.125	-0.000181713	-0.00667464	0.996468	34.125	0	0
23	528530	-0.133652	-0.0749565	30.175	34.125	-0.000327971	-0.00632747	0.996335	34.125	0	0
23	528540	-0.155217	-0.0904348	30.1533	34.0625	-0.000415134	-0.00630383	0.996505	34.0625	0	0
23	528550	-0.166522	-0.0837391	30.1776	34.0625	-0.000365643	-0.00615388	0.996697	34.0625	0	0
23	528560	-0.159652	-0.0694783	30.1538	34.125	-0.000291776	-0.00632599	0.996471	34.125	0	0
23	528570	-0.143913	-0.0908696	30.1314	34.125	-0.000490479	-0.00619894	0.996362	34.125	0	0
23	528580	-0.146783	-0.0977391	30.1495	34.125	-0.000541447	-0.0062669	0.996544	34.125	0	0
23	528590	-0.152435	-0.0736522	30.1503	34.125	-0.000513377	-0.00619599	0.996504	34.125	0	0
23	528600	-0.154522	-0.0850435	30.1549	34.0625	-0.0004565	-0.00619451	0.996796	34.0625	0	0
23	528610	-0.140957	-0.0658261	30.1599	34.0625	-0.000306549	-0.00606302	0.996412	34.0625	0	0
23	528620	-0.168696	-0.0630435	30.136	34.0625	-0.000493433	-0.00626394	0.996697	34.0625	0	0
23	528630	-0.148609	-0.0666957	30.1572	34.125	-0.000831007	-0.00621445	0.996598	34.125	0	0
23	528640	-0.152174	-0.100522	30.1456	34.125	-0.000176543	-0.00625951	0.996477	34.125	0	0
23	528650	-0.157043	-0.0885217	30.148	34.125	-0.000546618	-0.00616644	0.996186	34.125	0	0
23	528660	-0.15687	-0.0856522	30.1683	34.0625	-0.000342744	-0.00643458	0.996778	34.0625	0	0
23	528670	-0.161478	-0.0792174	30.1776	34.0625	-0.000586506	-0.00592859	0.996921	34.0625	0	0
23	528680	-0.152174	-0.0808696	30.1993	34.0625	-0.00048974	-0.00594114	0.996457	34.0625	0	0
23	528690	-0.165478	-0.0566957	30.1577	34.0625	-0.00048974	-0.00608814	0.996486	34.0625	0	0
23	528700	-0.160696	-0.0806956	30.1771	34.0625	-0.000378939	-0.00617456	0.996508	34.0625	0	0
23	528710	-0.154783	-0.0703478	30.1397	34.0625	-0.0001337	-0.00654685	0.996614	34.0625	0	0
23	528720	-0.14313	-0.098087	30.16	34.125	-0.000345699	-0.00598842	0.996659	34.125	0	0
23	528730	-0.148348	-0.0591304	30.1497	34.0625	-0.000396667	-0.00583108	0.996611	34.0625	0	0
23	528740	-0.147217	-0.071913	30.1813	34.0625	-0.000718728	-0.00625656	0.996383	34.0625	0	0
23	528750	-0.142783	-0.0724348	30.1697	34.0625	-0.000441726	-0.00608962	0.996752	34.0625	0	0
23	528760	-0.152087	-0.1	30.1517	34.125	-0.000430646	-0.00602018	0.996839	34.125	0	0
23	528770	-0.143739	-0.0673913	30.1509	34.125	-0.000440249	-0.00601796	0.996397	34.125	0	0
23	528780	-0.167162	-0.0946087	30.1592	34.125	-0.000556959	-0.00624548	0.996465	34.125	0	0
23	528790	-0.165304	-0.0889565	30.115	34.125	-0.000279957	-0.00641611	0.996703	34.125	0	0
23	528800	-0.157913	-0.0773913	30.1513	34.125	-0.000211999	-0.00617013	0.996707	34.125	0	0
23	528810	-0.147913	-0.085913	30.1283	34.125	-0.000186884	-0.0062898	0.996499	34.125	0	0
23	528820	-0.15287	-0.0797391	30.1342	34.125	-0.000413657	-0.00614206	0.996865	34.125	0	0
23	528830	-0.162696	-0.110522	30.1477	34.125	-0.000619746	-0.00626616	0.996395	34.125	0	0
23	528840	-0.172261	-0.0695652	30.1613	34.0625	-0.000438033	-0.00635628	0.996629	34.0625	0	0
23	528850	-0.150783	-0.0713913	30.1548	34.0625	-0.000373768	-0.00600467	0.996603	34.0625	0	0
23	528860	-0.160348	-0.0967826	30.1653	34.0625	-0.000291037	-0.00607041	0.996617	34.0625	0	0
23	528870	-0.164174	-0.0547826	30.1581	34.0625	-0.000208306	-0.00615388	0.996444	34.0625	0	0
23	528880	-0.14913	-0.076087	30.1691	34.0625	-0.000201658	-0.0061753	0.996322	34.0625	0	0
23	528890	-0.145478	-0.0761572	30.1347	34.125	-0.000330187	-0.00641611	0.99657	34.125	0	0
23	528900	-0.155913	-0.0911304	30.154	34.125	-0.00048383	-0.00608149	0.996491	34.125	0	0
23	528910	-0.149478	-0.0802609	30.1641	34.125	-0.000282912	-0.00619008	0.996837	34.125	0	0
23	528920	-0.14913	-0.0726957	30.1485	34.125	-0.000355301	-0.00576608	0.996522	34.125	0	0
23	528930	-0.182435	-0.0576522	30.1707	34.125	-0.000547356	-0.00593967	0.996273	34.125	0	0
23	528940	-0.157304	-0.0773043	30.1305	34.125	-0.000550311	-0.0061199	0.996741	34.125	0	0
23	528950	-0.151913	-0.0907826	30.173	34.125	-0.000514116	-0.00613024	0.996278	34.125	0	0
23	528960	-0.159217	-0.0728696	30.179	34.125	-0.000180975	-0.0061753	0.996762	34.125	0	0
23	528970	-0.153826	-0.0768696	30.1282	34.125	-0.000209783	-0.00599876	0.996474	34.125	0	0
23	528980	-0.170435	-0.0785217	30.1534	34.0625	-0.000388542	-0.00575721	0.996573	34.0625	0	0
23	528990	-0.167217	-0.096	30.1586	34.125	-0.000627872	-0.0062078	0.996426	34.125	0	0
23	529000	-0.16713	-0.0605217	30.1247	34.0625	-0.000328709	-0.00643458	0.996767	34.0625	0	0
23	529010	-0.160522	-0.0776522	30.1523	34.125	-0.00026149	-0.00630679	0.996517	34.125	0	0
23	529020	-0.142783	-0.0673044	30.1565	34.0625	-0.000407747	-0.00570994	0.996327	34.0625	0	0
23	529030	-0.167652	-0.0791304	30.1547	34.0625	-0.000246717	-0.00647742	0.996726	34.0625	0	0
23	529040	-0.153478	-0.0933913	30.1644	34.0625	-0.000228988	-0.00613098	0.996567	34.0625	0	0
23	529050	-0.148174	-0.0869565	30.158	34.125	-0.000336096	-0.00610217	0.996724	34.125	0	0
23	529060	-0.170435	-0.0972174	30.1631	34.125	-0.000280696	-0.00646265	0.996735	34.125	0	0
23	529070	-0.158435	-0.0722609	30.181	34.125	-0.00021126	-0.00619081	0.996449	34.125	0	0
23	529080	-0.14713	-0.0913913	30.1506	34.0625	-0.000118188	-0.00614428	0.996421	34.0625	0	0
23	529090	-0.155652	-0.0669565	30.1787	34.0625	-0.000438033	-0.00577937	0.997039	34.0625	0	0
23	529100	-0.154957	-0.0938261	30.175	34.0625	-0.000343483	-0.00624178	0.996781	34.0625	0	0
23	529110	-0.153304	-0.0967826	30.1545	34.125	-0.000128529	-0.00613689	0.996632	34.125	0	0
23	529120	-0.146522	-0.0698261	30.1202	34.125	-0.000136654	-0.00609036	0.996656	34.125	0	0
23	529130	-0.160348	-0.0795652	30.1803	34.125	-0.000580597	-0.00586358	0.996558	34.125	0	0
23	529140	-0.170435	-0.0863478	30.1235	34.0625	-0.000237853	-0.00617678	0.996398	34.0625	0	0
23	529150	-0.16687	-0.077913	30.1807	34.125	-0.000390019	-0.00602683	0.996476	34.125	0	0
23	529160	-0.139478	-0.0794783	30.1416	34.125	-0.000237853	-0.00626173	0.996564	34.125	0	0
23	529170	-0.180087	-0.0663478	30.1642	34.125	-0.000531105	-0.00658527	0.996652	34.125	0	0
23	529180	-0.158087	-0.0686956	30.1533	34.0625	-0.00038411	-0.00642054	0.996734	34.0625	0	0
23	529190	-0.170348	-0.0816522	30.1542	34.0625	-0.000358256	-0.00612729	0.996299	34.0625	0	0
23	529200	-0.153565	-0.0597391	30.1827	34.0625	-0.000120404	-0.00592859	0.996523	34.0625	0	0
23	529210	-0.156957	-0.0818261	30.1541	34.0625	-6.35258e-05	-0.00600467	0.996491	34.0625	0	0
23	529220	-0.168261	-0.0846957	30.1708	34.0625	-0.000325755	-0.00646043	0.996615	34.0625	0	0
23	529230	-0.156261	-0.0712174	30.1424	34.0625	-0.000341267	-0.00643753	0.996689	34.0625	0	0
23	529240	-0.156522	-0.0967826	30.1636	34.0625	-0.000345699	-0.00585546	0.996866	34.0625	0	0
23	529250	-0.146174	-0.0881739	30.1441	34.0625	-0.000110801	-0.00646708	0.996312	34.0625	0	0
23	529260	-0.155391	-0.0693043	30.159	34.0625	-0.000370075	-0.00617087	0.9966	34.0625	0	0
23	529270	-0.172783	-0.07	30.1794	34.0625	-0.000165463	-0.00635775	0.996789	34.0625	0	0
23	529280	-0.16513	-0.0851304	30.1482	34.0625	-0.000430646	-0.00583182	0.996686	34.0625	0	0
23	529290	-0.159217	-0.094	30.1692	34.0625	-0.000355301	-0.00605711	0.996528	34.0625	0	0
23	529300	-0.154174	-0.0803478	30.1403	34.0625	-0.000457977	-0.00610291	0.99671	34.0625	0	0
23	529310	-0.16687	-0.0935652	30.1526	34.125	-9.23341e-05	-0.00657123	0.996576	34.125	0	0
23	529320	-0.169913	-0.0911304	30.1799	34.125	-0.000115233	-0.00607115	0.996346	34.125	0	0
23	529330	-0.153478	-0.0877391	30.1816	34.0625	-0.000363427	-0.00612507	0.996762	34.0625	0	0
23	529340	-0.179913	-0.0806956	30.1727	34.0625	-0.000139609	-0.00629201	0.996526	34.0625	0	0
23	529350	-0.158783	-0.0791304	30.1455	34.0625	-0.000308765	-0.00610513	0.996593	34.0625	0	0
23	529360	-0.16313	-0.0742609	30.1456	34.0625	-0.000130006	-0.00629571	0.996898	34.0625	0	0
23	529370	-0.163739	-0.0904348	30.1418	34.0625	-0.000209044	-0.00628093	0.996765	34.0625	0	0
23	529380	-0.160087	-0.0683478	30.2092	34.0625	-0.000339789	-0.00615093	0.996839	34.0625	0	0
23	529390	-0.161217	-0.0786956	30.1672	34.0625	-0.00022234	-0.00612655	0.996629	34.0625	0	0
23	529400	-0.153043	-0.0937391	30.1387	34.0625	-9.38114e-05	-0.00579858	0.996496	34.0625	0	0
23	529410	-0.16287	-0.0701739	30.1639	34.0625	-0.000161031	-0.00632008	0.996615	34.0625	0	0
23	529420	-0.171043	-0.0714783	30.1505	34.0625	-7.46059e-05	-0.00626837	0.996647	34.0625	0	0
23	529430	-0.144957	-0.0770435	30.127	34.125	-0.00021126	-0.00607632	0.996565	34.125	0	0
23	529440	-0.153739	-0.0751304	30.1772	34.125	-0.000335357	-0.0061524	0.996511	34.125	0	0
23	529450	-0.158087	-0.0869565	30.1239	34.125	-0.000276264	-0.00598177	0.996683	34.125	0	0
23	529460	-0.154348	-0.0634783	30.1642	34.0625	-0.000215692	-0.00625729	0.996606	34.0625	0	0
23	529470	-0.164261	-0.0842609	30.141	34.0625	-0.000371552	-0.00592785	0.996471	34.0625	0	0
23	529480	-0.170522	-0.0869565	30.1897	34.0625	-0.000243023	-0.00643236	0.996442	34.0625	0	0
23	529490	-0.148261	-0.0658261	30.1741	34.125	-0.000271093	-0.00674703	0.99651	34.125	0	0
23	529500	-0.148783	-0.0822609	30.1546	34.0625	-0.000335357	-0.00612803	0.997068	34.0625	0	0
23	529510	-0.175739	-0.0837391	30.1298	34.125	-0.000252626	-0.00646929	0.996762	34.125	0	0
23	529520	-0.166348	-0.0642609	30.1299	34.125	-0.000322061	-0.00647003	0.996897	34.125	0	0
23	529530	-0.154261	-0.0664348	30.1612	34.0625	-0.000570994	-0.00629423	0.997032	34.0625	0	0
