23	369700	0.0167826	-0.0832174	0.0933913	34.0625	-2.36375e-05	-0.00600467	0.996366	34.0625	0	0
23	369710	0.0206957	-0.0847826	0.0613913	34.0625	3.69336e-06	-0.00568926	0.996833	34.0625	0	0
23	369720	0.00878261	-0.0673913	0.0652174	34.0625	-3.25016e-05	-0.00591972	0.996142	34.0625	0	0
23	369730	0.0113043	-0.0898261	0.117391	34.0625	1.10801e-05	-0.00557772	0.99636	34.0625	0	0
23	369740	0.02	-0.092	0.0954783	34.0625	-4.3772e-05	-0.00573948	0.996607	34.0625	0	0
23	369750	0.0163478	-0.0840869	0.0654783	34.0625	-4.5059e-05	-0.00591455	0.996801	34.0625	0	0
23	369760	0.012	-0.082087	0.0978261	34	8.86407e-05	-0.00600245	0.996458	34	0	0
23	369770	0.00391304	-0.0877391	0.116087	34.0625	2.21602e-06	-0.00560357	0.996479	34.0625	0	0
23	369780	0.0276522	-0.0847826	0.0984348	34.0625	-0.000100459	-0.00601279	0.996897	34.0625	0	0
23	369790	0.0226087	-0.0737391	0.0964348	34.0625	0	-0.00588574	0.997076	34.0625	0	0
23	369800	0.0124348	-0.0798261	0.0821739	34.0625	-0.000143302	-0.00576903	0.996672	34.0625	0	0
23	369810	0.0185217	-0.0597391	0.122	34.0625	-2.88082e-05	-0.0056176	0.996469	34.0625	0	0
23	369820	0.0166957	-0.0638261	0.0527826	34.0625	-0.000134438	-0.00602683	0.996725	34.0625	0	0
23	369830	0.0177391	-0.0905217	0.09	34	-5.76165e-05	-0.00591381	0.996519	34	0	0
23	369840	0.0163478	-0.0669565	0.0774783	34.0625	-2.58535e-05	-0.00577273	0.996717	34.0625	0	0
23	369850	0.0114783	-0.0776522	0.094087	34	1.47734e-05	-0.00583699	0.996522	34	0	0
23	369860	0.00521739	-0.0853913	0.0837391	34	4.35817e-05	-0.00600024	0.996591	34	0	0
23	369870	0.0218261	-0.0687826	0.0661739	34.0625	-9.45501e-05	-0.00603052	0.996664	34.0625	0	0
23	369880	0.00878261	-0.0906087	0.0937391	34.0625	-0.000243762	-0.00605638	0.996157	34.0625	0	0
23	369890	0.0111304	-0.0791304	0.0994783	34	-2.51149e-05	-0.006032	0.996364	34	0	0
23	369900	0.0241739	-0.0708696	0.0917391	34	-0.000271831	-0.00562351	0.996495	34	0	0
23	369910	0.0167826	-0.0875652	0.052	34	0.000223818	-0.00608666	0.996726	34	0	0
23	369920	0.0237391	-0.0844348	0.0949565	34	6.72192e-05	-0.00571732	0.996562	34	0	0
23	369930	0.0118261	-0.0802609	0.112174	34	1.62508e-05	-0.00601058	0.996347	34	0	0
23	369940	0.0115652	-0.0756522	0.111217	34	3.91496e-05	-0.00576238	0.996604	34	0	0
23	369950	0.024087	-0.0856522	0.0814783	34	-0.000136654	-0.00584068	0.99641	34	0	0
23	369960	0.0127826	-0.0708696	0.0987826	34	0.000146257	-0.00553044	0.996737	34	0	0
23	369970	0.008	-0.0920869	0.0955652	34	3.25016e-05	-0.00586063	0.996796	34	0	0
23	369980	0.00826087	-0.078	0.094	34.0625	-7.09126e-05	-0.00559766	0.996453	34.0625	0	0
23	369990	0.0165217	-0.0828696	0.0814783	34.0625	-3.69336e-05	-0.0059308	0.996379	34.0625	0	0
23	370000	0.00556522	-0.0541739	0.0986087	34.0625	3.10242e-05	-0.00590199	0.996299	34.0625	0	0
23	370010	0.0117391	-0.0933913	0.105043	34.0625	0	-0.00572028	0.996344	34.0625	0	0
23	370020	0.00269565	-0.0751304	0.0873043	34	-7.46059e-05	-0.00583477	0.996894	34	0	0
23	370030	0.0214783	-0.0766087	0.0603478	34.0625	-4.7275e-05	-0.00628167	0.996773	34.0625	0	0
23	370040	0.0188696	-0.07	0.091913	34.0625	3.98883e-05	-0.00574466	0.9967	34.0625	0	0
23	370050	0.0247826	-0.088	0.105478	34	-1.84668e-05	-0.00590421	0.996774	34	0	0
23	370060	0.0154783	-0.0851304	0.0631304	34	2.28988e-05	-0.0057875	0.996392	34	0	0
23	370070	0.0112174	-0.101217	0.115565	34	-0.000102675	-0.00598768	0.996611	34	0	0
23	370080	0.0169565	-0.0889565	0.0434783	34	-2.21602e-05	-0.00631875	0.996892	34	0	0
23	370090	0.0150435	-0.087913	0.0933043	34.0625	5.31844e-05	-0.00577346	0.996486	34.0625	0	0
23	370100	0.0126957	-0.0824348	0.0670435	34.0625	8.347e-05	-0.00609036	0.996397	34.0625	0	0
23	370110	-0.00304348	-0.088	0.0647826	34.0625	-0.00013887	-0.00568261	0.996773	34.0625	0	0
23	370120	0.0102609	-0.0689565	0.0942609	34.0625	-2.95469e-05	-0.00608001	0.996781	34.0625	0	0
23	370130	0.0155652	-0.0955652	0.117652	34.0625	-1.32961e-05	-0.00596774	0.996751	34.0625	0	0
23	370140	0.0190435	-0.0846957	0.0815652	34.0625	-4.35817e-05	-0.00609183	0.996779	34.0625	0	0
23	370150	0.0215652	-0.090087	0.0628696	34.0625	0.000166201	-0.00584955	0.996452	34.0625	0	0
23	370160	0.00678261	-0.056	0.0906087	34.0625	-0.000124097	-0.00589239	0.996638	34.0625	0	0
23	370170	0.014087	-0.103391	0.0987826	34.0625	0	-0.00579489	0.996676	34.0625	0	0
23	370180	0.00686957	-0.0974783	0.0942609	34.0625	2.21602e-06	-0.00578085	0.996603	34.0625	0	0
23	370190	0.00191304	-0.0806956	0.101739	34	-9.97208e-05	-0.0058008	0.996239	34	0	0
23	370200	0.0247826	-0.079913	0.0737391	34	-0.000169156	-0.005331	0.996368	34	0	0
23	370210	0.02	-0.0794783	0.0907826	34.0625	0.000118926	-0.00609626	0.996626	34.0625	0	0
23	370220	0.0212174	-0.0892174	0.0905217	34.0625	-0.00010563	-0.00584733	0.996586	34.0625	0	0
23	370230	0.0201739	-0.0706087	0.0955652	34.0625	4.13657e-05	-0.00616274	0.996827	34.0625	0	0
23	370240	0.0154783	-0.0706957	0.105565	34.0625	7.38672e-06	-0.00598251	0.996679	34.0625	0	0
23	370250	0.02	-0.0885217	0.0423478	34.0625	2.88082e-05	-0.00584955	0.996779	34.0625	0	0
23	370260	0.00121739	-0.0907826	0.0778261	34.0625	-0.00012779	-0.0059441	0.996687	34.0625	0	0
23	370270	0.0146957	-0.0757391	0.0893044	34.0625	4.43203e-06	-0.00601353	0.996727	34.0625	0	0
23	370280	-0.00278261	-0.068	0.097913	34.0625	1.40348e-05	-0.00575057	0.9964	34.0625	0	0
23	370290	0.0293043	-0.0932174	0.103217	34.0625	-0.000149951	-0.0061103	0.996579	34.0625	0	0
23	370300	0.0141739	-0.0933913	0.0891304	34.0625	8.42087e-05	-0.00542259	0.99672	34.0625	0	0
23	370310	0.012087	-0.0922609	0.116	34.0625	-0.000197964	-0.00606376	0.996768	34.0625	0	0
23	370320	0.0286087	-0.0833043	0.12687	34	-7.82993e-05	-0.00574466	0.996121	34	0	0
23	370330	0.0176522	-0.0761739	0.094087	34	-0.000113756	-0.0061332	0.996731	34	0	0
23	370340	0.0231304	-0.08	0.053913	34.0625	-0.000115972	-0.00545066	0.996607	34.0625	0	0
23	370350	0.00834783	-0.0761739	0.0815652	34	-3.91496e-05	-0.00573948	0.996545	34	0	0
23	370360	0.0164348	-0.087913	0.088	34	-0.000247455	-0.00583847	0.996688	34	0	0
23	370370	0.0195652	-0.0754783	0.0851304	34.0625	8.64247e-05	-0.00579858	0.996892	34.0625	0	0
23	370380	0.02	-0.0701739	0.0816522	34.0625	8.1254e-06	-0.00574392	0.996437	34.0625	0	0
23	370390	0.02	-0.0855652	0.075913	34.0625	-5.90938e-05	-0.00583699	0.996514	34.0625	0	0
23	370400	0.0125217	-0.106957	0.064087	34	-3.6195e-05	-0.00591455	0.99682	34	0	0
23	370410	0.00643478	-0.0770435	0.109083	34	-4.7275e-05	-0.00573727	0.996848	34	0	0
23	370420	0.0136522	-0.087913	0.0857391	34	-9.82434e-05	-0.00581557	0.996469	34	0	0
23	370430	0.00252174	-0.0709565	0.0968696	34	-6.42645e-05	-0.00561834	0.996519	34	0	0
23	370440	0.0165217	-0.0655652	0.0850435	34	-0.000134438	-0.00579341	0.996556	34	0	0
23	370450	0.0147826	-0.0837391	0.0814783	34.0625	-5.02297e-05	-0.00561169	0.996562	34.0625	0	0
23	370460	0.0227826	-0.0853043	0.0651304	34.0625	0.000134438	-0.00584068	0.996791	34.0625	0	0
23	370470	0.0243478	-0.0873043	0.0865217	34	0.000124836	-0.00547504	0.996756	34	0	0
23	370480	0.014	-0.085913	0.230957	34.0625	-0.000110801	-0.00557476	0.996802	34.0625	0	0
23	370490	0.0136522	-0.0926087	1.72652	34	-0.000544402	-0.00584955	0.996545	34	0	0
23	370500	-0.0113913	-0.086	4.66261	34	-0.000794812	-0.00551788	0.996945	34	0	0
23	370510	-0.0242609	-0.0893044	7.5873	34.0625	-0.000836916	-0.00510718	0.996593	34.0625	0	0
23	370520	-0.0517904	-0.0688696	10.525	34	-0.00080146	-0.00525713	0.996361	34	0	0
23	370530	-0.0541739	-0.0815652	13.5762	34.0625	-0.00108142	-0.0054285	0.9967	34.0625	0	0
23	370540	-0.0927826	-0.0766957	16.4823	34	-0.000630088	-0.00558141	0.996717	34	0	0
23	370550	-0.0918261	-0.063913	19.5441	34	-0.000868679	-0.00532435	0.996348	34	0	0
23	370560	-0.11513	-0.0761739	22.5316	34	-0.000698784	-0.00550163	0.99647	34	0	0
23	370570	-0.128087	-0.0813913	25.5645	34.0625	-0.00078447	-0.00584881	0.996674	34.0625	0	0
23	370580	-0.147043	-0.0948696	28.3807	34	-0.000798505	-0.00574244	0.996981	34	0	0
23	370590	-0.154522	-0.0685217	29.7738	34	-0.000678101	-0.00604234	0.996325	34	0	0
23	370600	-0.180957	-0.0852174	30.0617	34.0625	-0.000237853	-0.00604456	0.996329	34.0625	0	0
23	370610	-0.156	-0.0803478	30.1647	34	-0.000386326	-0.00609626	0.996668	34	0	0
23	370620	-0.170261	-0.074	30.1454	34.0625	-0.000397406	-0.00588353	0.996642	34.0625	0	0
23	370630	-0.153391	-0.0645415	30.1883	34.0625	-0.000292514	-0.00591455	0.996706	34.0625	0	0
23	370640	-0.152957	-0.0912174	30.163	34.0625	-0.000192055	-0.00603274	0.996774	34.0625	0	0
23	370650	-0.160957	-0.0908696	30.1723	34	-0.000199442	-0.00643458	0.996226	34	0	0
23	370660	-0.142957	-0.0686087	30.1604	34.0625	-8.86407e-05	-0.00594114	0.996228	34.0625	0	0
23	370670	-0.18087	-0.082	30.1747	34.0625	-0.000542186	-0.00619599	0.996596	34.0625	0	0
23	370680	-0.181478	-0.0743478	30.1763	34.0625	-0.000237114	-0.00570255	0.996297	34.0625	0	0
23	370690	-0.154435	-0.096	30.178	34.0625	-0.000143302	-0.00605785	0.996642	34.0625	0	0
23	370700	-0.136522	-0.0841739	30.1937	34.0625	-0.000540708	-0.00649515	0.99663	34.0625	0	0
23	370710	-0.169739	-0.0808696	30.1705	34.0625	-0.000401099	-0.00633338	0.996905	34.0625	0	0
23	370720	-0.156783	-0.0967826	30.1716	34.0625	-0.000443942	-0.00589904	0.996468	34.0625	0	0
23	370730	-0.142957	-0.062	30.2033	34.0625	-0.000364904	-0.00638139	0.996563	34.0625	0	0
23	370740	-0.176348	-0.0747826	30.1471	34.0625	-0.000373768	-0.00587245	0.996768	34.0625	0	0
23	370750	-0.160261	-0.0835652	30.1749	34.0625	-0.000288821	-0.00585989	0.996621	34.0625	0	0
23	370760	-0.150609	-0.0786087	30.1514	34.0625	-0.000214954	-0.00650623	0.996639	34.0625	0	0
23	370770	-0.161739	-0.0757391	30.1695	34	-0.000348653	-0.00630605	0.996498	34	0	0
23	370780	-0.161478	-0.0931304	30.1313	34.0625	-0.000387064	-0.00633929	0.996703	34.0625	0	0
23	370790	-0.160435	-0.0826957	30.1466	34	-0.000220124	-0.00599654	0.996813	34	0	0
23	370800	-0.159043	-0.071913	30.1663	34.0625	-0.000440249	-0.00592637	0.996288	34.0625	0	0
23	370810	-0.158435	-0.0698261	30.1536	34.0625	-0.00022825	-0.00621667	0.996786	34.0625	0	0
23	370820	-0.152435	-0.0686087	30.1623	34.0625	-0.0004565	-0.00616865	0.996923	34.0625	0	0
23	370830	-0.159565	-0.0706087	30.1501	34.0625	-0.000234159	-0.00600393	0.996743	34.0625	0	0
23	370840	-0.160261	-0.0895652	30.1272	34	-0.000305072	-0.00606598	0.996503	34	0	0
23	370850	-0.139217	-0.068	30.1822	34	-0.000181713	-0.00628019	0.996364	34	0	0
23	370860	-0.152783	-0.0810435	30.1617	34	-0.000419566	-0.00616053	0.996837	34	0	0
23	370870	-0.155217	-0.0690435	30.1317	34	-0.000322061	-0.00604751	0.996816	34	0	0
23	370880	-0.168348	-0.0823478	30.1611	34	-0.000192794	-0.0062115	0.996601	34	0	0
23	370890	-0.145478	-0.074087	30.1703	34.0625	-0.000142564	-0.00602092	0.996685	34.0625	0	0
23	370900	-0.139652	-0.0775652	30.1894	34.0625	-0.000404054	-0.00617161	0.996397	34.0625	0	0
23	370910	-0.162261	-0.081913	30.162	34	-0.000636736	-0.00597291	0.996544	34	0	0
23	370920	-0.160783	-0.0936522	30.1598	34	-0.000612359	-0.00590495	0.996723	34	0	0
23	370930	-0.156957	-0.0795652	30.1535	34.0625	-0.00035604	-0.00583773	0.996573	34.0625	0	0
23	370940	-0.155913	-0.0984348	30.1541	34	-0.000291037	-0.00630974	0.996768	34	0	0
23	370950	-0.158522	-0.0908696	30.1563	34	-0.000487524	-0.00639173	0.99635	34	0	0
23	370960	-0.152348	-0.099913	30.1873	34	-0.000387064	-0.00627355	0.996994	34	0	0
23	370970	-0.163652	-0.0695652	30.1463	34	-0.000376723	-0.00640429	0.996796	34	0	0
23	370980	-0.158348	-0.079913	30.1562	34.0625	-0.000158076	-0.00624031	0.996697	34.0625	0	0
23	370990	-0.170522	-0.104522	30.1484	34.0625	-0.000486785	-0.00644787	0.996729	34.0625	0	0
23	371000	-0.169652	-0.0742609	30.1679	34.0625	-0.000336096	-0.00613246	0.996541	34.0625	0	0
23	371010	-0.155304	-0.0953043	30.1868	34.0625	-0.00031172	-0.00657197	0.996686	34.0625	0	0
23	371020	-0.167217	-0.0906087	30.1761	34	-0.000172111	-0.00618564	0.9965	34	0	0
23	371030	-0.173826	-0.0707826	30.1622	34	-0.000206828	-0.00672266	0.996811	34	0	0
23	371040	-0.162087	-0.0822609	30.1771	34	-0.000112278	-0.00624769	0.996735	34	0	0
23	371050	-0.154696	-0.0796522	30.1906	34	-0.000582813	-0.00613763	0.996863	34	0	0
23	371060	-0.144609	-0.0866087	30.1722	34	-0.000421782	-0.00608518	0.996639	34	0	0
23	371070	-0.177652	-0.0840869	30.185	34	-0.000399622	-0.00671601	0.996683	34	0	0
23	371080	-0.15	-0.0933043	30.1817	34	-0.000277002	-0.00600393	0.996545	34	0	0
23	371090	-0.168696	-0.0913043	30.1324	34	-0.000471273	-0.00581778	0.996493	34	0	0
23	371100	-0.152435	-0.109478	30.155	34	-0.00016694	-0.00583477	0.996737	34	0	0
23	371110	-0.15487	-0.081913	30.1754	34	-0.000430646	-0.00637696	0.996624	34	0	0
23	371120	-0.158261	-0.0806087	30.1284	34	-0.000561391	-0.0061236	0.996473	34	0	0
23	371130	-0.156696	-0.0853043	30.1394	34.0625	-8.19926e-05	-0.00593597	0.996352	34.0625	0	0
23	371140	-0.146522	-0.103217	30.1569	34	-0.000297685	-0.00595148	0.996323	34	0	0
23	371150	-0.148609	-0.0893913	30.1658	34.0625	-0.000423998	-0.00595001	0.996985	34.0625	0	0
23	371160	-0.153304	-0.0990435	30.1439	34.0625	-0.000353824	-0.00599137	0.996588	34.0625	0	0
23	371170	-0.170783	-0.0876522	30.1543	34	-0.000464625	-0.0059633	0.996711	34	0	0
23	371180	-0.152783	-0.081913	30.1252	34	-0.0004565	-0.00617826	0.996965	34	0	0
23	371190	-0.132	-0.0948696	30.1439	34	-0.000277741	-0.00601944	0.996477	34	0	0
23	371200	-0.168609	-0.0666957	30.1722	34	-0.000359734	-0.00575648	0.99684	34	0	0
23	371210	-0.159565	-0.0871304	30.1434	34.0625	-0.00050082	-0.00617013	0.996668	34.0625	0	0
23	371220	-0.152957	-0.0809565	30.1502	34.0625	-0.00048383	-0.0061524	0.996791	34.0625	0	0
23	371230	-0.16	-0.0706087	30.1707	34	-0.000359734	-0.00626025	0.996689	34	0	0
23	371240	-0.173826	-0.0790435	30.1792	34	-0.000446158	-0.00596921	0.996497	34	0	0
23	371250	-0.163217	-0.076	30.1865	34.0625	-0.000313936	-0.00610365	0.99644	34.0625	0	0
23	371260	-0.143652	-0.0956522	30.1454	34	-3.98883e-05	-0.00610661	0.996816	34	0	0
23	371270	-0.154957	-0.0801739	30.1546	34	-6.27872e-05	-0.00587245	0.996712	34	0	0
23	371280	-0.156957	-0.0694783	30.1537	34.0625	-0.000560652	-0.00583182	0.99666	34.0625	0	0
23	371290	-0.151217	-0.0675652	30.1667	34.0625	-0.000438771	-0.00646191	0.996581	34.0625	0	0
23	371300	-0.162696	-0.082	30.1749	34	-0.000413657	-0.00597881	0.996757	34	0	0
23	371310	-0.162	-0.0913043	30.1673	34	-0.000267399	-0.00613541	0.996934	34	0	0
23	371320	-0.16287	-0.0906956	30.1493	34.0625	-0.000404793	-0.00602831	0.995995	34.0625	0	0
23	371330	-0.139565	-0.0655652	30.1878	34.0625	-0.000245978	-0.00605342	0.99687	34.0625	0	0
23	371340	-0.161391	-0.0733913	30.1643	34	-0.000158815	-0.00612286	0.996556	34	0	0
23	371350	-0.172174	-0.088087	30.1638	34	-0.000399622	-0.0061332	0.99641	34	0	0
23	371360	-0.170522	-0.0850435	30.1683	34	-0.000176543	-0.0060091	0.996578	34	0	0
23	371370	-0.14	-0.0751304	30.1277	34	-0.000130006	-0.00616939	0.996044	34	0	0
23	371380	-0.15287	-0.0813043	30.1413	34	-7.82993e-05	-0.00614428	0.99642	34	0	0
23	371390	-0.16713	-0.0846087	30.1579	34	-0.000131484	-0.00624031	0.996723	34	0	0
23	371400	-0.172	-0.0886956	30.1847	34.0625	-0.000164724	-0.00645526	0.996559	34.0625	0	0
23	371410	-0.150261	-0.0713044	30.1438	34	-0.000266661	-0.00629275	0.996544	34	0	0
23	371420	-0.164174	-0.080087	30.1625	34	-0.000393712	-0.00571289	0.9966	34	0	0
23	371430	-0.161304	-0.0750435	30.163	34.0625	-0.000248933	-0.00610808	0.996597	34.0625	0	0
23	371440	-0.170696	-0.0872174	30.1644	34	-7.97766e-05	-0.00643605	0.996239	34	0	0
23	371450	-0.189652	-0.0850435	30.1407	34.0625	-0.000219386	-0.00577568	0.996544	34.0625	0	0
23	371460	-0.155217	-0.083913	30.1597	34.0625	-0.000170633	-0.00624474	0.996346	34.0625	0	0
23	371470	-0.166261	-0.0806087	30.1388	34.0625	-0.000248194	-0.0061982	0.996624	34.0625	0	0
23	371480	-0.17913	-0.0755652	30.172	34.0625	-0.00040627	-0.00626616	0.996908	34.0625	0	0
23	371490	-0.149043	-0.0821739	30.165	34.0625	-9.0118e-05	-0.0061103	0.996748	34.0625	0	0
23	371500	-0.172	-0.0630435	30.1903	34	-0.000123358	-0.00610882	0.996266	34	0	0
23	371510	-0.149304	-0.065913	30.1587	34.0625	-0.000339051	-0.00591381	0.996528	34.0625	0	0
23	371520	-0.159652	-0.0912174	30.1643	34.0625	-0.00015586	-0.00654316	0.996684	34.0625	0	0
23	371530	-0.164087	-0.0997391	30.121	34	-0.000327971	-0.00653134	0.996315	34	0	0
23	371540	-0.162261	-0.0914783	30.1658	34	-0.000163985	-0.00623292	0.996482	34	0	0
23	371550	-0.161739	-0.0791304	30.1597	34.0625	-0.000245978	-0.00626837	0.997	34.0625	0	0
23	371560	-0.15687	-0.0850435	30.1612	34.0625	-6.20485e-05	-0.00611251	0.996988	34.0625	0	0
23	371570	-0.18	-0.0736522	30.1624	34.0625	-0.00010563	-0.00640134	0.996679	34.0625	0	0
23	371580	-0.163304	-0.0947826	30.1755	34.0625	-0.000223079	-0.00627502	0.996696	34.0625	0	0
23	371590	-0.173652	-0.0810435	30.1538	34	-0.000425475	-0.00617309	0.996684	34	0	0
23	371600	-0.176957	-0.0892174	30.145	34.0625	-0.000232682	-0.00605564	0.996567	34.0625	0	0
23	371610	-0.167304	-0.0823478	30.1438	34.0625	-0.000319845	-0.00593376	0.996414	34.0625	0	0
23	371620	-0.168087	-0.104696	30.1628	34.0625	-0.000206828	-0.00596183	0.996329	34.0625	0	0
23	371630	-0.151739	-0.0792174	30.1555	34.0625	-0.000167679	-0.00632895	0.996313	34.0625	0	0
23	371640	-0.172696	-0.0765217	30.1628	34.0625	-0.000696568	-0.00618934	0.996496	34.0625	0	0
23	371650	-0.164087	-0.0826087	30.1651	34.0625	-0.000209783	-0.00643014	0.996723	34.0625	0	0
23	371660	-0.15713	-0.0626957	30.1698	34.0625	-0.000182452	-0.00633633	0.996646	34.0625	0	0
23	371670	-0.150087	-0.0686956	30.1524	34.0625	-0.000589461	-0.00643088	0.996847	34.0625	0	0
23	371680	-0.148	-0.0765217	30.1556	34.0625	-0.000152905	-0.00660078	0.996482	34.0625	0	0
23	371690	-0.16287	-0.066087	30.1666	34	-0.000412918	-0.00621962	0.9967	34	0	0
23	371700	-0.168783	-0.0840869	30.137	34.0625	-0.000296946	-0.00610661	0.996555	34.0625	0	0
23	371710	-0.151391	-0.0725217	30.1676	34.0625	-0.000274786	-0.00643605	0.996565	34.0625	0	0
23	371720	-0.167217	-0.0709565	30.1463	34.0625	-0.000253365	-0.0062632	0.996325	34.0625	0	0
23	371730	-0.177043	-0.0716522	30.1516	34.0625	-0.000158076	-0.00640503	0.996468	34.0625	0	0
23	371740	-0.177217	-0.0731304	30.1409	34.0625	-0.00039519	-0.00605342	0.996946	34.0625	0	0
23	371750	-0.149391	-0.0750435	30.188	34.0625	-0.000323539	-0.00631048	0.996532	34.0625	0	0
23	371760	-0.146	-0.0723478	30.1496	34.0625	-0.000245978	-0.00617973	0.996838	34.0625	0	0
23	371770	-0.149826	-0.0964348	30.1617	34.0625	-0.000286605	-0.00627133	0.996729	34.0625	0	0
23	371780	-0.168174	-0.076	30.1476	34.0625	-0.00013887	-0.00637031	0.996757	34.0625	0	0
23	371790	-0.152522	-0.0706087	30.1625	34.0625	-0.000518548	-0.00594705	0.996422	34.0625	0	0
23	371800	-0.159478	-0.058087	30.1274	34.0625	-0.000156599	-0.0062898	0.997082	34.0625	0	0
23	371810	-0.156261	-0.0843478	30.1725	34.0625	-0.000184668	-0.00640281	0.996578	34.0625	0	0
23	371820	-0.146435	-0.0674783	30.18	34.0625	-0.000415873	-0.00619672	0.997125	34.0625	0	0
23	371830	-0.180348	-0.064087	30.1537	34.0625	-0.00037303	-0.00601796	0.996683	34.0625	0	0
23	371840	-0.16	-0.0818261	30.1445	34.0625	-0.000409225	-0.00614871	0.996296	34.0625	0	0
23	371850	-0.149391	-0.0766957	30.1586	34	-0.000497865	-0.00621371	0.996683	34	0	0
23	371860	-0.168957	-0.0853043	30.1725	34.0625	-0.000535538	-0.00586801	0.996626	34.0625	0	0
23	371870	-0.142087	-0.0850435	30.2026	34.0625	-0.00043951	-0.00622849	0.996821	34.0625	0	0
23	371880	-0.157739	-0.0734783	30.1235	34.0625	-0.000364166	-0.00597143	0.996799	34.0625	0	0
23	371890	-0.173652	-0.0768696	30.1818	34.0625	-0.000412918	-0.00617752	0.996552	34.0625	0	0
23	371900	-0.167304	-0.0535652	30.1753	34.0625	-0.00034496	-0.00587023	0.996791	34.0625	0	0
23	371910	-0.17087	-0.0686087	30.1374	34.0625	-0.00020018	-0.0059958	0.997257	34.0625	0	0
23	371920	-0.165913	-0.0636522	30.1546	34.0625	-0.000364166	-0.00640429	0.996338	34.0625	0	0
23	371930	-0.163304	-0.0706957	30.154	34.0625	-0.000443942	-0.00626837	0.996228	34.0625	0	0
23	371940	-0.157565	-0.0823478	30.1309	34	-8.71634e-05	-0.0060416	0.996539	34	0	0
23	371950	-0.162522	-0.0889565	30.1787	34	-0.000152167	-0.0062898	0.996569	34	0	0
23	371960	-0.168087	-0.0847826	30.1626	34.0625	-0.000170633	-0.00631639	0.99661	34.0625	0	0
23	371970	-0.158174	-0.0913913	30.1454	34	-0.000489001	-0.00639986	0.996737	34	0	0
23	371980	-0.161043	-0.0665217	30.1622	34.0625	-0.000377462	-0.00638213	0.996691	34.0625	0	0
23	371990	-0.13913	-0.0838261	30.1625	34	-0.000237114	-0.00600688	0.99685	34	0	0
23	372000	-0.166957	-0.0907826	30.2023	34.0625	-0.000340528	-0.00609183	0.996612	34.0625	0	0
23	372010	-0.132	-0.0748696	30.1572	34	-0.0001337	-0.00606746	0.996435	34	0	0
23	372020	-0.147652	-0.0911304	30.1759	34	-0.000346437	-0.00596552	0.99619	34	0	0
23	372030	-0.15687	-0.0792174	30.1691	34.0625	-0.000336096	-0.00605268	0.996494	34.0625	0	0
23	372040	-0.166174	-0.0850435	30.1768	34.0625	-0.000432862	-0.006097	0.996431	34.0625	0	0
23	372050	-0.148696	-0.0751304	30.1479	34.0625	-8.86407e-05	-0.00634889	0.996715	34.0625	0	0
23	372060	-0.158261	-0.076	30.1997	34.0625	-0.000262967	-0.00603939	0.996397	34.0625	0	0
23	372070	-0.148783	-0.0757391	30.1484	34.0625	-0.000715035	-0.00630826	0.996554	34.0625	0	0
23	372080	-0.153565	-0.0887826	30.1897	34.0625	-0.000387064	-0.00634815	0.996669	34.0625	0	0
23	372090	-0.164609	-0.0646956	30.1611	34	-0.000375984	-0.00619229	0.997017	34	0	0
23	372100	-0.156522	-0.0765217	30.2053	34.0625	-0.000172849	-0.00599433	0.996833	34.0625	0	0
23	372110	-0.156609	-0.0771304	30.1511	34	-0.000316891	-0.00632451	0.99636	34	0	0
23	372120	-0.154783	-0.0816522	30.1477	34.0625	-0.000302117	-0.00651509	0.99666	34.0625	0	0
23	372130	-0.144174	-0.0891304	30.1761	34.0625	-0.000254103	-0.00605933	0.996715	34.0625	0	0
23	372140	-0.139478	-0.0741739	30.1535	34.0625	-0.000525935	-0.00617382	0.996231	34.0625	0	0
23	372150	-0.161913	-0.0893044	30.1703	34.0625	-0.000480876	-0.00648776	0.996525	34.0625	0	0
23	372160	-0.161565	-0.0906956	30.1439	34.0625	-0.000367859	-0.00632378	0.996815	34.0625	0	0
23	372170	-0.163217	-0.07	30.1807	34.0625	-0.000309504	-0.00635184	0.996561	34.0625	0	0
23	372180	-0.145652	-0.111043	30.1937	34.0625	-0.000297685	-0.00638656	0.996441	34.0625	0	0
23	372190	-0.162522	-0.0677391	30.1838	34.0625	-0.000388542	-0.00593302	0.996819	34.0625	0	0
23	372200	-0.156	-0.0954783	30.1817	34.0625	-0.000355301	-0.00605268	0.996597	34.0625	0	0
23	372210	-0.133043	-0.0743478	30.1643	34.0625	-0.000489001	-0.00652174	0.996358	34.0625	0	0
23	372220	-0.14313	-0.0983478	30.1639	34.0625	-0.000183929	-0.00649736	0.996527	34.0625	0	0
23	372230	-0.160696	-0.0983478	30.1648	34.0625	-0.000188361	-0.00633116	0.996389	34.0625	0	0
23	372240	-0.144522	-0.0597391	30.157	34.0625	-0.000314674	-0.00607706	0.996839	34.0625	0	0
23	372250	-0.163565	-0.0687826	30.1803	34.0625	-0.000382632	-0.00576017	0.996941	34.0625	0	0
23	372260	-0.160087	-0.0795652	30.1336	34.0625	-0.000437294	-0.00608444	0.996823	34.0625	0	0
23	372270	-0.154087	-0.0933913	30.1585	34.0625	-0.000224556	-0.006032	0.996485	34.0625	0	0
23	372280	-0.161652	-0.0845217	30.183	34.0625	-0.000499343	-0.00628315	0.996711	34.0625	0	0
23	372290	-0.16313	-0.0694783	30.1784	34.0625	-0.000382632	-0.00622923	0.996791	34.0625	0	0
23	372300	-0.156783	-0.0923478	30.1562	34.0625	-0.000447636	-0.00593893	0.996412	34.0625	0	0
23	372310	-0.142696	-0.072	30.1494	34.0625	-0.000126313	-0.00601796	0.996273	34.0625	0	0
23	372320	-0.168087	-0.09	30.1507	34.0625	-0.000398144	-0.00607189	0.996372	34.0625	0	0
23	372330	-0.172609	-0.0987826	30.1394	34.0625	-0.00035604	-0.00595592	0.996414	34.0625	0	0
23	372340	-0.157913	-0.094	30.174	34.0625	-0.000339051	-0.00588353	0.99683	34.0625	0	0
23	372350	-0.14113	-0.099913	30.1721	34.0625	-0.000486047	-0.00650918	0.99642	34.0625	0	0
23	372360	-0.139652	-0.0773043	30.1722	34.0625	-0.000263706	-0.00617013	0.996593	34.0625	0	0
23	372370	-0.159826	-0.0843478	30.1746	34	-0.000396667	-0.00624917	0.996531	34	0	0
23	372380	-0.170087	-0.104261	30.167	34.0625	-0.000190577	-0.0059862	0.996618	34.0625	0	0
23	372390	-0.172087	-0.0870435	30.1604	34.0625	-0.000337573	-0.00624326	0.996332	34.0625	0	0
23	372400	-0.166348	-0.0792174	30.1576	34.0625	-0.000398144	-0.00628906	0.996533	34.0625	0	0
23	372410	-0.157652	-0.0897391	30.1679	34.0625	-0.000188361	-0.00636588	0.996508	34.0625	0	0
23	372420	-0.153043	-0.0878261	30.1657	34.0625	-0.000453545	-0.00595148	0.996561	34.0625	0	0
23	372430	-0.12313	-0.0874783	30.1723	34.0625	-0.000216431	-0.00616644	0.996581	34.0625	0	0
23	372440	-0.137043	-0.0843478	30.1654	34.0625	-0.000208306	-0.00588205	0.996697	34.0625	0	0
23	372450	-0.155478	-0.089913	30.1673	34.0625	-0.000471273	-0.00603643	0.996121	34.0625	0	0
23	372460	-0.169391	-0.102957	30.1497	34.0625	-0.00023933	-0.00617309	0.996604	34.0625	0	0
23	372470	-0.160522	-0.0793043	30.1724	34.0625	-0.000395928	-0.0060416	0.996742	34.0625	0	0
23	372480	-0.157043	-0.0916522	30.1531	34.0625	-0.000101198	-0.00623587	0.99673	34.0625	0	0
23	372490	-0.164609	-0.089913	30.1638	34.0625	-0.000452806	-0.00609626	0.996581	34.0625	0	0
23	372500	-0.154957	-0.0718261	30.1545	34.0625	-0.000277002	-0.00595148	0.996243	34.0625	0	0
23	372510	-0.160609	-0.0664348	30.1499	34.0625	-0.000319107	-0.00606229	0.996394	34.0625	0	0
23	372520	-0.177913	-0.0833913	30.1389	34.0625	-0.000454284	-0.00623883	0.996474	34.0625	0	0
23	372530	-0.144435	-0.0870435	30.1535	34.0625	-0.000516332	-0.00639321	0.996912	34.0625	0	0
23	372540	-0.157391	-0.0886087	30.1397	34.0625	-0.000188361	-0.00603348	0.99649	34.0625	0	0
23	372550	-0.168783	-0.0824348	30.1889	34.0625	-0.000497127	-0.00613837	0.996474	34.0625	0	0
23	372560	-0.16087	-0.0868696	30.1613	34.0625	-0.000235637	-0.00632968	0.996142	34.0625	0	0
23	372570	-0.184261	-0.0654783	30.1603	34.0625	-0.000223818	-0.00570477	0.996719	34.0625	0	0
23	372580	-0.169304	-0.0913043	30.1291	34.0625	-0.000397406	-0.00598251	0.996966	34.0625	0	0
23	372590	-0.16713	-0.0733913	30.1604	34.0625	-0.000242285	-0.00608518	0.996463	34.0625	0	0
23	372600	-0.154435	-0.0664348	30.1648	34.0625	-0.00012779	-0.00603865	0.996714	34.0625	0	0
23	372610	-0.161217	-0.0653043	30.1702	34.0625	-0.000304333	-0.00607336	0.996393	34.0625	0	0
23	372620	-0.168348	-0.0851304	30.1497	34.0625	-0.000177281	-0.00624991	0.996768	34.0625	0	0
23	372630	-0.158174	-0.0882609	30.1714	34.0625	-0.000297685	-0.00603865	0.996381	34.0625	0	0
23	372640	-0.172957	-0.074087	30.1794	34.0625	-0.000233421	-0.00622405	0.996774	34.0625	0	0
23	372650	-0.158348	-0.0968696	30.1595	34.0625	-0.000310242	-0.00615536	0.996564	34.0625	0	0
23	372660	-0.158435	-0.0806956	30.1685	34.0625	-0.000371552	-0.00601353	0.996794	34.0625	0	0
23	372670	-0.161652	-0.082087	30.1819	34.0625	-0.000158815	-0.0063681	0.996727	34.0625	0	0
23	372680	-0.161739	-0.0923478	30.1844	34.0625	-0.00035604	-0.0058754	0.996359	34.0625	0	0
23	372690	-0.156696	-0.0812174	30.1611	34.0625	-0.000390019	-0.00618712	0.996768	34.0625	0	0
23	372700	-0.176957	-0.0875652	30.1377	34.0625	-0.000320584	-0.00598916	0.99627	34.0625	0	0
23	372710	-0.16	-0.0877391	30.1503	34.0625	-9.0118e-05	-0.00631639	0.996977	34.0625	0	0
23	372720	-0.160435	-0.0862609	30.1607	34.0625	-0.000248933	-0.00628832	0.996604	34.0625	0	0
23	372730	-0.160174	-0.0695652	30.1577	34.0625	-0.000176543	-0.0061428	0.996327	34.0625	0	0
23	372740	-0.137652	-0.0834783	30.1363	34.0625	-0.000423998	-0.00619451	0.996478	34.0625	0	0
23	372750	-0.158522	-0.0944348	30.1386	34.0625	-0.000301378	-0.00604677	0.996628	34.0625	0	0
23	372760	-0.161652	-0.0747826	30.2033	34.0625	-0.000305072	-0.00617013	0.996347	34.0625	0	0
23	372770	-0.168696	-0.0753913	30.1501	34.0625	-8.71634e-05	-0.00599802	0.996378	34.0625	0	0
23	372780	-0.152522	-0.0986087	30.1992	34.0625	-0.000249671	-0.00636145	0.996813	34.0625	0	0
23	372790	-0.173391	-0.056	30.1528	34.0625	-0.000504513	-0.00601796	0.996738	34.0625	0	0
23	372800	-0.164696	-0.0685217	30.1723	34.0625	-0.000223818	-0.00629866	0.996479	34.0625	0	0
23	372810	-0.167565	-0.0835652	30.1497	34.0625	-0.000429907	-0.00630383	0.996438	34.0625	0	0
23	372820	-0.161739	-0.0606087	30.1508	34.0625	-0.000146257	-0.00614206	0.99657	34.0625	0	0
23	372830	-0.169043	-0.094087	30.1669	34.0625	-0.000286605	-0.00621445	0.996533	34.0625	0	0
23	372840	-0.135478	-0.0811304	30.1538	34.0625	-0.000532583	-0.00642276	0.996343	34.0625	0	0
23	372850	-0.155652	-0.0831304	30.1663	34	-0.000358256	-0.00637179	0.996853	34	0	0
23	372860	-0.173652	-0.0805217	30.1634	34.0625	-0.000156599	-0.00612212	0.996761	34.0625	0	0
23	372870	-0.161739	-0.0850435	30.192	34.0625	-0.000452068	-0.00630826	0.99681	34.0625	0	0
23	372880	-0.177043	-0.091913	30.154	34	-0.000220863	-0.00620633	0.996511	34	0	0
23	372890	-0.152261	-0.0901739	29.1424	34	-3.91496e-05	-0.00655941	0.996783	34	0	0
23	372900	-0.149913	-0.058	26.5851	34.0625	0.000374507	-0.00634298	0.996725	34.0625	0	0
23	372910	-0.12287	-0.0681739	23.6546	34.0625	0.000465364	-0.00653577	0.99655	34.0625	0	0
23	372920	-0.11087	-0.0697391	20.7046	34.0625	0.000497865	-0.00661407	0.996598	34.0625	0	0
23	372930	-0.097913	-0.0894783	17.8757	34.0625	0.000463886	-0.00638878	0.996881	34.0625	0	0
23	372940	-0.0614783	-0.0728696	14.85	34	0.000452806	-0.00651066	0.996624	34	0	0
23	372950	-0.0557391	-0.0830435	11.7989	34	0.000693613	-0.00635849	0.99647	34	0	0
23	372960	-0.0229565	-0.083913	6.46087	34	0.00171815	-0.00712893	0.996581	34	0	0
23	372970	0.00747826	-0.0946087	1.56252	34	0.000446897	-0.00628684	0.996582	34	0	0
23	372980	0.0133913	-0.064087	0.435217	34	0.000164724	-0.00600615	0.996322	34	0	0
23	372990	0.02	-0.0741739	0.162522	34	-0.000110801	-0.00577051	0.996437	34	0	0
23	373000	0.0126087	-0.0585217	0.131826	34	-1.69895e-05	-0.00581483	0.996711	34	0	0
23	373010	0.0291304	-0.0847826	0.0748696	34	-6.94352e-05	-0.00600836	0.996615	34	0	0
23	373020	0.0187826	-0.0907826	0.108261	34.0625	-0.000203135	-0.00572323	0.996429	34.0625	0	0
23	373030	0.02	-0.0871304	0.0453913	34.0625	-2.21602e-05	-0.00590273	0.996145	34.0625	0	0
23	373040	0.0198261	-0.0863478	0.0673044	34	-7.01739e-05	-0.0056959	0.99658	34	0	0
23	373050	0.024087	-0.0547826	0.0843478	34.0625	-0.00015586	-0.00600319	0.996816	34.0625	0	0
23	373060	0.0117391	-0.0924348	0.0942609	34	-2.80696e-05	-0.00581778	0.996563	34	0	0
23	373070	0.0144348	-0.093913	0.0696522	34.0625	-8.42087e-05	-0.00572102	0.996458	34.0625	0	0
23	373080	0.0142609	-0.0924348	0.104261	34.0625	-1.92055e-05	-0.0058333	0.996305	34.0625	0	0
23	373090	0.00330435	-0.0784348	0.0734783	34	-3.02856e-05	-0.00557107	0.996248	34	0	0
23	373100	0.014	-0.0729565	0.062	34.0625	9.75048e-05	-0.00551419	0.996697	34.0625	0	0
23	373110	0.0126957	-0.0892174	0.102696	34	5.76165e-05	-0.00577494	0.996674	34	0	0
23	373120	0.0174783	-0.0897391	0.0917391	34.0625	-5.17071e-06	-0.00595961	0.996513	34.0625	0	0
23	373130	0.0046087	-0.0755652	0.0936522	34.0625	-0.000152167	-0.0061849	0.99643	34.0625	0	0
23	373140	-0.00486956	-0.0837391	0.0998261	34.0625	-6.72192e-05	-0.00590273	0.996832	34.0625	0	0
23	373150	0.0176522	-0.0764348	0.0881739	34.0625	-5.83551e-05	-0.00576682	0.996496	34.0625	0	0
23	373160	0.0150435	-0.0850435	0.0898261	34.0625	-2.88082e-05	-0.00569517	0.996882	34.0625	0	0
23	373170	0.0233043	-0.0717391	0.0815652	34.0625	7.68219e-05	-0.00569295	0.996561	34.0625	0	0
23	373180	0.01	-0.0823478	0.0615652	34.0625	0.000243023	-0.0061199	0.99667	34.0625	0	0
23	373190	0.0176522	-0.0810435	0.073913	34	1.55121e-05	-0.00591972	0.996451	34	0	0
23	373200	0.00495652	-0.096	0.0946087	34.0625	-4.43203e-06	-0.00582591	0.996477	34.0625	0	0
23	373210	0.0134783	-0.0913043	0.0463478	34.0625	-7.38672e-05	-0.0058333	0.996404	34.0625	0	0
23	373220	0.0193913	-0.0773043	0.103391	34.0625	-0.000167679	-0.00584807	0.996273	34.0625	0	0
23	373230	0.00113043	-0.0862609	0.0928696	34.0625	4.21043e-05	-0.00578972	0.996677	34.0625	0	0
23	373240	0.014	-0.0812174	0.106261	34.0625	-3.02856e-05	-0.00546913	0.996672	34.0625	0	0
23	373250	0.0175652	-0.0914783	0.0916522	34.0625	0.000130006	-0.00582369	0.996323	34.0625	0	0
23	373260	-0.00408696	-0.075913	0.0665217	34.0625	2.28988e-05	-0.00619968	0.996629	34.0625	0	0
23	373270	0.0108696	-0.076087	0.106261	34.0625	-7.60833e-05	-0.00572102	0.996579	34.0625	0	0
23	373280	0.0126957	-0.0857391	0.0549565	34.0625	-9.97208e-05	-0.00567744	0.996841	34.0625	0	0
23	373290	0.00747826	-0.0870435	0.127739	34.0625	2.28988e-05	-0.00553266	0.996692	34.0625	0	0
23	373300	0.014087	-0.0667826	0.110174	34.0625	-8.49473e-05	-0.00565897	0.996786	34.0625	0	0
23	373310	0.00782609	-0.0745217	0.039913	34.0625	-0.000170633	-0.00570551	0.996707	34.0625	0	0
23	373320	0.0301739	-0.0791304	0.0641739	34.0625	-0.000180236	-0.00562573	0.996629	34.0625	0	0
23	373330	0.0177391	-0.0938261	0.0717391	34.0625	0	-0.00563903	0.996342	34.0625	0	0
23	373340	0.00652174	-0.0868696	0.0625217	34.0625	-0.000110801	-0.00587171	0.996398	34.0625	0	0
23	373350	0.0215652	-0.0977391	0.0793043	34.0625	0.000224556	-0.00574909	0.996428	34.0625	0	0
23	373360	0.0222609	-0.0726087	0.0747826	34.0625	-0.000162508	-0.0059441	0.996551	34.0625	0	0
23	373370	0.00408696	-0.065913	0.0777391	34.0625	4.87524e-05	-0.00560579	0.996637	34.0625	0	0
23	373380	0.00817391	-0.0886087	0.0731304	34.0625	2.65922e-05	-0.00575352	0.99674	34.0625	0	0
23	373390	0.02	-0.0857391	0.0908696	34	-6.05711e-05	-0.00567818	0.996225	34	0	0
23	373400	0.0245217	-0.072087	0.0873043	34.0625	-2.21602e-06	-0.00601058	0.996222	34.0625	0	0
23	373410	0.0255652	-0.0849565	0.0726087	34.0625	-8.1254e-05	-0.00580449	0.996865	34.0625	0	0
23	373420	0.013913	-0.0825217	0.0666087	34.0625	-0.000254842	-0.00603717	0.996762	34.0625	0	0
23	373430	0.00408696	-0.0731304	0.078	34.0625	7.01739e-05	-0.00580597	0.99651	34.0625	0	0
23	373440	0.02	-0.078087	0.0548696	34.0625	-7.31286e-05	-0.00572323	0.996297	34.0625	0	0
23	373450	0.0251304	-0.0828696	0.0767826	34.0625	-3.69336e-05	-0.00570403	0.996492	34.0625	0	0
23	373460	0.024	-0.0791304	0.0556522	34.0625	-1.47734e-06	-0.00568778	0.996833	34.0625	0	0
23	373470	0.0221739	-0.0854783	0.0844348	34.0625	-0.000113017	-0.00595592	0.996771	34.0625	0	0
23	373480	0.012087	-0.0717391	0.085913	34.0625	1.47734e-06	-0.00585398	0.996865	34.0625	0	0
23	373490	0.016087	-0.0742609	0.0667826	34.0625	5.90938e-06	-0.00608962	0.996826	34.0625	0	0
23	373500	-0.00156522	-0.0933913	0.0727826	34.0625	-0.000135177	-0.00584068	0.99648	34.0625	0	0
23	373510	0.0130435	-0.0650435	0.101304	34.0625	-6.20485e-05	-0.00564346	0.996509	34.0625	0	0
23	373520	0.0150435	-0.0833043	0.114174	34.0625	8.347e-05	-0.00613689	0.996462	34.0625	0	0
23	373530	0.0133913	-0.0866087	0.11113	34.0625	-4.5059e-05	-0.00581114	0.996582	34.0625	0	0
23	373540	0.00852174	-0.0773913	0.0870435	34.0625	-0.000102675	-0.00577051	0.996403	34.0625	0	0
23	373550	0.0222609	-0.0774783	0.0795652	34.0625	-7.23899e-05	-0.00601575	0.996709	34.0625	0	0
23	373560	0.012	-0.0794783	0.0598261	34.0625	3.10242e-05	-0.00608223	0.996695	34.0625	0	0
23	373570	0.0166087	-0.0837391	0.0747826	34.0625	-2.58535e-05	-0.00562721	0.996652	34.0625	0	0
23	373580	0.00834783	-0.0915652	0.0867826	34.0625	0	-0.00558806	0.996796	34.0625	0	0
23	373590	0.02	-0.08	0.0689565	34.0625	-2.65922e-05	-0.00551788	0.996546	34.0625	0	0
23	373600	0.02	-0.0833913	0.0936522	34.0625	-2.58535e-05	-0.00576682	0.996547	34.0625	0	0
23	373610	0.0126087	-0.0840869	0.098	34.0625	-8.7902e-05	-0.00589978	0.996499	34.0625	0	0
