23	544530	-0.354609	-0.0868696	60.2112	34.125	-0.00149433	-0.0075027	0.996516	34.125	0	0
23	544540	-0.347304	-0.0875652	60.2248	34.125	-0.00146036	-0.00711637	0.996437	34.125	0	0
23	544550	-0.339478	-0.0861739	60.2136	34.125	-0.00108585	-0.00763492	0.996552	34.125	0	0
23	544560	-0.335913	-0.0835652	60.2522	34.125	-0.00150172	-0.0074798	0.996692	34.125	0	0
23	544570	-0.329217	-0.061913	60.2093	34.0625	-0.00157633	-0.00741775	0.996734	34.0625	0	0
23	544580	-0.326522	-0.0633043	60.2325	34.125	-0.0014478	-0.00694795	0.996691	34.125	0	0
23	544590	-0.343217	-0.0833913	60.2404	34.125	-0.00109545	-0.00752707	0.996643	34.125	0	0
23	544600	-0.353043	-0.0817391	60.2142	34.0625	-0.00134438	-0.0070462	0.996593	34.0625	0	0
23	544610	-0.347565	-0.061913	60.2154	34.125	-0.00103045	-0.00758395	0.996557	34.125	0	0
23	544620	-0.337043	-0.087913	60.2078	34.125	-0.00110949	-0.00726189	0.996582	34.125	0	0
23	544630	-0.324522	-0.0816522	60.2577	34.125	-0.00114937	-0.00748201	0.996348	34.125	0	0
23	544640	-0.343652	-0.0665217	60.249	34.0625	-0.00108437	-0.00723825	0.996564	34.0625	0	0
23	544650	-0.334956	-0.069913	60.2036	34.125	-0.00118779	-0.00731212	0.996792	34.125	0	0
23	544660	-0.330609	-0.0933043	60.2353	34.0625	-0.00143007	-0.0071895	0.996433	34.0625	0	0
23	544670	-0.344087	-0.0910435	60.2045	34.125	-0.00113903	-0.00726189	0.996222	34.125	0	0
23	544680	-0.334087	-0.0854783	60.2219	34.0625	-0.00133995	-0.00763787	0.996423	34.0625	0	0
23	544690	-0.346	-0.0826087	60.1727	34.125	-0.00128455	-0.00747832	0.996521	34.125	0	0
23	544700	-0.326	-0.083913	60.2238	34.125	-0.00124466	-0.00736974	0.996771	34.125	0	0
23	544710	-0.352348	-0.0829565	60.1639	34.125	-0.00128972	-0.00741258	0.996435	34.125	0	0
23	544720	-0.338522	-0.0685217	60.2312	34.125	-0.00121807	-0.00729808	0.99657	34.125	0	0
23	544730	-0.351304	-0.0662609	60.1978	34.125	-0.00142564	-0.00725376	0.99651	34.125	0	0
23	544740	-0.34	-0.0636522	60.231	34.0625	-0.00138058	-0.00727075	0.996461	34.0625	0	0
23	544750	-0.338522	-0.0855652	60.2577	34.0625	-0.00117375	-0.00719393	0.996683	34.0625	0	0
23	544760	-0.33	-0.0846087	60.1783	34.0625	-0.00138353	-0.00717842	0.996971	34.0625	0	0
23	544770	-0.334087	-0.0887826	60.2687	34.0625	-0.00124762	-0.00744656	0.99683	34.0625	0	0
23	544780	-0.334956	-0.065913	60.2673	34.125	-0.00090709	-0.00753298	0.996434	34.125	0	0
23	544790	-0.337043	-0.0747826	60.2366	34.125	-0.00127495	-0.00736604	0.996547	34.125	0	0
23	544800	-0.334522	-0.083913	60.1963	34.0625	-0.00131114	-0.00760759	0.99648	34.0625	0	0
23	544810	-0.344957	-0.0662609	60.1731	34.0625	-0.00142416	-0.00741849	0.996555	34.0625	0	0
23	544820	-0.339217	-0.0848696	60.2184	34.0625	-0.0010563	-0.00774276	0.996631	34.0625	0	0
23	544830	-0.329217	-0.0698261	60.2451	34.0625	-0.00142416	-0.00758912	0.996451	34.0625	0	0
23	544840	-0.346957	-0.0761739	60.1903	34.125	-0.00126091	-0.0076002	0.996607	34.125	0	0
23	544850	-0.344348	-0.0844348	60.245	34.0625	-0.00132001	-0.00734979	0.996511	34.0625	0	0
23	544860	-0.344609	-0.0663478	60.2386	34.0625	-0.00151059	-0.00720944	0.9966	34.0625	0	0
23	544870	-0.32513	-0.0826087	60.2728	34.125	-0.00143155	-0.00734167	0.996619	34.125	0	0
23	544880	-0.340696	-0.0738261	60.2456	34.125	-0.00107994	-0.00734167	0.996352	34.125	0	0
23	544890	-0.343913	-0.0652174	60.2305	34.125	-0.00121142	-0.00757804	0.996562	34.125	0	0
23	544900	-0.334696	-0.0913043	60.2249	34.0625	-0.00159258	-0.00723604	0.996346	34.0625	0	0
23	544910	-0.346609	-0.0664348	60.2919	34.0625	-0.00121216	-0.00737786	0.996256	34.0625	0	0
23	544920	-0.348696	-0.0977391	60.2323	34.125	-0.00125205	-0.00707796	0.996922	34.125	0	0
23	544930	-0.327913	-0.0672174	60.235	34.125	-0.00123358	-0.00744951	0.996406	34.125	0	0
23	544940	-0.322174	-0.0634783	60.2494	34.125	-0.00118705	-0.0074015	0.99685	34.125	0	0
23	544950	-0.331739	-0.0713913	60.2475	34.125	-0.00127273	-0.00749753	0.996492	34.125	0	0
23	544960	-0.328696	-0.0737391	60.2456	34.125	-0.00144928	-0.0072545	0.99655	34.125	0	0
23	544970	-0.344	-0.0636522	60.2167	34.125	-0.00126756	-0.0071474	0.996384	34.125	0	0
23	544980	-0.340435	-0.063913	60.2255	34.0625	-0.00149286	-0.00760168	0.996647	34.0625	0	0
23	544990	-0.323391	-0.0658261	60.2469	34.125	-0.00152388	-0.00736087	0.9967	34.125	0	0
23	545000	-0.33313	-0.0610435	60.2715	34.0625	-0.00146331	-0.00712893	0.996411	34.0625	0	0
23	545010	-0.36313	-0.0869565	60.2608	34.125	-0.00148769	-0.00745985	0.996496	34.125	0	0
23	545020	-0.340435	-0.0611304	60.2187	34.125	-0.00142564	-0.00764748	0.996407	34.125	0	0
23	545030	-0.347478	-0.080087	60.2594	34.125	-0.00126018	-0.00732615	0.996773	34.125	0	0
23	545040	-0.335739	-0.102522	60.2323	34.0625	-0.00147808	-0.00733797	0.996841	34.0625	0	0
23	545050	-0.321913	-0.0886956	60.2276	34.125	-0.00118852	-0.00753963	0.996463	34.125	0	0
23	545060	-0.340522	-0.0838261	60.1955	34.0625	-0.0013887	-0.00724121	0.99631	34.0625	0	0
23	545070	-0.33513	-0.082087	60.2137	34.0625	-0.00129194	-0.00729144	0.996725	34.0625	0	0
23	545080	-0.330957	-0.0798261	60.2246	34.125	-0.0014707	-0.00741775	0.996703	34.125	0	0
23	545090	-0.350435	-0.086	60.2474	34.125	-0.00159184	-0.00728331	0.996729	34.125	0	0
23	545100	-0.338783	-0.0615652	60.2078	34.125	-0.00139166	-0.00700779	0.99633	34.125	0	0
23	545110	-0.336696	-0.0908696	60.2276	34.0625	-0.00141308	-0.00744065	0.996282	34.0625	0	0
23	545120	-0.336	-0.0725217	60.2343	34.125	-0.00108511	-0.00729587	0.996494	34.125	0	0
23	545130	-0.344435	-0.0825217	60.2223	34.125	-0.00140939	-0.00732985	0.996716	34.125	0	0
23	545140	-0.336522	-0.0813913	60.27	34.125	-0.00128307	-0.00778413	0.996384	34.125	0	0
23	545150	-0.34087	-0.0825217	60.221	34.125	-0.00116932	-0.00755588	0.996663	34.125	0	0
23	545160	-0.335739	-0.076	60.2733	34.125	-0.0013141	-0.00725967	0.99645	34.125	0	0
23	545170	-0.343478	-0.0947826	60.2328	34.125	-0.00106443	-0.00722126	0.996772	34.125	0	0
23	545180	-0.344261	-0.0856522	60.2007	34.125	-0.00136728	-0.00732837	0.996461	34.125	0	0
23	545190	-0.345652	-0.098087	60.249	34.125	-0.00113534	-0.00752707	0.996432	34.125	0	0
23	545200	-0.338522	-0.0992174	60.2243	34.125	-0.00117301	-0.00710898	0.996799	34.125	0	0
23	545210	-0.342783	-0.0733913	60.2202	34.125	-0.00133774	-0.00742883	0.996514	34.125	0	0
23	545220	-0.336261	-0.0681739	60.2277	34.125	-0.00121068	-0.00696347	0.996194	34.125	0	0
23	545230	-0.346609	-0.0753913	60.1744	34.0625	-0.00127643	-0.00694869	0.996292	34.0625	0	0
23	545240	-0.331217	-0.0606087	60.225	34.0625	-0.00115085	-0.00719024	0.996847	34.0625	0	0
23	545250	-0.357913	-0.0896522	60.2157	34.0625	-0.00128603	-0.00720575	0.997076	34.0625	0	0
23	545260	-0.35287	-0.0733043	60.2702	34.125	-0.00125057	-0.00738082	0.996432	34.125	0	0
23	545270	-0.355043	-0.0958261	60.2302	34.0625	-0.0010792	-0.00745099	0.996316	34.0625	0	0
23	545280	-0.343217	-0.0826087	60.2195	34.0625	-0.00127126	-0.00748792	0.996522	34.0625	0	0
23	545290	-0.355391	-0.0650435	60.2457	34.0625	-0.00112721	-0.00731951	0.996594	34.0625	0	0
23	545300	-0.357565	-0.0803478	60.1812	34.125	-0.00121955	-0.00716069	0.996675	34.125	0	0
23	545310	-0.343652	-0.0655652	60.1963	34.0625	-0.00130893	-0.00734536	0.996884	34.0625	0	0
23	545320	-0.325043	-0.0828696	60.2205	34.125	-0.00126387	-0.0073136	0.996546	34.125	0	0
23	545330	-0.342522	-0.0726087	60.2737	34.125	-0.00111318	-0.00742809	0.996466	34.125	0	0
23	545340	-0.337478	-0.0771304	60.2256	34.0625	-0.00112057	-0.007222	0.996733	34.0625	0	0
23	545350	-0.350783	-0.074087	60.2102	34.0625	-0.00113091	-0.00733797	0.99635	34.0625	0	0
23	545360	-0.330522	-0.0677391	60.2412	34.0625	-0.00114273	-0.00745394	0.996698	34.0625	0	0
23	545370	-0.35687	-0.073913	60.2096	34.0625	-0.00136137	-0.00761941	0.996728	34.0625	0	0
23	545380	-0.333217	-0.0758261	60.2058	34.0625	-0.00125574	-0.00732689	0.996842	34.0625	0	0
23	545390	-0.347043	-0.0913913	60.2557	34.0625	-0.00140496	-0.00751969	0.996628	34.0625	0	0
23	545400	-0.324087	-0.086087	60.2581	34.0625	-0.00149064	-0.00723899	0.996204	34.0625	0	0
23	545410	-0.324	-0.0870435	60.2417	34.0625	-0.00104301	-0.00738525	0.996147	34.0625	0	0
23	545420	-0.334609	-0.0724348	60.2097	34.125	-0.00134586	-0.00721905	0.99655	34.125	0	0
23	545430	-0.325478	-0.0751304	60.1913	34.0625	-0.00122324	-0.00735718	0.996592	34.0625	0	0
23	545440	-0.33687	-0.0692174	60.2308	34.125	-0.00134365	-0.00738525	0.996573	34.125	0	0
23	545450	-0.348783	-0.0669565	60.2315	34.0625	-0.00136211	-0.00787129	0.996864	34.0625	0	0
23	545460	-0.345652	-0.0551304	60.1978	34.125	-0.00143598	-0.00735496	0.996568	34.125	0	0
23	545470	-0.350261	-0.064087	60.2673	34.125	-0.00158741	-0.00787499	0.996405	34.125	0	0
23	545480	-0.354174	-0.0542609	60.225	34.125	-0.00139757	-0.00723087	0.99649	34.125	0	0
23	545490	-0.341739	-0.0826087	60.2281	34.125	-0.00110284	-0.00779152	0.996627	34.125	0	0
23	545500	-0.326522	-0.073913	60.2083	34.125	-0.00137467	-0.00754185	0.996197	34.125	0	0
23	545510	-0.325043	-0.0491304	60.2525	34.125	-0.00142638	-0.00750122	0.996378	34.125	0	0
23	545520	-0.33113	-0.0655652	60.2091	34.125	-0.00138575	-0.00745394	0.996803	34.125	0	0
23	545530	-0.333478	-0.0856522	60.2362	34.125	-0.00129415	-0.00752116	0.996533	34.125	0	0
23	545540	-0.332174	-0.0643478	60.2174	34.0625	-0.00117818	-0.0076918	0.996811	34.0625	0	0
23	545550	-0.319478	-0.0746957	60.2307	34.125	-0.00108954	-0.00751599	0.996796	34.125	0	0
23	545560	-0.335913	-0.0746087	60.2177	34.0625	-0.00129268	-0.00706023	0.996764	34.0625	0	0
23	545570	-0.334174	-0.08	60.2293	34.0625	-0.00138353	-0.0073424	0.996638	34.0625	0	0
23	545580	-0.339043	-0.0846957	60.1985	34.125	-0.00141382	-0.00719615	0.996388	34.125	0	0
23	545590	-0.344	-0.0833043	60.2079	34.0625	-0.00144115	-0.00759208	0.996254	34.0625	0	0
23	545600	-0.342261	-0.080087	60.204	34.125	-0.00122767	-0.00772725	0.996672	34.125	0	0
23	545610	-0.337478	-0.0766087	60.2083	34.125	-0.00116267	-0.00721757	0.996697	34.125	0	0
23	545620	-0.33113	-0.0606087	60.2415	34.125	-0.00147439	-0.00677658	0.99626	34.125	0	0
23	545630	-0.332783	-0.0864348	60.201	34.125	-0.00150763	-0.00733354	0.996185	34.125	0	0
23	545640	-0.32887	-0.058087	60.2283	34.125	-0.00140865	-0.00688664	0.996727	34.125	0	0
23	545650	-0.352435	-0.0738261	60.2197	34.125	-0.00144632	-0.00731951	0.996442	34.125	0	0
23	545660	-0.349826	-0.0922609	60.2257	34.125	-0.00115824	-0.00753372	0.99648	34.125	0	0
23	545670	-0.344522	-0.0584348	60.2043	34.125	-0.00144706	-0.00745025	0.996625	34.125	0	0
23	545680	-0.31713	-0.0805217	60.2693	34.0625	-0.00136211	-0.00758912	0.996755	34.0625	0	0
23	545690	-0.32487	-0.0825217	60.1894	34.125	-0.0013562	-0.00755884	0.996478	34.125	0	0
23	545700	-0.34513	-0.0770435	60.2405	34.125	-0.00119443	-0.00771913	0.996488	34.125	0	0
23	545710	-0.354	-0.101304	60.2423	34.125	-0.0011479	-0.00714518	0.996422	34.125	0	0
23	545720	-0.339826	-0.0775652	60.277	34.0625	-0.00147956	-0.0071666	0.996457	34.0625	0	0
23	545730	-0.327913	-0.0873043	60.2835	34.0625	-0.00140496	-0.00734167	0.996514	34.0625	0	0
23	545740	-0.337565	-0.0869565	60.1823	34.125	-0.00141899	-0.00731064	0.996702	34.125	0	0
23	545750	-0.330087	-0.0804348	60.2445	34.0625	-0.00132149	-0.00761424	0.996536	34.0625	0	0
23	545760	-0.343652	-0.082087	60.2155	34.125	-0.00131484	-0.00711785	0.996712	34.125	0	0
23	545770	-0.341913	-0.0814783	60.201	34.125	-0.0013045	-0.00757952	0.996466	34.125	0	0
23	545780	-0.331391	-0.079913	60.2692	34.125	-0.00124836	-0.00721831	0.996289	34.125	0	0
23	545790	-0.342435	-0.0768696	60.2332	34.125	-0.00127938	-0.00749088	0.996695	34.125	0	0
23	545800	-0.34113	-0.0908696	60.2729	34.0625	-0.00132813	-0.00724564	0.99707	34.0625	0	0
23	545810	-0.343913	-0.0926087	60.251	34.125	-0.00106812	-0.00739116	0.99635	34.125	0	0
23	545820	-0.327043	-0.0832174	60.2354	34.125	-0.00125057	-0.0074473	0.996386	34.125	0	0
23	545830	-0.334261	-0.0726957	60.2619	34.125	-0.00143229	-0.00731286	0.996285	34.125	0	0
23	545840	-0.341043	-0.0888696	60.2258	34.125	-0.00130745	-0.00737269	0.996541	34.125	0	0
23	545850	-0.329739	-0.0605217	60.2398	34.125	-0.00136876	-0.00746281	0.996342	34.125	0	0
23	545860	-0.335826	-0.0713044	60.2404	34.0625	-0.0011708	-0.00749014	0.996449	34.0625	0	0
23	545870	-0.345652	-0.0812174	60.2394	34.125	-0.0011479	-0.00767038	0.996424	34.125	0	0
23	545880	-0.362	-0.0673913	60.2493	34.0625	-0.00138723	-0.00739633	0.996751	34.0625	0	0
23	545890	-0.351739	-0.0646956	60.2502	34.0625	-0.00147365	-0.00733797	0.996628	34.0625	0	0
23	545900	-0.335565	-0.0904348	60.2235	34.0625	-0.00145814	-0.0072124	0.99619	34.0625	0	0
23	545910	-0.34687	-0.0846957	60.211	34.125	-0.00122324	-0.00718507	0.996402	34.125	0	0
23	545920	-0.333913	-0.073913	60.2249	34.0625	-0.00113017	-0.00728183	0.996806	34.0625	0	0
23	545930	-0.342087	-0.0673044	60.2109	34.125	-0.000941069	-0.00703807	0.996366	34.125	0	0
23	545940	-0.349217	-0.0984348	60.2147	34.125	-0.00136137	-0.00754923	0.99674	34.125	0	0
23	545950	-0.337826	-0.0671304	60.2031	34.125	-0.00125279	-0.00758764	0.996861	34.125	0	0
23	545960	-0.334174	-0.0813913	60.2504	34.125	-0.00130302	-0.00738746	0.996869	34.125	0	0
23	545970	-0.338174	-0.0728696	60.2233	34.0625	-0.00109028	-0.00761202	0.996864	34.0625	0	0
23	545980	-0.345652	-0.0851304	60.2293	34.125	-0.00100977	-0.00752412	0.996843	34.125	0	0
23	545990	-0.34287	-0.107913	60.227	34.125	-0.00155934	-0.00757435	0.996468	34.125	0	0
23	546000	-0.34687	-0.0807826	60.2361	34.125	-0.00130228	-0.00727888	0.996288	34.125	0	0
23	546010	-0.337217	-0.0673044	60.2012	34.0625	-0.00116489	-0.00712154	0.99671	34.0625	0	0
23	546020	-0.330609	-0.0638261	60.2075	34.125	-0.00123211	-0.0075352	0.996681	34.125	0	0
23	546030	-0.35	-0.066	60.2289	34.125	-0.00128455	-0.00701443	0.996462	34.125	0	0
23	546040	-0.343217	-0.0635652	60.213	34.125	-0.00139757	-0.00765708	0.996399	34.125	0	0
23	546050	-0.32287	-0.0626957	60.182	34.125	-0.00115824	-0.00758617	0.996658	34.125	0	0
23	546060	-0.34313	-0.076087	60.2206	34.125	-0.0013045	-0.00750565	0.996442	34.125	0	0
23	546070	-0.320261	-0.0724348	60.2382	34.125	-0.00127126	-0.00771396	0.99646	34.125	0	0
23	546080	-0.323913	-0.0787826	60.2114	34.125	-0.00130302	-0.00738008	0.997097	34.125	0	0
23	546090	-0.341391	-0.086	60.2375	34.125	-0.00150098	-0.00714887	0.996936	34.125	0	0
23	546100	-0.351217	-0.0910435	60.1848	34.0625	-0.00166571	-0.00737121	0.996601	34.0625	0	0
23	546110	-0.349043	-0.0830435	60.2236	34.125	-0.00147734	-0.00739854	0.996324	34.125	0	0
23	546120	-0.335478	-0.0786087	60.2477	34.0625	-0.00152167	-0.00751599	0.996562	34.0625	0	0
23	546130	-0.328435	-0.07	60.227	34.125	-0.00121068	-0.00760685	0.99651	34.125	0	0
23	546140	-0.317391	-0.0641739	60.2652	34.125	-0.00119074	-0.00755736	0.996271	34.125	0	0
23	546150	-0.328435	-0.0805217	60.2287	34.0625	-0.00146848	-0.00735718	0.996427	34.0625	0	0
23	546160	-0.322087	-0.0743478	60.2111	34.125	-0.00127495	-0.00727371	0.996765	34.125	0	0
23	546170	-0.328609	-0.0632174	60.2706	34.0625	-0.00115528	-0.00721905	0.996279	34.0625	0	0
23	546180	-0.343478	-0.0731304	60.2092	34.125	-0.0013887	-0.00751969	0.996347	34.125	0	0
23	546190	-0.34	-0.082087	60.1976	34.125	-0.00148252	-0.00723751	0.996812	34.125	0	0
23	546200	-0.328783	-0.0738261	60.1951	34.125	-0.00149064	-0.00722791	0.996626	34.125	0	0
23	546210	-0.338174	-0.0710435	60.1629	34.125	-0.00128603	-0.00733945	0.996741	34.125	0	0
23	546220	-0.32287	-0.0852174	60.2145	34.125	-0.00154161	-0.00737417	0.996711	34.125	0	0
23	546230	-0.334348	-0.0930435	60.259	34.125	-0.00121512	-0.00742587	0.996567	34.125	0	0
23	546240	-0.336261	-0.0681739	60.2657	34.125	-0.00152979	-0.00732468	0.996635	34.125	0	0
23	546250	-0.338087	-0.06	60.1947	34.125	-0.00126387	-0.00704841	0.99648	34.125	0	0
23	546260	-0.325304	-0.0722609	60.2205	34.125	-0.00150246	-0.00728405	0.996664	34.125	0	0
23	546270	-0.332	-0.0962609	60.256	34.125	-0.00144448	-0.00727445	0.996564	34.125	0	0
23	546280	-0.326957	-0.0753913	60.2212	34.125	-0.00136654	-0.00714001	0.996635	34.125	0	0
23	546290	-0.341913	-0.0704348	60.2052	34.125	-0.00132149	-0.00714075	0.996467	34.125	0	0
23	546300	-0.348957	-0.0813913	60.2462	34.125	-0.00140126	-0.00747906	0.996588	34.125	0	0
23	546310	-0.316522	-0.0856522	60.1989	34.125	-0.00127569	-0.0074111	0.996548	34.125	0	0
23	546320	-0.352957	-0.0788696	60.2271	34.125	-0.00175952	-0.00739411	0.996626	34.125	0	0
23	546330	-0.33513	-0.103565	60.2699	34.0625	-0.00156894	-0.00684602	0.996295	34.0625	0	0
23	546340	-0.334696	-0.077913	60.2265	34.0625	-0.00137393	-0.00750861	0.996562	34.0625	0	0
23	546350	-0.336348	-0.0751304	60.2056	34.125	-0.00141973	-0.00747537	0.996454	34.125	0	0
23	546360	-0.345739	-0.0777391	60.2242	34.125	-0.00148547	-0.00731803	0.996332	34.125	0	0
23	546370	-0.321565	-0.0669565	60.1368	34.125	-0.00117006	-0.00732246	0.996804	34.125	0	0
23	546380	-0.330696	-0.0624348	60.2357	34.125	-0.00147513	-0.007157	0.996734	34.125	0	0
23	546390	-0.330522	-0.0688696	60.2259	34.125	-0.00119222	-0.00734462	0.996349	34.125	0	0
23	546400	-0.34487	-0.0575652	60.243	34.125	-0.00111835	-0.00743548	0.996596	34.125	0	0
23	546410	-0.336696	-0.0802609	60.238	34.125	-0.00130671	-0.00783436	0.996641	34.125	0	0
23	546420	-0.337217	-0.0747826	60.2251	34.125	-0.00136285	-0.00730916	0.996455	34.125	0	0
23	546430	-0.330783	-0.0756522	60.1906	34.125	-0.00120034	-0.00737195	0.996662	34.125	0	0
23	546440	-0.350348	-0.070087	60.2476	34.125	-0.00139535	-0.00704694	0.996596	34.125	0	0
23	546450	-0.351565	-0.0817391	60.1967	34.125	-0.00124466	-0.0076364	0.996613	34.125	0	0
23	546460	-0.336087	-0.0667826	60.1814	34.125	-0.00107772	-0.00751156	0.99648	34.125	0	0
23	546470	-0.341304	-0.0845217	60.2157	34.125	-0.00135842	-0.00723456	0.996493	34.125	0	0
23	546480	-0.341565	-0.0574783	60.2004	34.125	-0.00129637	-0.00719393	0.996656	34.125	0	0
23	546490	-0.340783	-0.0986087	60.2255	34.125	-0.00137984	-0.00707353	0.99675	34.125	0	0
23	546500	-0.33887	-0.0866087	60.243	34.125	-0.00129711	-0.00724121	0.996691	34.125	0	0
23	546510	-0.32	-0.0854783	60.2001	34.125	-0.00125796	-0.007434	0.996463	34.125	0	0
23	546520	-0.336435	-0.0728696	60.2421	34.125	-0.00150541	-0.00743843	0.996403	34.125	0	0
23	546530	-0.348261	-0.0847826	60.2367	34.125	-0.00120921	-0.0075315	0.996824	34.125	0	0
23	546540	-0.344261	-0.0566957	60.1785	34.125	-0.00112057	-0.0073461	0.996674	34.125	0	0
23	546550	-0.339652	-0.0783478	60.2188	34.125	-0.00135399	-0.00745173	0.996133	34.125	0	0
23	546560	-0.364956	-0.0764348	60.2164	34.125	-0.00128234	-0.00726115	0.996477	34.125	0	0
23	546570	-0.329739	-0.09	60.2246	34.125	-0.00143672	-0.00720575	0.996746	34.125	0	0
23	546580	-0.346522	-0.0772174	60.2504	34.125	-0.00118557	-0.00751969	0.996434	34.125	0	0
23	546590	-0.32913	-0.0829565	60.1881	34.0625	-0.00145223	-0.0077797	0.996466	34.0625	0	0
23	546600	-0.354696	-0.0902609	60.2239	34.0625	-0.00106369	-0.0076779	0.996236	34.0625	0	0
23	546610	-0.32687	-0.080087	60.2418	34.125	-0.00124688	-0.00721461	0.996194	34.125	0	0
23	546620	-0.325391	-0.066	60.2153	34.125	-0.00127643	-0.00748497	0.996724	34.125	0	0
23	546630	-0.338	-0.067913	60.2251	34.125	-0.00135916	-0.00742735	0.996533	34.125	0	0
23	546640	-0.33687	-0.0763478	60.2143	34.0625	-0.00115307	-0.00742809	0.996551	34.0625	0	0
23	546650	-0.33287	-0.0684348	60.2295	34.125	-0.00143155	-0.007581	0.996081	34.125	0	0
23	546660	-0.329826	-0.100522	60.1947	34.125	-0.00156746	-0.00753446	0.996413	34.125	0	0
23	546670	-0.33287	-0.0686087	60.1972	34.125	-0.00133183	-0.007646	0.996713	34.125	0	0
23	546680	-0.344957	-0.0641739	60.2357	34.125	-0.00158002	-0.0077147	0.996252	34.125	0	0
23	546690	-0.338087	-0.0736522	60.2012	34.125	-0.00140422	-0.00700335	0.996386	34.125	0	0
23	546700	-0.319652	-0.084	60.2079	34.125	-0.00109914	-0.00734905	0.996918	34.125	0	0
23	546710	-0.343043	-0.0794783	60.2696	34.125	-0.00134365	-0.00734388	0.996416	34.125	0	0
23	546720	-0.340174	-0.0655652	60.1731	34.125	-0.00139831	-0.00737195	0.99648	34.125	0	0
23	546730	-0.343739	-0.0704348	60.2245	34.125	-0.00153644	-0.00716882	0.996065	34.125	0	0
23	546740	-0.325565	-0.0634783	60.2692	34.125	-0.00156894	-0.00764231	0.996378	34.125	0	0
23	546750	-0.347391	-0.0747826	60.2668	34.125	-0.00118557	-0.00724785	0.996641	34.125	0	0
23	546760	-0.326957	-0.0596522	60.2341	34.125	-0.00142859	-0.00745394	0.996182	34.125	0	0
23	546770	-0.334	-0.0763478	60.2128	34.125	-0.0012912	-0.00712376	0.996449	34.125	0	0
23	546780	-0.327739	-0.0708696	60.1795	34.125	-0.00158371	-0.00722939	0.996418	34.125	0	0
23	546790	-0.343652	-0.0816522	60.2381	34.125	-0.00139757	-0.00741701	0.996761	34.125	0	0
23	546800	-0.332087	-0.0694783	60.1757	34.125	-0.00154973	-0.00739485	0.996825	34.125	0	0
23	546810	-0.335043	-0.0745217	60.1763	34.125	-0.0014899	-0.00738525	0.99657	34.125	0	0
23	546820	-0.328609	-0.0652174	60.1893	34.125	-0.00156968	-0.00757065	0.996624	34.125	0	0
23	546830	-0.347739	-0.0737391	60.2163	34.125	-0.0014803	-0.00709643	0.996388	34.125	0	0
23	546840	-0.338348	-0.0676522	60.223	34.125	-0.00116563	-0.00736604	0.996763	34.125	0	0
23	546850	-0.323478	-0.0723478	60.2123	34.125	-0.00134586	-0.0077664	0.996667	34.125	0	0
23	546860	-0.348522	-0.0842609	60.2079	34.125	-0.00161843	-0.00724933	0.996529	34.125	0	0
23	546870	-0.333565	-0.0854783	60.2187	34.125	-0.00133626	-0.00698119	0.996896	34.125	0	0
23	546880	-0.351565	-0.0736522	60.2163	34.125	-0.00136063	-0.00701813	0.996447	34.125	0	0
23	546890	-0.345043	-0.0692174	60.22	34.125	-0.00123949	-0.00719541	0.996863	34.125	0	0
23	546900	-0.319478	-0.0698261	60.179	34.125	-0.00142416	-0.00730326	0.996793	34.125	0	0
23	546910	-0.333652	-0.0764348	60.2243	34.125	-0.00130228	-0.00741849	0.996752	34.125	0	0
23	546920	-0.322087	-0.0746087	60.2363	34.125	-0.00142268	-0.00732468	0.996819	34.125	0	0
23	546930	-0.346696	-0.0769565	60.1766	34.125	-0.00151132	-0.00753003	0.996596	34.125	0	0
23	546940	-0.33913	-0.0698261	60.1776	34.125	-0.00127938	-0.00725376	0.996449	34.125	0	0
23	546950	-0.32287	-0.0786956	60.1943	34.125	-0.00142342	-0.00721535	0.996608	34.125	0	0
23	546960	-0.351304	-0.0753043	60.2102	34.125	-0.0011442	-0.00738894	0.996449	34.125	0	0
23	546970	-0.332522	-0.0872174	60.2116	34.125	-0.00127495	-0.007434	0.996559	34.125	0	0
23	546980	-0.339478	-0.0850435	60.2453	34.125	-0.00151945	-0.00707205	0.996729	34.125	0	0
23	546990	-0.339565	-0.0911304	60.213	34.0625	-0.00132222	-0.0074015	0.996514	34.0625	0	0
23	547000	-0.322609	-0.0867826	60.1928	34.125	-0.000963229	-0.00717473	0.996785	34.125	0	0
23	547010	-0.345565	-0.0746087	60.199	34.125	-0.000705432	-0.00704767	0.997152	34.125	0	0
23	547020	-0.349913	-0.073913	60.2483	34.125	-0.0012683	-0.00719098	0.996643	34.125	0	0
23	547030	-0.351391	-0.064087	60.2156	34.125	-0.00124245	-0.00755366	0.996421	34.125	0	0
23	547040	-0.326201	-0.0941739	60.1866	34.125	-0.00119665	-0.00733576	0.996954	34.125	0	0
23	547050	-0.31313	-0.0755652	60.1812	34.125	-0.0012683	-0.00716291	0.996434	34.125	0	0
23	547060	-0.306348	-0.0782609	60.2434	34.125	-0.00140569	-0.00757213	0.996788	34.125	0	0
23	547070	-0.339826	-0.0711304	60.1719	34.125	-0.0013562	-0.00779521	0.996446	34.125	0	0
23	547080	-0.336609	-0.0862609	60.2007	34.125	-0.00141308	-0.00748128	0.99633	34.125	0	0
23	547090	-0.334087	-0.0745217	60.2364	34.125	-0.00148178	-0.00729291	0.996742	34.125	0	0
23	547100	-0.326522	-0.0835652	60.1907	34.125	-0.00121585	-0.00708091	0.996463	34.125	0	0
23	547110	-0.338348	-0.0683478	60.2036	34.125	-0.0012358	-0.0072545	0.996147	34.125	0	0
23	547120	-0.333043	-0.0802609	60.163	34.125	-0.00119591	-0.00761867	0.996691	34.125	0	0
23	547130	-0.329652	-0.0673044	60.1727	34.125	-0.00114051	-0.00738451	0.996287	34.125	0	0
23	547140	-0.329913	-0.0912174	60.1734	34.125	-0.0013599	-0.0070196	0.996434	34.125	0	0
23	547150	-0.340609	-0.0945217	60.2085	34.125	-0.00127495	-0.007581	0.996476	34.125	0	0
23	547160	-0.35287	-0.0874236	60.2283	34.125	-0.00140865	-0.007287	0.996519	34.125	0	0
23	547170	-0.333739	-0.0612174	60.2397	34.125	-0.00115159	-0.00716882	0.996417	34.125	0	0
23	547180	-0.345043	-0.0886087	60.2467	34.125	-0.00131779	-0.00728848	0.996596	34.125	0	0
23	547190	-0.345217	-0.0697391	60.2495	34.125	-0.00105039	-0.00742883	0.996433	34.125	0	0
23	547200	-0.326957	-0.0845217	60.1788	34.125	-0.00120699	-0.00742292	0.996523	34.125	0	0
23	547210	-0.344435	-0.0827826	60.2337	34.125	-0.00139092	-0.00752633	0.996696	34.125	0	0
23	547220	-0.349217	-0.0678261	60.2279	34.125	-0.00113829	-0.00760168	0.996706	34.125	0	0
23	547230	-0.338609	-0.0686087	60.2161	34.125	-0.00133257	-0.0074761	0.996711	34.125	0	0
23	547240	-0.342	-0.0796522	60.221	34.125	-0.00101198	-0.00792374	0.996454	34.125	0	0
23	547250	-0.334	-0.0678261	60.1931	34.125	-0.0014478	-0.00769253	0.996463	34.125	0	0
23	547260	-0.340783	-0.0768696	60.2033	34.125	-0.00127864	-0.00776271	0.996689	34.125	0	0
23	547270	-0.345304	-0.0768696	60.2374	34.125	-0.00105335	-0.00740224	0.996336	34.125	0	0
23	547280	-0.333826	-0.0672174	60.201	34.125	-0.00125944	-0.0075581	0.996795	34.125	0	0
23	547290	-0.352	-0.0793043	60.2043	34.125	-0.00135399	-0.00736604	0.996665	34.125	0	0
23	547300	-0.316696	-0.0587826	60.215	34.125	-0.00138206	-0.00711268	0.996802	34.125	0	0
23	547310	-0.347565	-0.0890435	60.1858	34.125	-0.00126978	-0.0074111	0.996583	34.125	0	0
23	547320	-0.334	-0.0824348	60.2405	34.125	-0.00136433	-0.00753963	0.996615	34.125	0	0
23	547330	-0.350348	-0.0743478	60.2053	34.125	-0.00143081	-0.00736309	0.996584	34.125	0	0
23	547340	-0.357043	-0.0917391	60.217	34.125	-0.00119517	-0.00738968	0.997034	34.125	0	0
23	547350	-0.336087	-0.088087	60.2227	34.125	-0.00137024	-0.00731951	0.99664	34.125	0	0
23	547360	-0.333826	-0.0709565	60.1937	34.125	-0.00150394	-0.00704103	0.996279	34.125	0	0
23	547370	-0.344696	-0.102957	60.2025	34.125	-0.0017935	-0.00719393	0.99687	34.125	0	0
23	547380	-0.344261	-0.0622609	60.1927	34.125	-0.00155638	-0.00726263	0.996667	34.125	0	0
23	547390	-0.335913	-0.0827826	60.2066	34.125	-0.00152314	-0.00736013	0.996638	34.125	0	0
23	547400	-0.329739	-0.0722609	60.1966	34.125	-0.00157116	-0.0074473	0.996245	34.125	0	0
23	547410	-0.319739	-0.0804348	60.2152	34.125	-0.00139978	-0.00721018	0.996664	34.125	0	0
23	547420	-0.337391	-0.0957391	60.2201	34.125	-0.00147882	-0.00757804	0.996521	34.125	0	0
23	547430	-0.322957	-0.095913	60.1749	34.125	-0.0011996	-0.00754923	0.996401	34.125	0	0
23	547440	-0.351739	-0.0801739	60.2186	34.125	-0.00166423	-0.00740593	0.996323	34.125	0	0
23	547450	-0.335565	-0.0778261	60.2161	34.125	-0.00157263	-0.0071666	0.996703	34.125	0	0
23	547460	-0.327652	-0.0706087	60.2054	34.125	-0.00139905	-0.00733576	0.996555	34.125	0	0
23	547470	-0.318087	-0.0842609	60.212	34.125	-0.00157485	-0.00741258	0.996713	34.125	0	0
23	547480	-0.364348	-0.0827826	60.1982	34.125	-0.0012491	-0.00723234	0.996575	34.125	0	0
23	547490	-0.330522	-0.0881739	60.2505	34.125	-0.00122103	-0.00700188	0.996707	34.125	0	0
23	547500	-0.334	-0.0816522	60.187	34.125	-0.00130967	-0.00740224	0.996412	34.125	0	0
23	547510	-0.330435	-0.0856522	60.2232	34.125	-0.00144558	-0.00737195	0.996604	34.125	0	0
23	547520	-0.309565	-0.0742609	60.1977	34.125	-0.0011804	-0.00690659	0.99661	34.125	0	0
23	547530	-0.334609	-0.0604348	60.2107	34.0625	-0.00119074	-0.0070883	0.99646	34.0625	0	0
23	547540	-0.326522	-0.0846087	60.2022	34.125	-0.0013333	-0.00754849	0.996529	34.125	0	0
23	547550	-0.321913	-0.0725217	60.2364	34.125	-0.00147144	-0.00714296	0.996533	34.125	0	0
23	547560	-0.346	-0.0791304	60.2136	34.125	-0.00114273	-0.00728922	0.996591	34.125	0	0
23	547570	-0.327217	-0.0767826	60.2292	34.125	-0.00135768	-0.00740667	0.996427	34.125	0	0
23	547580	-0.334435	-0.0805217	60.2075	34.125	-0.00107181	-0.00730326	0.996485	34.125	0	0
23	547590	-0.347913	-0.0725217	60.2165	34.125	-0.00140348	-0.00719689	0.996592	34.125	0	0
23	547600	-0.343043	-0.0915652	60.2141	34.125	-0.00116636	-0.00729365	0.996859	34.125	0	0
23	547610	-0.340348	-0.0746957	60.2116	34.125	-0.00116193	-0.0073919	0.996762	34.125	0	0
23	547620	-0.340696	-0.0735652	60.2127	34.125	-0.00132075	-0.00748275	0.996423	34.125	0	0
23	547630	-0.351652	-0.0753913	60.1909	34.125	-0.00128603	-0.00746355	0.996602	34.125	0	0
23	547640	-0.366348	-0.0817391	60.2096	34.125	-0.00132961	-0.00749679	0.996234	34.125	0	0
23	547650	-0.329043	-0.0687826	60.2272	34.125	-0.00109619	-0.00682681	0.996419	34.125	0	0
23	547660	-0.335565	-0.0762609	60.1998	34.125	-0.00140791	-0.0072087	0.996705	34.125	0	0
23	547670	-0.347913	-0.0744348	60.2163	34.125	-0.00141456	-0.00727888	0.996296	34.125	0	0
23	547680	-0.334522	-0.0755652	60.2127	34.125	-0.000924079	-0.00723973	0.99687	34.125	0	0
23	547690	-0.337478	-0.0873913	60.1611	34.125	-0.00132518	-0.0073557	0.996868	34.125	0	0
23	547700	-0.329565	-0.0722609	60.1819	34.125	-0.00133404	-0.00724342	0.996625	34.125	0	0
23	547710	-0.345739	-0.072087	60.2532	34.125	-0.00130302	-0.00739633	0.996733	34.125	0	0
23	547720	-0.331652	-0.0570435	60.221	34.125	-0.000862769	-0.00738082	0.996587	34.125	0	0
23	547730	-0.329913	-0.0757391	60.1952	34.125	-0.00146405	-0.0072028	0.996702	34.125	0	0
23	547740	-0.336957	-0.0730435	60.2105	34.125	-0.00134512	-0.00732098	0.996463	34.125	0	0
23	547750	-0.34	-0.060087	60.2049	34.125	-0.00131041	-0.00759208	0.99608	34.125	0	0
23	547760	-0.343913	-0.0584348	60.2523	34.125	-0.00115455	-0.00771987	0.996544	34.125	0	0
23	547770	-0.334696	-0.0755652	60.1962	34.125	-0.00135546	-0.00744139	0.996639	34.125	0	0
23	547780	-0.323652	-0.072087	60.2403	34.125	-0.00137689	-0.00754554	0.996695	34.125	0	0
23	547790	-0.339826	-0.0753043	60.2242	34.125	-0.00111613	-0.00742292	0.996471	34.125	0	0
23	547800	-0.344087	-0.0892174	60.2323	34.125	-0.0013008	-0.00746059	0.996827	34.125	0	0
23	547810	-0.325043	-0.075913	60.2084	34.125	-0.00120034	-0.00723604	0.996607	34.125	0	0
23	547820	-0.343478	-0.0493913	60.2522	34.125	-0.00142342	-0.00756622	0.996185	34.125	0	0
23	547830	-0.355043	-0.0774783	60.1766	34.125	-0.00135103	-0.00732911	0.99659	34.125	0	0
23	547840	-0.33513	-0.0670435	60.2194	34.125	-0.00137762	-0.00737564	0.996598	34.125	0	0
23	547850	-0.353043	-0.0765217	60.233	34.125	-0.00144706	-0.00713853	0.996561	34.125	0	0
23	547860	-0.354087	-0.0856522	60.157	34.125	-0.00107329	-0.00780481	0.9965	34.125	0	0
23	547870	-0.333565	-0.0776522	60.2243	34.0625	-0.00116045	-0.00749679	0.996448	34.0625	0	0
23	547880	-0.320609	-0.0591304	60.1943	34.125	-0.00157928	-0.00703955	0.996864	34.125	0	0
23	547890	-0.347304	-0.0677391	60.2092	34.125	-0.00143598	-0.00730104	0.996683	34.125	0	0
23	547900	-0.342435	-0.0674783	60.1846	34.125	-0.00117818	-0.00731581	0.996494	34.125	0	0
23	547910	-0.334174	-0.0895652	60.2424	34.125	-0.00145666	-0.00734314	0.996369	34.125	0	0
23	547920	-0.347739	-0.068087	60.2196	34.125	-0.00149064	-0.00715847	0.996526	34.125	0	0
23	547930	-0.342261	-0.0794783	60.2279	34.125	-0.0013333	-0.00738082	0.996792	34.125	0	0
23	547940	-0.334783	-0.0851304	60.1761	34.0625	-0.00121807	-0.00762015	0.996511	34.0625	0	0
23	547950	-0.332783	-0.0655652	60.2458	34.125	-0.00125279	-0.0076881	0.996615	34.125	0	0
23	547960	-0.338783	-0.0873913	60.1755	34.125	-0.00126091	-0.00735053	0.996795	34.125	0	0
23	547970	-0.327826	-0.0797391	60.2194	34.125	-0.00152684	-0.00727445	0.99675	34.125	0	0
23	547980	-0.318522	-0.0693043	60.2339	34.125	-0.00142342	-0.00758321	0.99687	34.125	0	0
23	547990	-0.343391	-0.0770435	60.2644	34.125	-0.00142712	-0.00736826	0.996381	34.125	0	0
23	548000	-0.336522	-0.0769565	60.2256	34.125	-0.0013237	-0.00751895	0.996545	34.125	0	0
23	548010	-0.336957	-0.0737391	60.2048	34.0625	-0.00120477	-0.00692653	0.996327	34.0625	0	0
23	548020	-0.338957	-0.0749565	60.2233	34.125	-0.00136211	-0.00731803	0.996322	34.125	0	0
23	548030	-0.334435	-0.0789565	60.2397	34.0625	-0.00132887	-0.00714296	0.996824	34.0625	0	0
23	548040	-0.327652	-0.0606087	60.2136	34.125	-0.00138279	-0.00729661	0.996519	34.125	0	0
23	548050	-0.344261	-0.0795652	60.1864	34.125	-0.00136359	-0.00691471	0.996716	34.125	0	0
23	548060	-0.328435	-0.0815652	60.2129	34.125	-0.00145371	-0.00735718	0.996581	34.125	0	0
23	548070	-0.336435	-0.10513	60.2708	34.125	-0.00133774	-0.00729808	0.996642	34.125	0	0
23	548080	-0.342087	-0.0918261	60.2054	34.125	-0.00131114	-0.00723308	0.996284	34.125	0	0
23	548090	-0.340174	-0.0726087	60.2026	34.125	-0.00153939	-0.0069871	0.996555	34.125	0	0
23	548100	-0.328	-0.0987826	60.2352	34.125	-0.00174548	-0.00714149	0.996575	34.125	0	0
23	548110	-0.345391	-0.0764348	60.1753	34.125	-0.00133183	-0.00725967	0.996533	34.125	0	0
23	548120	-0.333391	-0.0741739	60.2261	34.0625	-0.00126239	-0.00728922	0.996714	34.0625	0	0
23	548130	-0.343913	-0.0730435	60.2375	34.125	-0.0012491	-0.00684749	0.996689	34.125	0	0
23	548140	-0.336609	-0.0655652	60.2391	34.125	-0.00118483	-0.00754406	0.996417	34.125	0	0
23	548150	-0.340087	-0.0666957	60.2023	34.125	-0.00116415	-0.00754554	0.996482	34.125	0	0
23	548160	-0.344174	-0.0847826	60.1701	34.125	-0.00143746	-0.00729808	0.996172	34.125	0	0
23	548170	-0.336957	-0.0613043	60.2613	34.125	-0.00133847	-0.00715257	0.99648	34.125	0	0
23	548180	-0.342956	-0.0573043	60.2103	34.125	-0.00155417	-0.00728109	0.996793	34.125	0	0
23	548190	-0.350783	-0.0937391	60.203	34.125	-0.0012129	-0.00750122	0.996698	34.125	0	0
23	548200	-0.334609	-0.0774783	60.2085	34.125	-0.00111835	-0.00746133	0.996601	34.125	0	0
23	548210	-0.346696	-0.0783478	60.2211	34.125	-0.00140643	-0.00754111	0.996689	34.125	0	0
23	548220	-0.316087	-0.07	60.1996	34.125	-0.00133478	-0.00697307	0.996788	34.125	0	0
23	548230	-0.336609	-0.0873913	60.2531	34.0625	-0.00124688	-0.00699006	0.996415	34.0625	0	0
23	548240	-0.316348	-0.0727826	60.201	34.125	-0.00135325	-0.00703733	0.996256	34.125	0	0
23	548250	-0.32487	-0.0763478	60.1887	34.125	-0.00131558	-0.00722865	0.996497	34.125	0	0
23	548260	-0.338696	-0.0743478	60.1852	34.125	-0.00121216	-0.00756696	0.996822	34.125	0	0
23	548270	-0.343304	-0.0906956	60.1829	34.125	-0.00145075	-0.00722274	0.99653	34.125	0	0
23	548280	-0.338696	-0.084	60.2302	34.125	-0.00134291	-0.00734979	0.996764	34.125	0	0
23	548290	-0.340609	-0.0928696	60.2121	34.125	-0.00115602	-0.0071991	0.996611	34.125	0	0
23	548300	-0.349826	-0.0668696	60.213	34.125	-0.000942546	-0.00739707	0.99677	34.125	0	0
23	548310	-0.328261	-0.0936522	60.2205	34.125	-0.00127273	-0.00726854	0.996754	34.125	0	0
23	548320	-0.348522	-0.0953043	60.2604	34.125	-0.00144115	-0.00736161	0.997037	34.125	0	0
23	548330	-0.330261	-0.0698261	60.2491	34.125	-0.00132739	-0.00748792	0.996501	34.125	0	0
23	548340	-0.34	-0.0653913	60.1923	34.125	-0.00147513	-0.00706983	0.996381	34.125	0	0
23	548350	-0.339913	-0.0902609	60.2243	34.125	-0.00152167	-0.00727666	0.996318	34.125	0	0
23	548360	-0.35	-0.0613043	60.2111	34.125	-0.00108806	-0.00735718	0.996771	34.125	0	0
23	548370	-0.346348	-0.0791304	60.2207	34.125	-0.00154826	-0.00711489	0.99645	34.125	0	0
23	548380	-0.333565	-0.071913	60.253	34.125	-0.00103045	-0.00783288	0.996501	34.125	0	0
23	548390	-0.326087	-0.0610435	60.2236	34.125	-0.00122915	-0.00748866	0.995909	34.125	0	0
23	548400	-0.324522	-0.0762609	60.2183	34.125	-0.00153201	-0.00736752	0.996566	34.125	0	0
23	548410	-0.347652	-0.0733913	60.1956	34.125	-0.00124171	-0.00736974	0.996407	34.125	0	0
23	548420	-0.339391	-0.0610435	60.2587	34.125	-0.00129489	-0.00726337	0.996776	34.125	0	0
23	548430	-0.330696	-0.0656522	60.2114	34.125	-0.00107255	-0.00733059	0.996669	34.125	0	0
23	548440	-0.334956	-0.082087	60.2216	34.125	-0.00116563	-0.00741479	0.997133	34.125	0	0
23	548450	-0.344087	-0.0585217	60.2471	34.125	-0.00147365	-0.00748201	0.996681	34.125	0	0
23	548460	-0.326435	-0.0555652	60.2331	34.125	-0.00160292	-0.00728922	0.996489	34.125	0	0
23	548470	-0.349304	-0.0621739	60.2177	34.125	-0.00132222	-0.00765486	0.996705	34.125	0	0
23	548480	-0.339652	-0.0686087	60.2025	34.125	-0.00122029	-0.00731655	0.996759	34.125	0	0
23	548490	-0.342435	-0.0630435	60.2264	34.125	-0.00128086	-0.00739633	0.996065	34.125	0	0
23	548500	-0.326522	-0.0866087	60.2113	34.125	-0.00153496	-0.00783362	0.996668	34.125	0	0
23	548510	-0.340348	-0.0636522	60.2205	34.125	-0.00165167	-0.007222	0.996453	34.125	0	0
23	548520	-0.340957	-0.0558261	60.2154	34.125	-0.00136285	-0.0073099	0.996867	34.125	0	0
23	548530	-0.329217	-0.0824348	60.2257	34.125	-0.00117153	-0.00701665	0.996699	34.125	0	0
23	548540	-0.322609	-0.058087	60.1763	34.125	-0.00143302	-0.00730473	0.996562	34.125	0	0
23	548550	-0.347826	-0.0691304	60.1991	34.125	-0.00135768	-0.00735718	0.996309	34.125	0	0
23	548560	-0.337391	-0.0672174	60.1685	34.125	-0.00134882	-0.00708978	0.996224	34.125	0	0
23	548570	-0.322522	-0.0848696	60.2092	34.125	-0.00129932	-0.00745173	0.996649	34.125	0	0
23	548580	-0.321565	-0.0846957	60.3015	34.125	-0.00144263	-0.00761867	0.996252	34.125	0	0
23	548590	-0.338348	-0.0694783	60.2223	34.125	-0.00146553	-0.00723456	0.996671	34.125	0	0
23	548600	-0.354261	-0.0883478	60.2371	34.125	-0.00138427	-0.0071245	0.996737	34.125	0	0
23	548610	-0.331304	-0.0696522	60.2172	34.125	-0.00134217	-0.00746133	0.996218	34.125	0	0
23	548620	-0.325826	-0.0613913	60.2409	34.125	-0.00116563	-0.00740445	0.996624	34.125	0	0
23	548630	-0.331304	-0.0784348	60.2263	34.125	-0.00161622	-0.0072678	0.996253	34.125	0	0
23	548640	-0.327217	-0.0694783	60.2016	34.125	-0.001467	-0.00734093	0.996944	34.125	0	0
23	548650	-0.335304	-0.0573913	60.228	34.125	-0.00172775	-0.00747463	0.996746	34.125	0	0
23	548660	-0.34513	-0.0666957	60.2377	34.125	-0.00132961	-0.00756179	0.996419	34.125	0	0
23	548670	-0.316261	-0.0866087	60.2103	34.125	-0.00136581	-0.00710603	0.996608	34.125	0	0
23	548680	-0.322957	-0.0962609	60.2223	34.125	-0.00141382	-0.00717103	0.996283	34.125	0	0
23	548690	-0.34113	-0.0845217	60.1793	34.125	-0.00134882	-0.00738599	0.996409	34.125	0	0
23	548700	-0.328348	-0.0703478	60.2247	34.125	-0.00137762	-0.00680613	0.996807	34.125	0	0
23	548710	-0.315652	-0.0791304	60.1983	34.125	-0.00135325	-0.0072774	0.996553	34.125	0	0
23	548720	-0.336087	-0.0890435	60.2038	34.125	-0.00125131	-0.00748349	0.996468	34.125	0	0
23	548730	-0.348174	-0.0749565	60.2503	34.125	-0.00139461	-0.00728627	0.996765	34.125	0	0
23	548740	-0.320522	-0.0761739	60.2383	34.125	-0.00133035	-0.00727592	0.996301	34.125	0	0
23	548750	-0.35687	-0.084	60.237	34.125	-0.00119813	-0.00741701	0.996637	34.125	0	0
23	548760	-0.33487	-0.0870435	60.2105	34.125	-0.00109914	-0.00721683	0.996316	34.125	0	0
23	548770	-0.342435	-0.0867826	60.2533	34.125	-0.00128898	-0.00728405	0.996439	34.125	0	0
23	548780	-0.362174	-0.075913	60.2146	34.125	-0.00135399	-0.00726263	0.996654	34.125	0	0
23	548790	-0.352783	-0.0728696	60.2416	34.125	-0.00117301	-0.00780851	0.996599	34.125	0	0
23	548800	-0.339304	-0.0943478	60.2759	34.125	-0.00147956	-0.00725967	0.996394	34.125	0	0
23	548810	-0.342956	-0.0812174	60.206	34.125	-0.00138575	-0.00716956	0.996508	34.125	0	0
23	548820	-0.339739	-0.0890435	60.1949	34.125	-0.00128455	-0.00739263	0.996355	34.125	0	0
23	548830	-0.334261	-0.0973043	60.1939	34.125	-0.00129932	-0.00686005	0.996444	34.125	0	0
23	548840	-0.350957	-0.0814783	60.2183	34.125	-0.00133921	-0.00689699	0.996804	34.125	0	0
23	548850	-0.346522	-0.0816522	60.2248	34.125	-0.00115602	-0.00741627	0.996675	34.125	0	0
23	548860	-0.344348	-0.064	60.2152	34.125	-0.00118261	-0.00716882	0.996227	34.125	0	0
23	548870	-0.32313	-0.0815652	60.2258	34.125	-0.00122841	-0.00740815	0.996183	34.125	0	0
23	548880	-0.322435	-0.078	60.2501	34.125	-0.00116784	-0.00729217	0.996508	34.125	0	0
23	548890	-0.350783	-0.0746957	60.1878	34.125	-0.00127347	-0.00777231	0.996612	34.125	0	0
23	548900	-0.363217	-0.0949565	60.2089	34.125	-0.00110801	-0.00736604	0.996969	34.125	0	0
23	548910	-0.35113	-0.0943478	60.2134	34.125	-0.00103193	-0.006945	0.996469	34.125	0	0
23	548920	-0.354174	-0.067913	60.2512	34.125	-0.00117671	-0.00736309	0.996706	34.125	0	0
23	548930	-0.33487	-0.0871304	60.1789	34.1875	-0.00115085	-0.00707057	0.996599	34.1875	0	0
23	548940	-0.351652	-0.0806956	60.2274	34.125	-0.00143967	-0.00756179	0.996426	34.125	0	0
23	548950	-0.344609	-0.0721739	60.197	34.125	-0.00143007	-0.00753594	0.996355	34.125	0	0
23	548960	-0.34113	-0.0686956	60.2438	34.125	-0.00117818	-0.00748792	0.996721	34.125	0	0
23	548970	-0.329652	-0.055913	60.1775	34.125	-0.00139978	-0.00748645	0.996875	34.125	0	0
23	548980	-0.347913	-0.0858261	60.2341	34.125	-0.00118705	-0.00709717	0.996677	34.125	0	0
23	548990	-0.362609	-0.0784348	60.222	34.125	-0.00142785	-0.00740593	0.996449	34.125	0	0
23	549000	-0.337304	-0.076	60.1676	34.125	-0.00149729	-0.00751378	0.996238	34.125	0	0
23	549010	-0.347913	-0.0784348	60.2244	34.125	-0.00130597	-0.00717103	0.996313	34.125	0	0
23	549020	-0.346348	-0.0757391	60.1877	34.125	-0.00145297	-0.00701443	0.996592	34.125	0	0
23	549030	-0.337739	-0.0772174	60.226	34.125	-0.0011154	-0.00706762	0.996363	34.125	0	0
23	549040	-0.336	-0.0647826	60.1608	34.125	-0.00154235	-0.007711	0.996734	34.125	0	0
23	549050	-0.338087	-0.0665217	60.1826	34.125	-0.00121881	-0.00751821	0.996592	34.125	0	0
23	549060	-0.325826	-0.0881739	60.1979	34.125	-0.00126978	-0.00740076	0.996561	34.125	0	0
23	549070	-0.34513	-0.0875652	60.2069	34.125	-0.00128603	-0.0071474	0.996726	34.125	0	0
23	549080	-0.345565	-0.0753913	60.2443	34.125	-0.00120625	-0.00768293	0.996271	34.125	0	0
23	549090	-0.311478	-0.0831304	60.2183	34.125	-0.00145297	-0.00768958	0.996356	34.125	0	0
23	549100	-0.335913	-0.0956522	60.2374	34.125	-0.00130154	-0.00768219	0.996239	34.125	0	0
23	549110	-0.348609	-0.0748696	60.21	34.125	-0.00150689	-0.00745616	0.99657	34.125	0	0
23	549120	-0.348	-0.0777391	60.1996	34.125	-0.00126461	-0.0075906	0.996533	34.125	0	0
23	549130	-0.335043	-0.066	60.1914	34.125	-0.00144484	-0.00751673	0.996359	34.125	0	0
23	549140	-0.331391	-0.0713044	60.1834	34.125	-0.00137098	-0.00739263	0.996685	34.125	0	0
23	549150	-0.348261	-0.0676522	60.2227	34.125	-0.00129268	-0.00710012	0.996652	34.125	0	0
23	549160	-0.360696	-0.0642609	60.208	34.0625	-0.00124392	-0.00714592	0.996197	34.0625	0	0
23	549170	-0.334609	-0.06	60.268	34.125	-0.0012816	-0.00743031	0.996319	34.125	0	0
23	549180	-0.332522	-0.0693913	60.2232	34.125	-0.00128529	-0.00732615	0.996573	34.125	0	0
23	549190	-0.332261	-0.088087	60.263	34.125	-0.00135103	-0.00756475	0.99634	34.125	0	0
23	549200	-0.321391	-0.076	60.1611	34.125	-0.00145592	-0.00736974	0.996434	34.125	0	0
23	549210	-0.335826	-0.0662609	60.1781	34.125	-0.0011346	-0.00752707	0.996534	34.125	0	0
23	549220	-0.318261	-0.0713913	60.189	34.125	-0.00128972	-0.00756253	0.996765	34.125	0	0
23	549230	-0.327739	-0.0613913	60.2132	34.125	-0.00131631	-0.00766077	0.996558	34.125	0	0
23	549240	-0.332435	-0.0813913	60.2174	34.125	-0.00119369	-0.00737195	0.996774	34.125	0	0
23	549250	-0.313652	-0.0787826	60.2144	34.125	-0.00130006	-0.00717251	0.996774	34.125	0	0
23	549260	-0.334087	-0.0837391	60.224	34.125	-0.00136507	-0.00748497	0.99627	34.125	0	0
23	549270	-0.321304	-0.0887826	60.2174	34.125	-0.0013466	-0.00701813	0.996725	34.125	0	0
23	549280	-0.324522	-0.0786956	60.2352	34.125	-0.00126978	-0.00749014	0.996611	34.125	0	0
23	549290	-0.334696	-0.0663478	60.2532	34.125	-0.00128455	-0.00732246	0.996598	34.125	0	0
23	549300	-0.32487	-0.07	60.2052	34.125	-0.00142785	-0.00760242	0.996617	34.125	0	0
23	549310	-0.347913	-0.063913	60.2088	34.125	-0.00132444	-0.00710898	0.996584	34.125	0	0
23	549320	-0.338348	-0.075913	60.2367	34.125	-0.00125131	-0.00741406	0.996994	34.125	0	0
23	549330	-0.346261	-0.0681739	60.1936	34.125	-0.00139314	-0.00719245	0.996283	34.125	0	0
23	549340	-0.330783	-0.0737391	60.2231	34.125	-0.00150172	-0.00729661	0.996168	34.125	0	0
23	549350	-0.313913	-0.0993913	60.2144	34.125	-0.00141677	-0.007222	0.996422	34.125	0	0
23	549360	-0.344696	-0.0854783	60.184	34.125	-0.00132666	-0.00735275	0.996765	34.125	0	0
23	549370	-0.327478	-0.0786087	60.2221	34.125	-0.00142564	-0.00750122	0.996548	34.125	0	0
23	549380	-0.320609	-0.0777391	60.2318	34.125	-0.00119517	-0.00721461	0.996745	34.125	0	0
23	549390	-0.331391	-0.0755652	60.1697	34.125	-0.00112795	-0.00732911	0.996826	34.125	0	0
23	549400	-0.336435	-0.0933043	60.219	34.125	-0.0015357	-0.0075027	0.996819	34.125	0	0
23	549410	-0.337304	-0.0789565	60.2179	34.125	-0.00124688	-0.00731064	0.99628	34.125	0	0
23	549420	-0.342261	-0.0786956	60.2016	34.125	-0.00122176	-0.00726115	0.996417	34.125	0	0
23	549430	-0.333391	-0.0846957	60.2368	34.125	-0.00120551	-0.00762679	0.996683	34.125	0	0
23	549440	-0.338696	-0.0655652	60.2086	34.125	-0.00119591	-0.00743548	0.996751	34.125	0	0
23	549450	-0.342956	-0.069913	60.2298	34.125	-0.00127347	-0.00716882	0.996576	34.125	0	0
23	549460	-0.341913	-0.0621739	60.1859	34.125	-0.00116415	-0.00692136	0.996392	34.125	0	0
23	549470	-0.34287	-0.0927826	60.2129	34.125	-0.00134734	-0.00762532	0.996689	34.125	0	0
23	549480	-0.344696	-0.0737391	60.2457	34.125	-0.00102823	-0.00717916	0.996791	34.125	0	0
23	549490	-0.348522	-0.0526087	60.2178	34.125	-0.00120847	-0.0076231	0.996634	34.125	0	0
23	549500	-0.346261	-0.0916522	60.2504	34.125	-0.00117892	-0.00748645	0.996844	34.125	0	0
23	549510	-0.351565	-0.0621739	60.2361	34.125	-0.00131927	-0.00756622	0.996453	34.125	0	0
23	549520	-0.339565	-0.0711304	60.2547	34.125	-0.00127199	-0.00741258	0.996536	34.125	0	0
23	549530	-0.327391	-0.086	60.2103	34.125	-0.00104744	-0.00762236	0.996463	34.125	0	0
23	549540	-0.339739	-0.0953913	60.1784	34.125	-0.00104891	-0.00731803	0.996567	34.125	0	0
23	549550	-0.351652	-0.0784348	60.201	34.125	-0.00146036	-0.00771396	0.996579	34.125	0	0
23	549560	-0.34487	-0.0609565	60.2162	34.125	-0.00121512	-0.00722126	0.996734	34.125	0	0
23	549570	-0.323391	-0.086087	60.2143	34.125	-0.00117523	-0.00733059	0.996617	34.125	0	0
23	549580	-0.342261	-0.086	60.2088	34.125	-0.00125648	-0.00722348	0.996453	34.125	0	0
23	549590	-0.367565	-0.0824348	60.2364	34.125	-0.00135768	-0.00732542	0.996336	34.125	0	0
23	549600	-0.346174	-0.07	60.2274	34.125	-0.00146848	-0.00751156	0.996221	34.125	0	0
23	549610	-0.332435	-0.0568696	60.183	34.125	-0.00143376	-0.00735053	0.9966	34.125	0	0
23	549620	-0.350348	-0.0733043	60.2419	34.125	-0.0012358	-0.00728848	0.996943	34.125	0	0
23	549630	-0.346609	-0.0741739	60.2024	34.125	-0.00142564	-0.007287	0.996559	34.125	0	0
23	549640	-0.328957	-0.0788696	60.1906	34.125	-0.00111022	-0.00742366	0.996746	34.125	0	0
23	549650	-0.335217	-0.0595652	60.2303	34.125	-0.00127347	-0.00719836	0.996567	34.125	0	0
23	549660	-0.332	-0.0754783	60.2007	34.125	-0.00135251	-0.00743031	0.996334	34.125	0	0
23	549670	-0.350696	-0.0783478	60.2139	34.125	-0.00132739	-0.00710603	0.996499	34.125	0	0
23	549680	-0.335391	-0.0505217	60.1871	34.125	-0.00124762	-0.0073786	0.996344	34.125	0	0
23	549690	-0.334435	-0.0512174	60.2412	34.125	-0.00151132	-0.0072087	0.996479	34.125	0	0
23	549700	-0.318348	-0.0596522	60.2213	34.125	-0.00127864	-0.0069317	0.996504	34.125	0	0
23	549710	-0.316	-0.08	60.2235	34.125	-0.00146183	-0.00724933	0.996265	34.125	0	0
23	549720	-0.343217	-0.0828696	60.2245	34.125	-0.00145075	-0.00774424	0.99651	34.125	0	0
23	549730	-0.333391	-0.0833913	60.2187	34.125	-0.00121216	-0.00744803	0.99643	34.125	0	0
23	549740	-0.323913	-0.059913	60.2016	34.125	-0.00146922	-0.00752264	0.996866	34.125	0	0
23	549750	-0.329913	-0.0764348	60.2573	34.125	-0.00128455	-0.00717694	0.99648	34.125	0	0
23	549760	-0.338348	-0.063913	60.2013	34.125	-0.00153496	-0.00734831	0.996449	34.125	0	0
23	549770	-0.352	-0.0567826	60.2563	34.125	-0.00135325	-0.00736161	0.996727	34.125	0	0
23	549780	-0.343739	-0.063913	60.1966	34.125	-0.00117375	-0.00719763	0.996721	34.125	0	0
23	549790	-0.32313	-0.0752174	60.1875	34.125	-0.00139978	-0.00750122	0.996544	34.125	0	0
23	549800	-0.314783	-0.0672174	60.2084	34.125	-0.00145297	-0.00756031	0.996683	34.125	0	0
23	549810	-0.335739	-0.0829565	60.1986	34.125	-0.00160514	-0.00754849	0.996386	34.125	0	0
23	549820	-0.34	-0.0793043	60.2383	34.125	-0.00143672	-0.00767924	0.996573	34.125	0	0
23	549830	-0.325043	-0.0666087	60.2657	34.125	-0.00146996	-0.00695165	0.996601	34.125	0	0
23	549840	-0.323565	-0.0949565	60.182	34.125	-0.00144706	-0.00719984	0.996429	34.125	0	0
23	549850	-0.311739	-0.0706087	60.2566	34.125	-0.00160809	-0.00738451	0.996597	34.125	0	0
23	549860	-0.339565	-0.0793913	60.2401	34.125	-0.00135473	-0.00731951	0.996549	34.125	0	0
23	549870	-0.331913	-0.0711304	60.1797	34.125	-0.00126978	-0.00766225	0.996583	34.125	0	0
23	549880	-0.358435	-0.0825217	60.2137	34.125	-0.00151871	-0.00725672	0.996255	34.125	0	0
23	549890	-0.348348	-0.0844348	60.2195	34.125	-0.00141086	-0.00718802	0.996086	34.125	0	0
23	549900	-0.330261	-0.0675652	60.1912	34.125	-0.00135768	-0.00736974	0.996573	34.125	0	0
23	549910	-0.335478	-0.0786087	60.2145	34.125	-0.00154383	-0.00765265	0.996712	34.125	0	0
23	549920	-0.35	-0.0844348	60.233	34.125	-0.00132444	-0.00698119	0.996411	34.125	0	0
23	549930	-0.335739	-0.0854783	60.1943	34.125	-0.00147734	-0.00728036	0.996225	34.125	0	0
23	549940	-0.349043	-0.0711304	60.2183	34.125	-0.00152388	-0.00744656	0.996357	34.125	0	0
23	549950	-0.340609	-0.102957	60.2252	34.125	-0.00115528	-0.00752486	0.996262	34.125	0	0
23	549960	-0.332435	-0.0632174	60.1925	34.125	-0.00135325	-0.00701665	0.996307	34.125	0	0
23	549970	-0.34713	-0.0689565	60.1719	34.125	-0.00138575	-0.00769327	0.996697	34.125	0	0
23	549980	-0.343217	-0.0914783	60.28	34.125	-0.00129711	-0.00690807	0.996522	34.125	0	0
