23	563070	-0.515217	-0.069913	90.1642	34.125	-0.00286236	-0.00939887	0.996702	34.125	0	0
23	563080	-0.512348	-0.0693913	90.1692	34.0625	-0.00275303	-0.00960644	0.996801	34.0625	0	0
23	563090	-0.539391	-0.0785217	90.1896	34.0625	-0.00266661	-0.00922011	0.996565	34.0625	0	0
23	563100	-0.518261	-0.0821739	90.189	34.125	-0.00258683	-0.00927847	0.996832	34.125	0	0
23	563110	-0.523391	-0.0586956	90.1826	34.125	-0.00266882	-0.00951484	0.996697	34.125	0	0
23	563120	-0.519565	-0.0668696	90.195	34.125	-0.00258314	-0.00936046	0.996677	34.125	0	0
23	563130	-0.520696	-0.0781739	90.1344	34.125	-0.00265331	-0.00959757	0.996536	34.125	0	0
23	563140	-0.522435	-0.0916522	90.1817	34.125	-0.00273087	-0.00942768	0.996301	34.125	0	0
23	563150	-0.515391	-0.072	90.1619	34.125	-0.0027161	-0.00939	0.99673	34.125	0	0
23	563160	-0.535391	-0.0664348	90.1631	34.125	-0.00264592	-0.00929028	0.996742	34.125	0	0
23	563170	-0.520348	-0.0932174	90.1041	34.125	-0.00276116	-0.00937302	0.996734	34.125	0	0
23	563180	-0.515913	-0.113565	90.1316	34.125	-0.00258018	-0.00916545	0.996474	34.125	0	0
23	563190	-0.533217	-0.0749565	90.183	34.125	-0.00293031	-0.00897783	0.996525	34.125	0	0
23	563200	-0.521739	-0.0717391	90.1523	34.125	-0.00260751	-0.00927182	0.99625	34.125	0	0
23	563210	-0.538783	-0.0871304	90.263	34.125	-0.00273826	-0.0093154	0.996587	34.125	0	0
23	563220	-0.544435	-0.0664348	90.1353	34.125	-0.00259422	-0.00921051	0.99634	34.125	0	0
23	563230	-0.519652	-0.067913	90.1532	34.125	-0.00265553	-0.00956212	0.996438	34.125	0	0
23	563240	-0.537913	-0.0613043	90.1743	34.125	-0.00262303	-0.00940478	0.996647	34.125	0	0
23	563250	-0.522435	-0.0868696	90.1835	34.125	-0.00284389	-0.00950302	0.997094	34.125	0	0
23	563260	-0.516261	-0.0730435	90.2436	34.125	-0.0029835	-0.00960865	0.996584	34.125	0	0
23	563270	-0.51513	-0.0588696	90.1282	34.125	-0.00270576	-0.00906277	0.996772	34.125	0	0
23	563280	-0.516348	-0.0768696	90.1943	34.125	-0.00273309	-0.00962047	0.996389	34.125	0	0
23	563290	-0.513826	-0.0610435	90.1593	34.125	-0.00294139	-0.00947938	0.996611	34.125	0	0
23	563300	-0.50713	-0.0562609	90.1859	34.125	-0.00295617	-0.00959979	0.996843	34.125	0	0
23	563310	-0.51113	-0.0624348	90.1516	34.125	-0.00273826	-0.00927403	0.996675	34.125	0	0
23	563320	-0.505826	-0.0689565	90.179	34.125	-0.00296282	-0.00940552	0.996627	34.125	0	0
23	563330	-0.530261	-0.0526087	90.1619	34.125	-0.00258018	-0.00954586	0.99683	34.125	0	0
23	563340	-0.530609	-0.0688696	90.121	34.125	-0.00294804	-0.00894015	0.996496	34.125	0	0
23	563350	-0.512957	-0.0706087	90.1883	34.125	-0.00291332	-0.00873332	0.996375	34.125	0	0
23	563360	-0.511391	-0.078	90.159	34.125	-0.00279809	-0.00904135	0.996714	34.125	0	0
23	563370	-0.512	-0.0593913	90.1533	34.125	-0.00304776	-0.00961973	0.996821	34.125	0	0
23	563380	-0.534	-0.0674783	90.167	34.125	-0.00280991	-0.00939444	0.996501	34.125	0	0
23	563390	-0.521478	-0.0636522	90.2085	34.125	-0.00262303	-0.00933165	0.996809	34.125	0	0
23	563400	-0.512348	-0.096	90.1699	34.125	-0.00282394	-0.00921494	0.996444	34.125	0	0
23	563410	-0.521913	-0.0751304	90.1628	34.125	-0.00289707	-0.00925483	0.996398	34.125	0	0
23	563420	-0.520522	-0.0826957	90.1736	34.125	-0.00275082	-0.00925631	0.996246	34.125	0	0
23	563430	-0.516609	-0.0918261	90.1623	34.125	-0.00263706	-0.00924892	0.996802	34.125	0	0
23	563440	-0.520696	-0.0925217	90.0934	34.125	-0.00270428	-0.00941364	0.996146	34.125	0	0
23	563450	-0.539652	-0.0886956	90.1231	34.125	-0.00289043	-0.00955325	0.996618	34.125	0	0
23	563460	-0.523304	-0.0736522	90.1589	34.125	-0.00288452	-0.00935233	0.996478	34.125	0	0
23	563470	-0.521478	-0.0693913	90.1506	34.125	-0.00274343	-0.00932279	0.996615	34.125	0	0
23	563480	-0.511304	-0.0605217	90.173	34.125	-0.00275303	-0.0093575	0.996757	34.125	0	0
23	563490	-0.525043	-0.0677391	90.1753	34.125	-0.00270428	-0.00885816	0.996544	34.125	0	0
23	563500	-0.51513	-0.0656522	90.1963	34.125	-0.00259939	-0.00921863	0.997061	34.125	0	0
23	563510	-0.504348	-0.0717391	90.1511	34.125	-0.00307583	-0.00946387	0.996751	34.125	0	0
23	563520	-0.525043	-0.0693913	90.1612	34.125	-0.00253734	-0.00918982	0.996614	34.125	0	0
23	563530	-0.507478	-0.0782609	90.158	34.125	-0.0026511	-0.00929915	0.996633	34.125	0	0
23	563540	-0.514087	-0.075913	90.123	34.125	-0.00264962	-0.00955104	0.996744	34.125	0	0
23	563550	-0.52	-0.0822609	90.1701	34.125	-0.002869	-0.00949563	0.996722	34.125	0	0
23	563560	-0.526609	-0.0748696	90.15	34.0625	-0.00262894	-0.00907828	0.99667	34.0625	0	0
23	563570	-0.517826	-0.0661739	90.1419	34.125	-0.00289486	-0.0095503	0.996367	34.125	0	0
23	563580	-0.517565	-0.0587826	90.1859	34.125	-0.00266661	-0.00937375	0.996675	34.125	0	0
23	563590	-0.516348	-0.0576522	90.1882	34.125	-0.00277371	-0.00908198	0.996337	34.125	0	0
23	563600	-0.508	-0.0813913	90.1925	34.125	-0.00283355	-0.00949194	0.996565	34.125	0	0
23	563610	-0.513217	-0.0706957	90.161	34.125	-0.00253143	-0.00959609	0.996452	34.125	0	0
23	563620	-0.500783	-0.0744348	90.177	34.125	-0.00267917	-0.00967956	0.996934	34.125	0	0
23	563630	-0.521739	-0.0730435	90.1574	34.125	-0.003016	-0.00934421	0.996473	34.125	0	0
23	563640	-0.501826	-0.0676522	90.1377	34.125	-0.00266439	-0.00916028	0.996607	34.125	0	0
23	563650	-0.522435	-0.0586087	90.1376	34.125	-0.00275377	-0.00933608	0.996885	34.125	0	0
23	563660	-0.525652	-0.0695652	90.1393	34.125	-0.00264888	-0.00997651	0.996719	34.125	0	0
23	563670	-0.514348	-0.0833043	90.1846	34.125	-0.00286679	-0.00951262	0.996881	34.125	0	0
23	563680	-0.51313	-0.0736522	90.155	34.125	-0.0028269	-0.00910488	0.996511	34.125	0	0
23	563690	-0.526087	-0.0690435	90.1556	34.125	-0.00279292	-0.00936858	0.996612	34.125	0	0
23	563700	-0.521826	-0.0716522	90.1979	34.125	-0.00293253	-0.00964632	0.996625	34.125	0	0
23	563710	-0.518522	-0.0698261	90.2178	34.125	-0.00279292	-0.00910414	0.996473	34.125	0	0
23	563720	-0.529652	-0.0617391	90.1483	34.125	-0.00258535	-0.00954808	0.996612	34.125	0	0
23	563730	-0.513478	-0.074087	90.1777	34.125	-0.00279809	-0.00934347	0.99676	34.125	0	0
23	563740	-0.49913	-0.0727826	90.1396	34.125	-0.00277002	-0.00924818	0.996628	34.125	0	0
23	563750	-0.516957	-0.0782609	90.1413	34.125	-0.00291923	-0.00934421	0.996653	34.125	0	0
23	563760	-0.50487	-0.067913	90.1778	34.125	-0.00275082	-0.00923341	0.996811	34.125	0	0
23	563770	-0.509739	-0.0715652	90.2018	34.125	-0.00285201	-0.00966922	0.996669	34.125	0	0
23	563780	-0.525478	-0.0771304	90.1702	34.125	-0.0029473	-0.0095924	0.996741	34.125	0	0
23	563790	-0.483652	-0.0913043	90.1816	34.125	-0.00295395	-0.00925631	0.996749	34.125	0	0
23	563800	-0.520609	-0.0731304	90.1839	34.125	-0.00282025	-0.0092829	0.996471	34.125	0	0
23	563810	-0.496609	-0.0964348	90.163	34.125	-0.00265257	-0.00924301	0.996625	34.125	0	0
23	563820	-0.52313	-0.0793913	90.1329	34.125	-0.00302486	-0.00923414	0.996563	34.125	0	0
23	563830	-0.509913	-0.0603478	90.1699	34.125	-0.00275968	-0.00930432	0.996659	34.125	0	0
23	563840	-0.512261	-0.0633043	90.2496	34.125	-0.00293031	-0.0094683	0.996593	34.125	0	0
23	563850	-0.500087	-0.0736522	90.1833	34.125	-0.00275156	-0.00940847	0.996978	34.125	0	0
23	563860	-0.52713	-0.06	90.1855	34.125	-0.00297316	-0.00909823	0.996858	34.125	0	0
23	563870	-0.525043	-0.0705217	90.2221	34.125	-0.00297537	-0.00897856	0.996771	34.125	0	0
23	563880	-0.52	-0.0698261	90.2071	34.125	-0.00294656	-0.00913516	0.996543	34.125	0	0
23	563890	-0.506087	-0.066087	90.1708	34.125	-0.00285571	-0.00947865	0.996493	34.125	0	0
23	563900	-0.517739	-0.0694783	90.1596	34.125	-0.0026378	-0.00932722	0.996651	34.125	0	0
23	563910	-0.510261	-0.0710435	90.1523	34.125	-0.00293401	-0.00942103	0.996689	34.125	0	0
23	563920	-0.508609	-0.0928696	90.1731	34.125	-0.00269098	-0.00926812	0.996688	34.125	0	0
23	563930	-0.517565	-0.0794783	90.1388	34.125	-0.00283059	-0.00939887	0.996651	34.125	0	0
23	563940	-0.522435	-0.0742609	90.1435	34.125	-0.00275229	-0.00941216	0.996644	34.125	0	0
23	563950	-0.509478	-0.0847826	90.1945	34.125	-0.00272792	-0.00939887	0.996814	34.125	0	0
23	563960	-0.515391	-0.0854783	90.1432	34.0625	-0.00269394	-0.0096286	0.996695	34.0625	0	0
23	563970	-0.523304	-0.0563478	90.1779	34.125	-0.00263337	-0.00925483	0.996483	34.125	0	0
23	563980	-0.514	-0.0582609	90.156	34.125	-0.00280696	-0.00966258	0.996623	34.125	0	0
23	563990	-0.515217	-0.082	90.1682	34.125	-0.0027257	-0.00940773	0.996714	34.125	0	0
23	564000	-0.509217	-0.0844348	90.206	34.125	-0.00278553	-0.00949563	0.996764	34.125	0	0
23	564010	-0.520348	-0.0571304	90.2029	34.125	-0.00264519	-0.00915363	0.996841	34.125	0	0
23	564020	-0.52	-0.0567826	90.1615	34.125	-0.00290298	-0.00920312	0.996334	34.125	0	0
23	564030	-0.524348	-0.0567826	90.1793	34.125	-0.00287639	-0.00930284	0.996527	34.125	0	0
23	564040	-0.530522	-0.052	90.1489	34.125	-0.00267252	-0.00983469	0.996491	34.125	0	0
23	564050	-0.518261	-0.0650435	90.1424	34.125	-0.00279144	-0.00982287	0.996878	34.125	0	0
23	564060	-0.524261	-0.0896522	90.1656	34.125	-0.00252921	-0.00940847	0.99665	34.125	0	0
23	564070	-0.520261	-0.0738261	90.1566	34.125	-0.00276633	-0.00970985	0.996612	34.125	0	0
23	564080	-0.529391	-0.0905217	90.2125	34.125	-0.00286457	-0.00912556	0.996543	34.125	0	0
23	564090	-0.511304	-0.078087	90.1461	34.125	-0.00284684	-0.00939518	0.996576	34.125	0	0
23	564100	-0.503913	-0.0556522	90.1702	34.125	-0.00276042	-0.0096574	0.996422	34.125	0	0
23	564110	-0.514783	-0.0641739	90.1567	34.125	-0.00282985	-0.00944245	0.996556	34.125	0	0
23	564120	-0.525391	-0.0815652	90.1803	34.125	-0.00274786	-0.00959388	0.99676	34.125	0	0
23	564130	-0.524783	-0.0824348	90.1688	34.125	-0.00285423	-0.00943802	0.996824	34.125	0	0
23	564140	-0.52	-0.0706957	90.1137	34.125	-0.00290668	-0.00961604	0.996484	34.125	0	0
23	564150	-0.513652	-0.0777391	90.1511	34.125	-0.00280991	-0.00916766	0.996766	34.125	0	0
23	564160	-0.503043	-0.077913	90.1695	34.125	-0.0028269	-0.00910562	0.997025	34.125	0	0
23	564170	-0.533304	-0.0695652	90.1376	34.125	-0.00279366	-0.0095045	0.996728	34.125	0	0
23	564180	-0.498957	-0.0933043	90.1301	34.125	-0.00270945	-0.00954882	0.996467	34.125	0	0
23	564190	-0.517217	-0.0706957	90.1631	34.125	-0.00293992	-0.00936563	0.99633	34.125	0	0
23	564200	-0.516087	-0.0693043	90.1696	34.125	-0.00267769	-0.00933534	0.996737	34.125	0	0
23	564210	-0.520957	-0.0863478	90.2154	34.125	-0.00283872	-0.00933608	0.99662	34.125	0	0
23	564220	-0.520522	-0.0711304	90.1237	34.125	-0.00290077	-0.0092467	0.996747	34.125	0	0
23	564230	-0.53287	-0.0728696	90.1523	34.125	-0.00314084	-0.00916249	0.996681	34.125	0	0
23	564240	-0.51	-0.0827826	90.2287	34.125	-0.00292219	-0.00895493	0.996061	34.125	0	0
23	564250	-0.51713	-0.0840869	90.1282	34.125	-0.0027715	-0.00946609	0.99675	34.125	0	0
23	564260	-0.520435	-0.0596522	90.1615	34.125	-0.00282912	-0.00944762	0.997035	34.125	0	0
23	564270	-0.523913	-0.0783478	90.139	34.125	-0.00266735	-0.00903766	0.99617	34.125	0	0
23	564280	-0.517043	-0.0514783	90.1223	34.125	-0.002462	-0.00942915	0.996624	34.125	0	0
23	564290	-0.502087	-0.0711304	90.1518	34.125	-0.00298719	-0.00932943	0.996361	34.125	0	0
23	564300	-0.510609	-0.0798261	90.1116	34.125	-0.00290224	-0.00945058	0.996607	34.125	0	0
23	564310	-0.528783	-0.0703478	90.1468	34.125	-0.00289338	-0.00937375	0.996348	34.125	0	0
23	564320	-0.512261	-0.0665217	90.1675	34.125	-0.00255359	-0.00929989	0.996403	34.125	0	0
23	564330	-0.527826	-0.0746957	90.0863	34.125	-0.00288008	-0.00928216	0.996806	34.125	0	0
23	564340	-0.520957	-0.0849565	90.1395	34.125	-0.00287639	-0.00943432	0.996585	34.125	0	0
23	564350	-0.512261	-0.0864348	90.1751	34.125	-0.00293401	-0.00961825	0.996607	34.125	0	0
23	564360	-0.500174	-0.0702609	90.162	34.125	-0.00275377	-0.00934421	0.996502	34.125	0	0
23	564370	-0.535739	-0.0784348	90.1217	34.125	-0.00274343	-0.00928068	0.996474	34.125	0	0
23	564380	-0.526	-0.101478	90.1489	34.125	-0.00250558	-0.00939444	0.996974	34.125	0	0
23	564390	-0.526696	-0.0656522	90.1523	34.125	-0.00275303	-0.00941881	0.996222	34.125	0	0
23	564400	-0.519043	-0.0625217	90.1525	34.125	-0.00267252	-0.00972167	0.99638	34.125	0	0
23	564410	-0.532435	-0.0686956	90.1345	34.125	-0.00276116	-0.00914846	0.996749	34.125	0	0
23	564420	-0.516609	-0.0648696	90.1422	34.125	-0.00304481	-0.00926591	0.996715	34.125	0	0
23	564430	-0.51687	-0.0609565	90.1663	34.125	-0.00250041	-0.00965519	0.996373	34.125	0	0
23	564440	-0.520609	-0.0798261	90.1417	34.125	-0.0025824	-0.00946609	0.996879	34.125	0	0
23	564450	-0.513826	-0.0565217	90.1521	34.125	-0.00274712	-0.00936193	0.996532	34.125	0	0
23	564460	-0.51113	-0.0869565	90.1878	34.125	-0.00293475	-0.00965002	0.996231	34.125	0	0
23	564470	-0.524696	-0.0684348	90.1895	34.125	-0.00274565	-0.00930727	0.996635	34.125	0	0
23	564480	-0.534957	-0.0606087	90.1598	34.125	-0.00261416	-0.00924523	0.996438	34.125	0	0
23	564490	-0.536174	-0.0602609	90.1747	34.125	-0.0027715	-0.009113	0.996304	34.125	0	0
23	564500	-0.513217	-0.0638261	90.1806	34.125	-0.00283355	-0.00952592	0.996388	34.125	0	0
23	564510	-0.527304	-0.0581739	90.1553	34.125	-0.00306697	-0.00958206	0.996624	34.125	0	0
23	564520	-0.51487	-0.065913	90.1268	34.125	-0.00281877	-0.00913369	0.996696	34.125	0	0
23	564530	-0.521043	-0.0651304	90.1577	34.125	-0.00263967	-0.00953922	0.996432	34.125	0	0
23	564540	-0.510174	-0.0889565	90.1537	34.125	-0.00297094	-0.00890913	0.996547	34.125	0	0
23	564550	-0.500783	-0.0696522	90.1681	34.125	-0.00286531	-0.00939813	0.996403	34.125	0	0
23	564560	-0.520609	-0.0749565	90.0804	34.125	-0.00287048	-0.00927994	0.996499	34.125	0	0
23	564570	-0.513478	-0.0849565	90.1477	34.125	-0.00285054	-0.00939961	0.996391	34.125	0	0
23	564580	-0.515565	-0.0825217	90.1256	34.125	-0.00286088	-0.0093841	0.996666	34.125	0	0
23	564590	-0.524348	-0.076087	90.2504	34.125	-0.00282838	-0.00927477	0.996622	34.125	0	0
23	564600	-0.509478	-0.0867826	90.205	34.125	-0.00310021	-0.00916175	0.996725	34.125	0	0
23	564610	-0.516609	-0.0663478	90.1508	34.125	-0.00269985	-0.0092792	0.996703	34.125	0	0
23	564620	-0.52313	-0.116609	90.1718	34.125	-0.00302117	-0.00927182	0.99635	34.125	0	0
23	564630	-0.509217	-0.0713044	90.1667	34.125	-0.00297168	-0.00931614	0.996629	34.125	0	0
23	564640	-0.502174	-0.0846957	90.1957	34.125	-0.00284093	-0.00932352	0.99666	34.125	0	0
23	564650	-0.502087	-0.0811304	90.1172	34.125	-0.00262894	-0.00947421	0.996626	34.125	0	0
23	564660	-0.523217	-0.0638261	90.2008	34.125	-0.00267843	-0.00923045	0.996587	34.125	0	0
23	564670	-0.522087	-0.0648696	90.1342	34.125	-0.00289633	-0.00919795	0.99638	34.125	0	0
23	564680	-0.518609	-0.058087	90.1555	34.125	-0.00300418	-0.00931392	0.996518	34.125	0	0
23	564690	-0.522348	-0.0753043	90.136	34.125	-0.00283872	-0.00947865	0.99642	34.125	0	0
23	564700	-0.514174	-0.0773913	90.1837	34.125	-0.00262524	-0.00959462	0.9964	34.125	0	0
23	564710	-0.501217	-0.068087	90.1966	34.125	-0.00268951	-0.0092046	0.996523	34.125	0	0
23	564720	-0.505739	-0.0733913	90.1274	34.125	-0.00277962	-0.0096153	0.9965	34.125	0	0
23	564730	-0.505391	-0.0932174	90.1638	34.125	-0.00288599	-0.00915806	0.996524	34.125	0	0
23	564740	-0.514435	-0.0842609	90.1441	34.125	-0.00278553	-0.00921198	0.99664	34.125	0	0
23	564750	-0.514609	-0.0907826	90.1262	34.125	-0.00278184	-0.00919869	0.996816	34.125	0	0
23	564760	-0.522	-0.07	90.1788	34.125	-0.00267843	-0.00912113	0.996711	34.125	0	0
23	564770	-0.506783	-0.082	90.1262	34.125	-0.00272275	-0.00937523	0.996847	34.125	0	0
23	564780	-0.534174	-0.0697391	90.12	34.125	-0.0026799	-0.00936932	0.996578	34.125	0	0
23	564790	-0.505913	-0.072087	90.1186	34.125	-0.00265848	-0.00951262	0.996545	34.125	0	0
23	564800	-0.513565	-0.0795652	90.182	34.125	-0.00274638	-0.00994623	0.996681	34.125	0	0
23	564810	-0.50687	-0.0492174	90.1268	34.125	-0.00267326	-0.00945353	0.996988	34.125	0	0
23	564820	-0.511217	-0.0609565	90.1286	34.125	-0.00257575	-0.00958797	0.996609	34.125	0	0
23	564830	-0.534348	-0.0589565	90.1455	34.125	-0.00293622	-0.009537	0.996667	34.125	0	0
23	564840	-0.517913	-0.0541739	90.1673	34.125	-0.00291259	-0.0094166	0.996603	34.125	0	0
23	564850	-0.514348	-0.0542609	90.1843	34.125	-0.00246126	-0.00962343	0.996656	34.125	0	0
23	564860	-0.505826	-0.0598261	90.1544	34.125	-0.00279957	-0.00941395	0.996368	34.125	0	0
23	564870	-0.509391	-0.0709565	90.156	34.125	-0.0029281	-0.00953257	0.996474	34.125	0	0
23	564880	-0.513391	-0.0726957	90.134	34.125	-0.00312237	-0.00921198	0.996458	34.125	0	0
23	564890	-0.499304	-0.0698261	90.1506	34.125	-0.00290372	-0.00943359	0.996647	34.125	0	0
23	564900	-0.513304	-0.0533043	90.1017	34.125	-0.00282025	-0.0093346	0.996555	34.125	0	0
23	564910	-0.508609	-0.0786087	90.1272	34.125	-0.00281951	-0.00911522	0.996511	34.125	0	0
23	564920	-0.50287	-0.0678261	90.1722	34.125	-0.00280252	-0.00962416	0.996788	34.125	0	0
23	564930	-0.514783	-0.0611304	90.1746	34.125	-0.00261786	-0.00925335	0.996485	34.125	0	0
23	564940	-0.515565	-0.0834783	90.1566	34.125	-0.00274121	-0.00952961	0.996698	34.125	0	0
23	564950	-0.518696	-0.0670435	90.1899	34.125	-0.00275082	-0.00929841	0.996834	34.125	0	0
23	564960	-0.518	-0.0749565	90.1817	34.125	-0.00305884	-0.00925409	0.996646	34.125	0	0
23	564970	-0.516957	-0.0743478	90.2006	34.125	-0.00288378	-0.00933608	0.996715	34.125	0	0
23	564980	-0.512435	-0.0609565	90.1449	34.125	-0.0030256	-0.00894754	0.996963	34.125	0	0
23	564990	-0.52713	-0.0887826	90.1496	34.125	-0.00294361	-0.00957911	0.996681	34.125	0	0
23	565000	-0.515304	-0.0766957	90.123	34.125	-0.0028136	-0.00942989	0.99656	34.125	0	0
23	565010	-0.511652	-0.0723478	90.1523	34.125	-0.0028594	-0.00950007	0.996273	34.125	0	0
23	565020	-0.533739	-0.082	90.1817	34.125	-0.00307214	-0.00949268	0.99669	34.125	0	0
23	565030	-0.514	-0.0898261	90.1541	34.125	-0.00275894	-0.0093612	0.996765	34.125	0	0
23	565040	-0.516174	-0.0664348	90.1683	34.125	-0.0028136	-0.00907828	0.996592	34.125	0	0
23	565050	-0.522087	-0.0871304	90.1364	34.125	-0.00269098	-0.00913369	0.996683	34.125	0	0
23	565060	-0.515304	-0.0536522	90.0926	34.125	-0.00278332	-0.00937375	0.996644	34.125	0	0
23	565070	-0.501478	-0.0710435	90.162	34.125	-0.00280178	-0.00938483	0.996456	34.125	0	0
23	565080	-0.51	-0.0616522	90.1696	34.125	-0.00287565	-0.00945353	0.996367	34.125	0	0
23	565090	-0.53	-0.0810435	90.1584	34.125	-0.00267326	-0.0095503	0.997032	34.125	0	0
23	565100	-0.508783	-0.0711304	90.1563	34.125	-0.00262303	-0.00922897	0.996798	34.125	0	0
23	565110	-0.512435	-0.0881739	90.1931	34.125	-0.00276633	-0.00932426	0.996703	34.125	0	0
23	565120	-0.507043	-0.0824348	90.2092	34.125	-0.00245387	-0.00967218	0.996626	34.125	0	0
23	565130	-0.509565	-0.0746087	90.1102	34.125	-0.00276337	-0.00914994	0.996548	34.125	0	0
23	565140	-0.518261	-0.0865217	90.1194	34.125	-0.00276559	-0.00909306	0.996717	34.125	0	0
23	565150	-0.53113	-0.0934783	90.1309	34.125	-0.00265553	-0.00954882	0.996776	34.125	0	0
23	565160	-0.525043	-0.0732174	90.1556	34.125	-0.00284093	-0.00918244	0.996633	34.125	0	0
23	565170	-0.510435	-0.0787826	90.1347	34.125	-0.00278258	-0.00926591	0.99653	34.125	0	0
23	565180	-0.515217	-0.0873913	90.1793	34.125	-0.0027848	-0.00918761	0.996842	34.125	0	0
23	565190	-0.522	-0.0593043	90.1739	34.125	-0.00281139	-0.00906351	0.996781	34.125	0	0
23	565200	-0.523739	-0.0731304	90.1271	34.125	-0.00278701	-0.0090251	0.996552	34.125	0	0
23	565210	-0.50887	-0.0768696	90.1706	34.125	-0.00268064	-0.00941734	0.996514	34.125	0	0
23	565220	-0.522696	-0.0626087	90.1557	34.125	-0.00291554	-0.00920238	0.996396	34.125	0	0
23	565230	-0.520348	-0.0727826	90.1986	34.125	-0.00283872	-0.00930506	0.99697	34.125	0	0
23	565240	-0.523304	-0.0787826	90.1523	34.125	-0.00279661	-0.00964411	0.996677	34.125	0	0
23	565250	-0.513391	-0.0667826	90.1744	34.125	-0.0027353	-0.0095732	0.996688	34.125	0	0
23	565260	-0.509304	-0.0694783	90.1452	34.125	-0.00293696	-0.00918613	0.996762	34.125	0	0
23	565270	-0.523304	-0.088087	90.2173	34.125	-0.00275894	-0.00940256	0.996421	34.125	0	0
23	565280	-0.511739	-0.06	90.2084	34.125	-0.00295764	-0.00941143	0.996633	34.125	0	0
23	565290	-0.515826	-0.0686087	90.1515	34.125	-0.00279661	-0.00955768	0.996484	34.125	0	0
23	565300	-0.517991	-0.0791304	90.1357	34.125	-0.0028365	-0.010286	0.996855	34.125	0	0
23	565310	-0.505478	-0.0964348	90.2036	34.125	-0.00292958	-0.00926	0.996384	34.125	0	0
23	565320	-0.508	-0.0847826	90.1337	34.125	-0.00286309	-0.00889953	0.996553	34.125	0	0
23	565330	-0.508609	-0.070087	90.1425	34.125	-0.00292884	-0.00955325	0.996516	34.125	0	0
23	565340	-0.502609	-0.0764348	90.1325	34.125	-0.00287491	-0.00934864	0.996537	34.125	0	0
23	565350	-0.523826	-0.0607826	90.1579	34.125	-0.00271167	-0.00940182	0.997181	34.125	0	0
23	565360	-0.496696	-0.100087	90.1716	34.125	-0.00287713	-0.00954808	0.99607	34.125	0	0
23	565370	-0.511913	-0.0905217	90.158	34.125	-0.00266513	-0.00906499	0.996638	34.125	0	0
23	565380	-0.503391	-0.0988696	90.1694	34.125	-0.00304111	-0.00918909	0.996567	34.125	0	0
23	565390	-0.511043	-0.068	90.1822	34.125	-0.00297611	-0.00960791	0.996494	34.125	0	0
23	565400	-0.523652	-0.0704348	90.1876	34.125	-0.00305663	-0.00945944	0.99628	34.125	0	0
23	565410	-0.5	-0.0637391	90.1367	34.125	-0.00288304	-0.00917948	0.99657	34.125	0	0
23	565420	-0.52687	-0.07869	90.1643	34.125	-0.00263337	-0.0093021	0.996389	34.125	0	0
23	565430	-0.515826	-0.078087	90.1868	34.125	-0.0027486	-0.00939887	0.996482	34.125	0	0
23	565440	-0.524957	-0.0733043	90.1625	34.125	-0.00281213	-0.00940626	0.996655	34.125	0	0
23	565450	-0.509652	-0.0686087	90.1843	34.125	-0.00286974	-0.00924966	0.996892	34.125	0	0
23	565460	-0.512348	-0.0764348	90.169	34.125	-0.00285866	-0.00904357	0.996533	34.125	0	0
23	565470	-0.515913	-0.0748696	90.1756	34.125	-0.00273974	-0.00946978	0.9967	34.125	0	0
23	565480	-0.512609	-0.0794783	90.2019	34.125	-0.00271905	-0.00969064	0.996539	34.125	0	0
23	565490	-0.51513	-0.0812174	90.1833	34.125	-0.00286605	-0.00925483	0.996464	34.125	0	0
23	565500	-0.531739	-0.0794783	90.1558	34.125	-0.00291923	-0.0091817	0.996438	34.125	0	0
23	565510	-0.527913	-0.0672174	90.1272	34.125	-0.00261416	-0.0091034	0.996305	34.125	0	0
23	565520	-0.514435	-0.0711304	90.1979	34.125	-0.0028173	-0.0090938	0.996389	34.125	0	0
23	565530	-0.530087	-0.0730435	90.1156	34.125	-0.00261786	-0.00943285	0.996336	34.125	0	0
23	565540	-0.514696	-0.0793043	90.1644	34.125	-0.0027028	-0.00927625	0.996468	34.125	0	0
23	565550	-0.53	-0.0855652	90.1852	34.125	-0.0027848	-0.00949933	0.996815	34.125	0	0
23	565560	-0.504348	-0.085913	90.1623	34.125	-0.00280252	-0.00948825	0.996424	34.125	0	0
23	565570	-0.503391	-0.068087	90.161	34.125	-0.0028173	-0.00929028	0.99666	34.125	0	0
23	565580	-0.521391	-0.0841739	90.199	34.125	-0.00284832	-0.00945796	0.996714	34.125	0	0
23	565590	-0.532087	-0.0527826	90.1505	34.125	-0.00280991	-0.00973349	0.996796	34.125	0	0
23	565600	-0.521652	-0.0585217	90.1421	34.125	-0.00250853	-0.00951853	0.99682	34.125	0	0
23	565610	-0.513739	-0.082	90.1439	34.125	-0.00272866	-0.00950967	0.996487	34.125	0	0
23	565620	-0.51487	-0.0736522	90.1577	34.125	-0.002657	-0.00931318	0.996758	34.125	0	0
23	565630	-0.537652	-0.065913	90.1315	34.125	-0.00266882	-0.00941512	0.996724	34.125	0	0
23	565640	-0.515217	-0.0808696	90.1721	34.125	-0.00259496	-0.00940921	0.996828	34.125	0	0
23	565650	-0.527217	-0.0737391	90.1906	34.125	-0.00271019	-0.00938336	0.996593	34.125	0	0
23	565660	-0.507739	-0.0701739	90.135	34.125	-0.0029244	-0.00939148	0.996782	34.125	0	0
23	565670	-0.512609	-0.0638261	90.1399	34.125	-0.00285497	-0.00936563	0.996587	34.125	0	0
23	565680	-0.508174	-0.0618261	90.1292	34.125	-0.00271241	-0.00928585	0.996425	34.125	0	0
23	565690	-0.534	-0.0788696	90.2037	34.125	-0.00272792	-0.00904874	0.996383	34.125	0	0
23	565700	-0.526609	-0.0715652	90.1315	34.125	-0.00291702	-0.00930358	0.996471	34.125	0	0
23	565710	-0.514087	-0.0786956	90.1786	34.125	-0.00267178	-0.00957467	0.996813	34.125	0	0
23	565720	-0.528348	-0.0708696	90.13	34.125	-0.00273309	-0.00951927	0.996426	34.125	0	0
23	565730	-0.50487	-0.072	90.1216	34.125	-0.00299458	-0.00932943	0.996667	34.125	0	0
23	565740	-0.522956	-0.0691304	90.1728	34.125	-0.00301526	-0.00937745	0.996576	34.125	0	0
23	565750	-0.512696	-0.0786087	90.1123	34.125	-0.00282838	-0.00945796	0.996482	34.125	0	0
23	565760	-0.517391	-0.0606957	90.2266	34.125	-0.0030293	-0.00926221	0.996503	34.125	0	0
23	565770	-0.520696	-0.0578261	90.1776	34.125	-0.00293622	-0.0096707	0.996549	34.125	0	0
23	565780	-0.517304	-0.0448696	90.1793	34.125	-0.00288378	-0.00916028	0.996638	34.125	0	0
23	565790	-0.498174	-0.0618261	90.1724	34.125	-0.00283059	-0.00937006	0.99655	34.125	0	0
23	565800	-0.516348	-0.0785217	90.1685	34.125	-0.00269689	-0.0095732	0.996852	34.125	0	0
23	565810	-0.491913	-0.0648696	90.1299	34.125	-0.00288747	-0.00919943	0.996822	34.125	0	0
23	565820	-0.518261	-0.0425217	90.1081	34.125	-0.00282025	-0.00932722	0.99662	34.125	0	0
23	565830	-0.504783	-0.0856522	90.1867	34.125	-0.00294435	-0.00916028	0.996714	34.125	0	0
23	565840	-0.51087	-0.0856522	90.1142	34.125	-0.00289929	-0.00907976	0.99707	34.125	0	0
23	565850	-0.525913	-0.0840869	90.1811	34.125	-0.00276707	-0.0096803	0.996547	34.125	0	0
23	565860	-0.519043	-0.0709565	90.153	34.125	-0.00296282	-0.00933091	0.99681	34.125	0	0
23	565870	-0.510609	-0.0694783	90.1724	34.125	-0.00293844	-0.00943432	0.996728	34.125	0	0
23	565880	-0.523739	-0.0815652	90.1829	34.125	-0.00279735	-0.00953996	0.996731	34.125	0	0
23	565890	-0.515565	-0.0768696	90.134	34.125	-0.00275303	-0.00930875	0.996636	34.125	0	0
23	565900	-0.514261	-0.086087	90.1421	34.125	-0.00279588	-0.00946904	0.996409	34.125	0	0
23	565910	-0.507391	-0.0717391	90.1467	34.125	-0.0027715	-0.00967587	0.996224	34.125	0	0
23	565920	-0.494783	-0.0885217	90.1345	34.125	-0.00252404	-0.00973423	0.996205	34.125	0	0
23	565930	-0.51287	-0.0882609	90.151	34.125	-0.00290815	-0.0095828	0.996523	34.125	0	0
23	565940	-0.50913	-0.0725217	90.1221	34.125	-0.00283724	-0.00912261	0.99678	34.125	0	0
23	565950	-0.511739	-0.0623478	90.1572	34.125	-0.00287787	-0.00931909	0.996637	34.125	0	0
23	565960	-0.516957	-0.0733913	90.1497	34.125	-0.00246052	-0.00939444	0.996408	34.125	0	0
23	565970	-0.529304	-0.0758261	90.2038	34.125	-0.00308839	-0.00933904	0.996487	34.125	0	0
23	565980	-0.524522	-0.0756522	90.1297	34.125	-0.00263411	-0.00951041	0.996582	34.125	0	0
23	565990	-0.525565	-0.070087	90.135	34.125	-0.00252995	-0.00963081	0.996824	34.125	0	0
23	566000	-0.520174	-0.0457391	90.1625	34.125	-0.00286531	-0.0096057	0.99666	34.125	0	0
23	566010	-0.512	-0.0677391	90.1832	34.125	-0.00290889	-0.00952888	0.996905	34.125	0	0
23	566020	-0.513391	-0.0684348	90.1076	34.125	-0.00273309	-0.00939739	0.996519	34.125	0	0
23	566030	-0.523652	-0.0544348	90.1623	34.125	-0.00250262	-0.00962269	0.996529	34.125	0	0
23	566040	-0.515043	-0.0535652	90.144	34.125	-0.00286309	-0.00930653	0.996789	34.125	0	0
23	566050	-0.527826	-0.0667826	90.1734	34.125	-0.0026836	-0.00939148	0.996768	34.125	0	0
23	566060	-0.521478	-0.0855652	90.1733	34.125	-0.00280326	-0.00937819	0.996735	34.125	0	0
23	566070	-0.512609	-0.0682609	90.1718	34.125	-0.00283724	-0.00954882	0.996582	34.125	0	0
23	566080	-0.505826	-0.0609565	90.1773	34.125	-0.0025366	-0.0097261	0.996533	34.125	0	0
23	566090	-0.517652	-0.0777391	90.1872	34.125	-0.00275008	-0.00955399	0.996512	34.125	0	0
23	566100	-0.506696	-0.078	90.1731	34.125	-0.00292071	-0.00956581	0.996257	34.125	0	0
23	566110	-0.518696	-0.095913	90.1396	34.125	-0.00318811	-0.00937375	0.996492	34.125	0	0
23	566120	-0.509391	-0.0935652	90.1673	34.125	-0.0030064	-0.00905539	0.996446	34.125	0	0
23	566130	-0.51287	-0.072087	90.1606	34.125	-0.00293179	-0.00940626	0.996604	34.125	0	0
23	566140	-0.512435	-0.0566087	90.1617	34.125	-0.00290815	-0.00944319	0.996489	34.125	0	0
23	566150	-0.512783	-0.0811304	90.1769	34.125	-0.0029281	-0.00929102	0.996594	34.125	0	0
23	566160	-0.503565	-0.0806956	90.1885	34.125	-0.00274417	-0.00945131	0.996599	34.125	0	0
23	566170	-0.513217	-0.0710435	90.0748	34.125	-0.0028136	-0.00938853	0.996574	34.125	0	0
23	566180	-0.5	-0.063913	90.1229	34.125	-0.00321987	-0.00920608	0.99684	34.125	0	0
23	566190	-0.506696	-0.08	90.1542	34.125	-0.00302634	-0.0096286	0.996553	34.125	0	0
23	566200	-0.520696	-0.0776522	90.2211	34.125	-0.00266735	-0.00972906	0.996823	34.125	0	0
23	566210	-0.519478	-0.0736522	90.1111	34.125	-0.00286309	-0.00944393	0.996532	34.125	0	0
23	566220	-0.509478	-0.0923478	90.1637	34.125	-0.00289855	-0.00944614	0.99668	34.125	0	0
23	566230	-0.509913	-0.0826957	90.1476	34.125	-0.0027582	-0.00908124	0.99648	34.125	0	0
23	566240	-0.526435	-0.103652	90.1878	34.125	-0.00303299	-0.0093708	0.996525	34.125	0	0
23	566250	-0.51713	-0.0952174	90.1005	34.125	-0.00274934	-0.00947865	0.996618	34.125	0	0
23	566260	-0.499913	-0.0796522	90.1599	34.125	-0.00285201	-0.00930062	0.9966	34.125	0	0
23	566270	-0.513304	-0.0695652	90.1845	34.125	-0.00285349	-0.00878946	0.996721	34.125	0	0
23	566280	-0.524348	-0.0947826	90.2051	34.125	-0.00276854	-0.00926665	0.996695	34.125	0	0
23	566290	-0.505913	-0.0769565	90.152	34.125	-0.00281213	-0.00935824	0.997015	34.125	0	0
23	566300	-0.507478	-0.0695652	90.171	34.125	-0.00306328	-0.00917136	0.996651	34.125	0	0
23	566310	-0.51513	-0.0582609	90.1513	34.125	-0.00275673	-0.00957911	0.996774	34.125	0	0
23	566320	-0.535652	-0.0741739	90.1699	34.125	-0.00284758	-0.00956729	0.9967	34.125	0	0
23	566330	-0.528522	-0.0707826	90.2051	34.125	-0.00295912	-0.00949563	0.996412	34.125	0	0
23	566340	-0.52313	-0.0704348	90.1246	34.125	-0.00279144	-0.00926221	0.996884	34.125	0	0
23	566350	-0.512783	-0.0814783	90.1515	34.125	-0.00273678	-0.00888845	0.996635	34.125	0	0
23	566360	-0.51913	-0.0745217	90.2054	34.125	-0.00275525	-0.00939296	0.996406	34.125	0	0
23	566370	-0.521826	-0.0837391	90.1524	34.125	-0.00277667	-0.00923193	0.996429	34.125	0	0
23	566380	-0.508435	-0.0613913	90.1836	34.125	-0.00289707	-0.00907016	0.996358	34.125	0	0
23	566390	-0.517652	-0.09	90.1789	34.125	-0.00264888	-0.00921789	0.996475	34.125	0	0
23	566400	-0.508261	-0.0591304	90.153	34.125	-0.00264888	-0.0094262	0.996468	34.125	0	0
23	566410	-0.506348	-0.0532174	90.1677	34.125	-0.0027065	-0.00899481	0.996658	34.125	0	0
23	566420	-0.523565	-0.0553043	90.1118	34.125	-0.00292736	-0.00998316	0.996664	34.125	0	0
23	566430	-0.511217	-0.0905217	90.1765	34.125	-0.00277889	-0.00941364	0.996731	34.125	0	0
23	566440	-0.506261	-0.0558261	90.1868	34.125	-0.00280178	-0.0091684	0.996457	34.125	0	0
23	566450	-0.510087	-0.0675652	90.1447	34.125	-0.00278036	-0.00932796	0.996644	34.125	0	0
23	566460	-0.527217	-0.0708696	90.15	34.125	-0.00277815	-0.00942103	0.996861	34.125	0	0
23	566470	-0.51087	-0.0581739	90.1512	34.125	-0.00297833	-0.00939148	0.996326	34.125	0	0
23	566480	-0.508522	-0.063913	90.1697	34.125	-0.00259717	-0.00949563	0.996386	34.125	0	0
23	566490	-0.513826	-0.0753913	90.166	34.125	-0.00291923	-0.00947052	0.99645	34.125	0	0
23	566500	-0.509391	-0.0555652	90.194	34.125	-0.0027811	-0.00980735	0.996365	34.125	0	0
23	566510	-0.521217	-0.0897391	90.122	34.125	-0.00288673	-0.0095141	0.996575	34.125	0	0
23	566520	-0.522783	-0.0575652	90.1269	34.125	-0.00293992	-0.00950967	0.996848	34.125	0	0
23	566530	-0.509739	-0.058	90.2114	34.125	-0.00290224	-0.00968547	0.996463	34.125	0	0
23	566540	-0.51887	-0.0666957	90.1592	34.125	-0.00308691	-0.00930653	0.996612	34.125	0	0
23	566550	-0.541304	-0.0905217	90.1684	34.125	-0.00290298	-0.00912851	0.996705	34.125	0	0
23	566560	-0.50087	-0.0801739	90.1369	34.125	-0.00299975	-0.00942398	0.996734	34.125	0	0
23	566570	-0.504087	-0.0894783	90.139	34.125	-0.00289116	-0.00925113	0.996505	34.125	0	0
23	566580	-0.514174	-0.0607826	90.1962	34.125	-0.00300123	-0.00902067	0.996671	34.125	0	0
23	566590	-0.512174	-0.0681739	90.1566	34.125	-0.00279809	-0.00897044	0.996225	34.125	0	0
23	566600	-0.514435	-0.0871304	90.175	34.125	-0.00283872	-0.00949194	0.996533	34.125	0	0
23	566610	-0.508087	-0.0663478	90.1506	34.125	-0.00272792	-0.00940108	0.997059	34.125	0	0
23	566620	-0.523043	-0.0732174	90.1703	34.125	-0.00285201	-0.00893055	0.996871	34.125	0	0
23	566630	-0.521478	-0.0882609	90.2035	34.125	-0.00292367	-0.00948012	0.996378	34.125	0	0
23	566640	-0.51313	-0.0826087	90.1649	34.125	-0.00271167	-0.00932057	0.996558	34.125	0	0
23	566650	-0.505217	-0.088	90.137	34.125	-0.00269689	-0.00931097	0.996446	34.125	0	0
23	566660	-0.51513	-0.075913	90.1349	34.125	-0.0027907	-0.00912925	0.996435	34.125	0	0
23	566670	-0.50713	-0.069913	90.1046	34.125	-0.00279661	-0.00937449	0.99633	34.125	0	0
23	566680	-0.532609	-0.0683478	90.128	34.125	-0.00278849	-0.00917062	0.9966	34.125	0	0
23	566690	-0.518174	-0.07	90.1402	34.125	-0.00276707	-0.00959388	0.996577	34.125	0	0
23	566700	-0.515565	-0.0546087	90.1805	34.125	-0.00251001	-0.00942103	0.996685	34.125	0	0
23	566710	-0.522522	-0.090087	90.1323	34.125	-0.00283207	-0.00914477	0.996364	34.125	0	0
23	566720	-0.507913	-0.0861739	90.1852	34.125	-0.00285792	-0.00932205	0.996386	34.125	0	0
23	566730	-0.52	-0.0704348	90.1853	34.125	-0.00276854	-0.00920312	0.9965	34.125	0	0
23	566740	-0.506087	-0.0828696	90.1455	34.125	-0.00268212	-0.00985537	0.996737	34.125	0	0
23	566750	-0.525391	-0.0747826	90.1623	34.125	-0.00271684	-0.00952888	0.996364	34.125	0	0
23	566760	-0.520696	-0.084	90.1438	34.125	-0.00283576	-0.0092829	0.996771	34.125	0	0
23	566770	-0.52	-0.0567826	90.1033	34.125	-0.00275156	-0.00974531	0.9968	34.125	0	0
23	566780	-0.523913	-0.071913	90.1693	34.125	-0.0026149	-0.00971871	0.996661	34.125	0	0
23	566790	-0.498609	-0.0714783	90.2179	34.125	-0.00284315	-0.00927403	0.996594	34.125	0	0
23	566800	-0.51687	-0.0970435	90.1024	34.125	-0.00280252	-0.00948308	0.997003	34.125	0	0
23	566810	-0.527478	-0.079913	90.1677	34.125	-0.00290594	-0.00977116	0.996675	34.125	0	0
23	566820	-0.528522	-0.0790435	90.1263	34.125	-0.00287491	-0.00986349	0.996655	34.125	0	0
23	566830	-0.507478	-0.0993043	90.1306	34.125	-0.00262524	-0.00963155	0.996466	34.125	0	0
23	566840	-0.530783	-0.0736522	90.1587	34.125	-0.00283355	-0.0092238	0.996435	34.125	0	0
23	566850	-0.51113	-0.0805217	90.1435	34.125	-0.0029739	-0.00917948	0.996321	34.125	0	0
23	566860	-0.504261	-0.0568696	90.2016	34.125	-0.00264519	-0.00952149	0.996426	34.125	0	0
23	566870	-0.531913	-0.0951304	90.1738	34.125	-0.00283429	-0.00943432	0.996762	34.125	0	0
23	566880	-0.507652	-0.056087	90.189	34.125	-0.00266587	-0.00953774	0.996583	34.125	0	0
23	566890	-0.508956	-0.068	90.1236	34.125	-0.00267843	-0.00972388	0.99691	34.125	0	0
23	566900	-0.49513	-0.0586956	90.1705	34.125	-0.00276854	-0.00957615	0.996776	34.125	0	0
23	566910	-0.515304	-0.101391	90.1278	34.125	-0.00315192	-0.00923488	0.996577	34.125	0	0
23	566920	-0.523565	-0.0854783	90.1661	34.125	-0.00302265	-0.00948086	0.996486	34.125	0	0
23	566930	-0.508609	-0.0666087	90.1828	34.125	-0.00273383	-0.00944097	0.996776	34.125	0	0
23	566940	-0.516609	-0.0791304	90.1702	34.125	-0.00282985	-0.00943432	0.996559	34.125	0	0
23	566950	-0.511826	-0.0947826	90.2496	34.125	-0.00310464	-0.00938336	0.996668	34.125	0	0
23	566960	-0.512348	-0.0840869	90.1238	34.125	-0.00269246	-0.00956655	0.996813	34.125	0	0
23	566970	-0.511304	-0.0761739	90.1638	34.125	-0.00296651	-0.00948086	0.996687	34.125	0	0
23	566980	-0.515478	-0.0761739	90.1684	34.1875	-0.00273678	-0.00913959	0.996488	34.1875	0	0
23	566990	-0.504348	-0.0657391	90.1376	34.125	-0.00280769	-0.0091359	0.996912	34.125	0	0
23	567000	-0.509478	-0.0774783	90.2104	34.125	-0.00264666	-0.00944467	0.9968	34.125	0	0
23	567010	-0.52713	-0.0809565	90.2296	34.125	-0.00283059	-0.00931171	0.996396	34.125	0	0
23	567020	-0.508783	-0.0691304	90.1337	34.125	-0.00271241	-0.00909675	0.996421	34.125	0	0
23	567030	-0.512	-0.0758261	90.1224	34.125	-0.00277445	-0.00931614	0.996437	34.125	0	0
23	567040	-0.509391	-0.0645217	90.165	34.125	-0.00272866	-0.00914624	0.996615	34.125	0	0
23	567050	-0.539304	-0.0793913	90.1928	34.125	-0.00264149	-0.00920386	0.996587	34.125	0	0
23	567060	-0.515217	-0.0735652	90.1699	34.125	-0.00286383	-0.00931466	0.997012	34.125	0	0
23	567070	-0.520609	-0.0794783	90.1651	34.1875	-0.00299606	-0.00960053	0.996651	34.1875	0	0
23	567080	-0.494348	-0.0801739	90.2042	34.125	-0.00296134	-0.00938557	0.996787	34.125	0	0
23	567090	-0.506957	-0.0689565	90.1977	34.125	-0.00278923	-0.00909232	0.996886	34.125	0	0
23	567100	-0.508087	-0.0933913	90.1599	34.125	-0.00291776	-0.00907976	0.9969	34.125	0	0
23	567110	-0.515739	-0.0643478	90.1654	34.125	-0.00259126	-0.00916175	0.99668	34.125	0	0
23	567120	-0.537044	-0.0912174	90.2396	34.125	-0.00272718	-0.00898226	0.996429	34.125	0	0
23	567130	-0.523304	-0.0710435	90.1313	34.125	-0.00270576	-0.00935603	0.996239	34.125	0	0
23	567140	-0.521478	-0.08	90.1366	34.125	-0.00271241	-0.00930727	0.996282	34.125	0	0
23	567150	-0.528522	-0.0746957	90.1025	34.125	-0.00283059	-0.00944541	0.996948	34.125	0	0
23	567160	-0.536348	-0.074087	90.151	34.125	-0.00261933	-0.00952297	0.99637	34.125	0	0
23	567170	-0.512522	-0.0732174	90.1236	34.125	-0.00267769	-0.00933387	0.996743	34.125	0	0
23	567180	-0.515304	-0.0821739	90.1537	34.125	-0.00271167	-0.00929693	0.996787	34.125	0	0
23	567190	-0.532	-0.0817391	90.1188	34.125	-0.00277962	-0.00981696	0.99648	34.125	0	0
23	567200	-0.530522	-0.0711304	90.1861	34.125	-0.00265553	-0.00957615	0.996541	34.125	0	0
23	567210	-0.524696	-0.084	90.1384	34.125	-0.00263928	-0.00940847	0.99664	34.125	0	0
23	567220	-0.52113	-0.0647826	90.1564	34.125	-0.00270428	-0.00929324	0.996634	34.125	0	0
23	567230	-0.51487	-0.0853043	90.1458	34.125	-0.00288452	-0.00931244	0.996771	34.125	0	0
23	567240	-0.522087	-0.0746087	90.141	34.125	-0.00267769	-0.00909749	0.996254	34.125	0	0
23	567250	-0.526348	-0.0748696	90.1309	34.125	-0.00277889	-0.00919943	0.996748	34.125	0	0
23	567260	-0.516783	-0.092	90.2602	34.125	-0.00276633	-0.00933017	0.996724	34.125	0	0
23	567270	-0.519565	-0.0872174	90.1689	34.125	-0.00265405	-0.00937671	0.996451	34.125	0	0
23	567280	-0.530348	-0.0533043	90.1615	34.125	-0.00272496	-0.00925926	0.996647	34.125	0	0
23	567290	-0.515739	-0.0658261	90.145	34.125	-0.00256024	-0.0095828	0.996875	34.125	0	0
23	567300	-0.518	-0.0941739	90.1392	34.125	-0.0029148	-0.00953626	0.996988	34.125	0	0
23	567310	-0.519565	-0.08	90.1532	34.125	-0.00273013	-0.00940182	0.996935	34.125	0	0
23	567320	-0.495304	-0.0748696	90.1323	34.125	-0.00268951	-0.00946535	0.996655	34.125	0	0
23	567330	-0.534696	-0.0623478	90.1623	34.125	-0.00272792	-0.0095178	0.996454	34.125	0	0
23	567340	-0.51087	-0.067913	90.1508	34.125	-0.00285571	-0.009537	0.996832	34.125	0	0
23	567350	-0.499304	-0.0752174	90.1345	34.125	-0.00274417	-0.00944541	0.996935	34.125	0	0
23	567360	-0.507217	-0.0893044	90.1318	34.125	-0.00292736	-0.00933682	0.996811	34.125	0	0
23	567370	-0.518609	-0.0878261	90.0997	34.125	-0.00279735	-0.00940626	0.996206	34.125	0	0
23	567380	-0.517391	-0.0607826	90.1256	34.125	-0.00270428	-0.00940256	0.996368	34.125	0	0
23	567390	-0.512957	-0.0607826	90.1511	34.125	-0.0028919	-0.00932057	0.996597	34.125	0	0
23	567400	-0.51313	-0.0715652	90.0947	34.125	-0.00287417	-0.00959166	0.99662	34.125	0	0
23	567410	-0.510696	-0.0622609	90.1617	34.125	-0.00275525	-0.00926517	0.996873	34.125	0	0
23	567420	-0.540522	-0.0830435	90.1703	34.125	-0.00273678	-0.00943285	0.996516	34.125	0	0
23	567430	-0.499913	-0.0875652	90.1841	34.125	-0.00278997	-0.0090805	0.996728	34.125	0	0
23	567440	-0.509739	-0.0850435	90.1623	34.125	-0.00283355	-0.00933756	0.996631	34.125	0	0
23	567450	-0.504522	-0.0706957	90.14	34.125	-0.00274934	-0.00939591	0.996213	34.125	0	0
23	567460	-0.514261	-0.069913	90.1968	34.125	-0.00282321	-0.00970394	0.996369	34.125	0	0
23	567470	-0.522261	-0.0718261	90.2139	34.125	-0.00255137	-0.00943876	0.996321	34.125	0	0
23	567480	-0.517043	-0.0873043	90.2114	34.125	-0.00273752	-0.00930801	0.996581	34.125	0	0
23	567490	-0.513739	-0.0686087	90.1776	34.125	-0.00294509	-0.00941216	0.99659	34.125	0	0
23	567500	-0.514087	-0.0976522	90.1796	34.125	-0.00280991	-0.00929028	0.996892	34.125	0	0
23	567510	-0.526261	-0.0777391	90.1773	34.125	-0.00291702	-0.00925778	0.996499	34.125	0	0
23	567520	-0.529826	-0.0669565	90.1865	34.125	-0.00273678	-0.00938631	0.996771	34.125	0	0
23	567530	-0.514609	-0.0845217	90.1766	34.125	-0.00305293	-0.00927477	0.996604	34.125	0	0
23	567540	-0.50687	-0.090087	90.1527	34.125	-0.00280326	-0.00948751	0.996754	34.125	0	0
23	567550	-0.51087	-0.0718261	90.1632	34.125	-0.00292367	-0.00944319	0.99695	34.125	0	0
23	567560	-0.515391	-0.0861739	90.1288	34.125	-0.0027944	-0.0095828	0.996457	34.125	0	0
23	567570	-0.521913	-0.0690435	90.159	34.125	-0.00250632	-0.00936267	0.996762	34.125	0	0
23	567580	-0.516	-0.0788696	90.1819	34.125	-0.00254768	-0.00967883	0.996494	34.125	0	0
23	567590	-0.522696	-0.0798261	90.1497	34.125	-0.00282099	-0.0093154	0.996608	34.125	0	0
23	567600	-0.522261	-0.0673044	90.1364	34.1875	-0.00263263	-0.00946018	0.996907	34.1875	0	0
23	567610	-0.537304	-0.0656522	90.1769	34.125	-0.00292588	-0.00957984	0.996942	34.125	0	0
23	567620	-0.526435	-0.0827826	90.1694	34.125	-0.00278701	-0.00938779	0.996276	34.125	0	0
23	567630	-0.524522	-0.0712174	90.1617	34.125	-0.00265627	-0.00932722	0.996994	34.125	0	0
23	567640	-0.531217	-0.078	90.1457	34.125	-0.00261638	-0.00934273	0.996774	34.125	0	0
23	567650	-0.513304	-0.0664348	90.1076	34.125	-0.00294287	-0.00949046	0.996505	34.125	0	0
23	567660	-0.51487	-0.0832174	90.1635	34.125	-0.00284315	-0.0100304	0.996839	34.125	0	0
23	567670	-0.526261	-0.0706957	90.127	34.125	-0.00284315	-0.00979701	0.996595	34.125	0	0
23	567680	-0.514696	-0.0577391	90.1911	34.125	-0.00283281	-0.00912334	0.996778	34.125	0	0
23	567690	-0.527217	-0.0784348	90.1475	34.125	-0.00272422	-0.00952444	0.996598	34.125	0	0
23	567700	-0.520435	-0.055913	90.1581	34.125	-0.0028727	-0.00974013	0.996502	34.125	0	0
23	567710	-0.498783	-0.06	90.1583	34.125	-0.00271462	-0.00917357	0.996972	34.125	0	0
23	567720	-0.53313	-0.0629565	90.1845	34.125	-0.0029052	-0.00929989	0.996308	34.125	0	0
23	567730	-0.521217	-0.0690435	90.1258	34.125	-0.00287491	-0.00971871	0.996502	34.125	0	0
23	567740	-0.511478	-0.0687826	90.2064	34.125	-0.00283872	-0.00944836	0.996711	34.125	0	0
23	567750	-0.51287	-0.084	90.123	34.125	-0.00279661	-0.00964928	0.996968	34.125	0	0
23	567760	-0.508261	-0.0558261	90.1448	34.125	-0.00279366	-0.00932426	0.997051	34.125	0	0
23	567770	-0.517391	-0.0793043	90.1135	34.125	-0.00290298	-0.0091492	0.996539	34.125	0	0
23	567780	-0.508783	-0.0689565	90.1796	34.125	-0.00288378	-0.00902362	0.996446	34.125	0	0
23	567790	-0.511913	-0.0787826	90.1663	34.125	-0.00282394	-0.00946757	0.99645	34.125	0	0
23	567800	-0.516	-0.0952174	90.1723	34.125	-0.00282616	-0.00952223	0.99652	34.125	0	0
23	567810	-0.501043	-0.0842609	90.1863	34.125	-0.00294656	-0.00930136	0.996705	34.125	0	0
23	567820	-0.515826	-0.0785217	90.1688	34.125	-0.00279661	-0.00914772	0.996819	34.125	0	0
23	567830	-0.517304	-0.0806087	90.1815	34.125	-0.00288599	-0.00914846	0.996433	34.125	0	0
23	567840	-0.508	-0.081913	90.1605	34.125	-0.00303077	-0.00912704	0.996685	34.125	0	0
23	567850	-0.499391	-0.0691304	90.1728	34.125	-0.00285423	-0.00946166	0.996337	34.125	0	0
23	567860	-0.514696	-0.0503478	90.1377	34.125	-0.00290077	-0.0091034	0.996748	34.125	0	0
23	567870	-0.512087	-0.0743478	90.2095	34.125	-0.0025824	-0.00937375	0.996444	34.125	0	0
23	567880	-0.527391	-0.0804348	90.1104	34.125	-0.00286457	-0.00919795	0.996565	34.125	0	0
23	567890	-0.522435	-0.0815652	90.1597	34.125	-0.00278997	-0.00950671	0.996457	34.125	0	0
23	567900	-0.518957	-0.0842609	90.1514	34.125	-0.00270428	-0.0095503	0.996533	34.125	0	0
23	567910	-0.511913	-0.0596522	90.2112	34.125	-0.00282025	-0.00936858	0.99605	34.125	0	0
23	567920	-0.509913	-0.0541739	90.1626	34.125	-0.00278553	-0.00937375	0.996596	34.125	0	0
23	567930	-0.519478	-0.06	90.1231	34.125	-0.00284611	-0.00907607	0.99664	34.125	0	0
23	567940	-0.52	-0.0661739	90.1672	34.125	-0.00258314	-0.00955251	0.996646	34.125	0	0
23	567950	-0.518348	-0.0735652	90.1565	34.125	-0.00267695	-0.00920534	0.996539	34.125	0	0
23	567960	-0.515739	-0.0803478	90.1214	34.125	-0.00275008	-0.00968473	0.996784	34.125	0	0
23	567970	-0.501739	-0.0698261	90.1381	34.125	-0.00263411	-0.00935603	0.996793	34.125	0	0
23	567980	-0.514087	-0.0948696	90.1522	34.125	-0.00245904	-0.0090384	0.996468	34.125	0	0
23	567990	-0.518	-0.0658261	90.1243	34.125	-0.00266291	-0.00936858	0.99645	34.125	0	0
23	568000	-0.550174	-0.0676522	90.1584	34.125	-0.00260308	-0.00970246	0.996764	34.125	0	0
23	568010	-0.534609	-0.0806087	90.1773	34.125	-0.0029281	-0.00961013	0.996656	34.125	0	0
23	568020	-0.516174	-0.0625217	90.1777	34.125	-0.00274343	-0.0093154	0.997112	34.125	0	0
23	568030	-0.508	-0.0747826	90.1482	34.125	-0.00280105	-0.0097357	0.996571	34.125	0	0
23	568040	-0.500609	-0.0726087	90.1863	34.125	-0.00285054	-0.00909232	0.996658	34.125	0	0
23	568050	-0.517391	-0.0668696	90.2298	34.125	-0.00297242	-0.00911079	0.996493	34.125	0	0
23	568060	-0.520261	-0.0714783	90.2001	34.125	-0.00277519	-0.00936932	0.996542	34.125	0	0
23	568070	-0.515739	-0.055913	90.162	34.125	-0.00271684	-0.00953626	0.996386	34.125	0	0
23	568080	-0.51087	-0.0726087	90.1709	34.125	-0.00279292	-0.00943654	0.996299	34.125	0	0
23	568090	-0.518696	-0.0693913	90.1857	34.125	-0.00242285	-0.00932648	0.996482	34.125	0	0
23	568100	-0.513739	-0.0563478	90.1781	34.125	-0.00269911	-0.00960274	0.996768	34.125	0	0
23	568110	-0.514956	-0.0686956	90.148	34.125	-0.00270133	-0.00958797	0.996536	34.125	0	0
23	568120	-0.526609	-0.0693043	90.1525	34.125	-0.00292958	-0.00963746	0.996581	34.125	0	0
23	568130	-0.508956	-0.0824348	90.1787	34.125	-0.00282247	-0.00895714	0.996352	34.125	0	0
23	568140	-0.508	-0.0435652	90.2147	34.125	-0.00285423	-0.00929767	0.996634	34.125	0	0
23	568150	-0.50487	-0.0703478	90.1637	34.125	-0.00273678	-0.00935898	0.996494	34.125	0	0
23	568160	-0.507739	-0.0565217	90.1602	34.125	-0.00299975	-0.00897192	0.996655	34.125	0	0
23	568170	-0.511739	-0.0605217	90.1155	34.125	-0.00275894	-0.0094949	0.996695	34.125	0	0
23	568180	-0.518348	-0.0691304	90.183	34.125	-0.00299458	-0.00929545	0.996051	34.125	0	0
23	568190	-0.514087	-0.0774783	90.0918	34.125	-0.00280105	-0.0093937	0.996445	34.125	0	0
23	568200	-0.52	-0.0630435	90.1869	34.125	-0.00260456	-0.00947347	0.996391	34.125	0	0
23	568210	-0.498522	-0.0689565	90.1297	34.125	-0.00269911	-0.00932722	0.996725	34.125	0	0
23	568220	-0.523652	-0.0801739	90.146	34.125	-0.00287639	-0.00912039	0.99635	34.125	0	0
23	568230	-0.50487	-0.0625217	90.1846	34.1875	-0.00290594	-0.00910635	0.996373	34.1875	0	0
23	568240	-0.511565	-0.0646956	90.1938	34.125	-0.00283207	-0.00955104	0.99671	34.125	0	0
23	568250	-0.512435	-0.0889565	90.1463	34.125	-0.00296577	-0.00917727	0.996738	34.125	0	0
23	568260	-0.527913	-0.0696522	90.1724	34.125	-0.0030064	-0.0093058	0.99657	34.125	0	0
23	568270	-0.499652	-0.0921739	90.191	34.125	-0.00283576	-0.00932352	0.996526	34.125	0	0
23	568280	-0.516609	-0.0687826	90.15	34.125	-0.00278332	-0.0094166	0.996276	34.125	0	0
23	568290	-0.52113	-0.0673044	90.0815	34.125	-0.00312311	-0.00917283	0.996158	34.125	0	0
23	568300	-0.523913	-0.0682609	90.131	34.125	-0.00293475	-0.00885151	0.996348	34.125	0	0
23	568310	-0.520609	-0.0696522	90.172	34.125	-0.00264519	-0.00914033	0.996827	34.125	0	0
23	568320	-0.531478	-0.0733043	90.137	34.125	-0.00280843	-0.00939887	0.996389	34.125	0	0
23	568330	-0.526435	-0.0573913	90.1438	34.125	-0.00272127	-0.0094587	0.996691	34.125	0	0
23	568340	-0.527913	-0.0813043	90.1601	34.125	-0.00268877	-0.00950819	0.996482	34.125	0	0
23	568350	-0.515826	-0.0705217	90.1469	34.125	-0.00260973	-0.00968473	0.996443	34.125	0	0
23	568360	-0.515652	-0.0827826	90.1636	34.125	-0.00272496	-0.00968621	0.99622	34.125	0	0
23	568370	-0.523478	-0.0897391	90.1079	34.125	-0.0028365	-0.00901919	0.996435	34.125	0	0
23	568380	-0.53	-0.0811304	90.2106	34.125	-0.0027065	-0.00926148	0.996908	34.125	0	0
23	568390	-0.502087	-0.066087	90.1538	34.125	-0.00269098	-0.00918096	0.996462	34.125	0	0
23	568400	-0.536	-0.0798261	90.1471	34.125	-0.00243688	-0.0092792	0.996774	34.125	0	0
23	568410	-0.517478	-0.0806087	90.159	34.125	-0.00251296	-0.00960053	0.996585	34.125	0	0
23	568420	-0.52313	-0.078087	90.1433	34.125	-0.00287344	-0.00917948	0.996422	34.125	0	0
23	568430	-0.514174	-0.0809565	90.1718	34.125	-0.00288525	-0.00947421	0.996178	34.125	0	0
23	568440	-0.51887	-0.0573043	90.1408	34.125	-0.00269985	-0.00926074	0.996324	34.125	0	0
23	568450	-0.519739	-0.0652174	90.1853	34.125	-0.0028956	-0.00949416	0.996156	34.125	0	0
23	568460	-0.523913	-0.0828696	90.1351	34.125	-0.00279809	-0.00955916	0.996717	34.125	0	0
23	568470	-0.505043	-0.0804348	90.169	34.125	-0.0028727	-0.00914255	0.996541	34.125	0	0
23	568480	-0.536435	-0.102957	90.148	34.125	-0.0027907	-0.00948455	0.996635	34.125	0	0
23	568490	-0.514348	-0.0550435	90.1641	34.125	-0.00288969	-0.00898152	0.996505	34.125	0	0
23	568500	-0.524087	-0.0871304	90.1321	34.125	-0.00271831	-0.00979184	0.99668	34.125	0	0
23	568510	-0.528522	-0.0616522	90.1624	34.125	-0.00284315	-0.00924449	0.996495	34.125	0	0
23	568520	-0.522348	-0.0863478	90.1536	34.125	-0.00309725	-0.0093058	0.996609	34.125	0	0
23	568530	-0.510522	-0.0738261	90.146	34.125	-0.00282468	-0.0092371	0.9967	34.125	0	0
23	568540	-0.505826	-0.0574783	90.1277	34.125	-0.00294656	-0.00953848	0.996748	34.125	0	0
23	568550	-0.52687	-0.0573043	90.1463	34.125	-0.00285497	-0.00915215	0.996449	34.125	0	0
23	568560	-0.520435	-0.0892174	90.1248	34.125	-0.00299015	-0.00967144	0.996236	34.125	0	0
23	568570	-0.512783	-0.0786956	90.1511	34.125	-0.00297168	-0.00953922	0.996706	34.125	0	0
23	568580	-0.511826	-0.0586956	90.1585	34.125	-0.00299679	-0.00957911	0.996719	34.125	0	0
23	568590	-0.519826	-0.0723478	90.2061	34.125	-0.00303742	-0.00892243	0.996414	34.125	0	0
23	568600	-0.516261	-0.0763478	90.109	34.125	-0.00269763	-0.00930136	0.996615	34.125	0	0
23	568610	-0.51313	-0.0641739	90.193	34.125	-0.00266439	-0.00942324	0.996919	34.125	0	0
23	568620	-0.537304	-0.0643478	90.1683	34.125	-0.00301452	-0.00936637	0.996627	34.125	0	0
23	568630	-0.509304	-0.0609565	90.1635	34.125	-0.00284241	-0.00929989	0.996695	34.125	0	0
23	568640	-0.529565	-0.0861739	90.1517	34.125	-0.00291259	-0.0090613	0.996904	34.125	0	0
23	568650	-0.515304	-0.0707826	90.185	34.125	-0.0026703	-0.00905834	0.996556	34.125	0	0
23	568660	-0.532435	-0.0786956	90.1783	34.125	-0.00279735	-0.00947865	0.996367	34.125	0	0
23	568670	-0.508261	-0.0690435	90.1092	34.125	-0.00301083	-0.00914698	0.996683	34.125	0	0
23	568680	-0.518522	-0.0675652	90.1673	34.125	-0.00286679	-0.00925261	0.996687	34.125	0	0
23	568690	-0.509652	-0.0641739	90.1753	34.125	-0.00265848	-0.00946018	0.996346	34.125	0	0
23	568700	-0.522956	-0.0678261	90.1732	34.125	-0.00294361	-0.00952149	0.996647	34.125	0	0
23	568710	-0.520696	-0.0691304	90.1748	34.125	-0.0026799	-0.00931244	0.996403	34.125	0	0
23	568720	-0.508174	-0.0888696	90.1709	34.125	-0.0026149	-0.00935233	0.996889	34.125	0	0
23	568730	-0.529478	-0.072087	90.1794	34.125	-0.00274195	-0.00920681	0.996535	34.125	0	0
23	568740	-0.521391	-0.0647826	90.1132	34.125	-0.0027486	-0.00943506	0.996936	34.125	0	0
23	568750	-0.518957	-0.0846957	90.1519	34.125	-0.00247677	-0.00932574	0.996457	34.125	0	0
23	568760	-0.519391	-0.0548696	90.1023	34.125	-0.00286236	-0.00959609	0.996329	34.125	0	0
23	568770	-0.516	-0.0614783	90.153	34.125	-0.00269172	-0.00957763	0.996807	34.125	0	0
23	568780	-0.512609	-0.0691304	90.2074	34.125	-0.00288895	-0.00951853	0.996815	34.125	0	0
23	568790	-0.502261	-0.0917391	90.1623	34.125	-0.00279292	-0.00942842	0.996567	34.125	0	0
23	568800	-0.51287	-0.0837391	90.1321	34.125	-0.0028956	-0.00926739	0.996466	34.125	0	0
23	568810	-0.503565	-0.0855652	90.1274	34.125	-0.00290298	-0.00957911	0.996717	34.125	0	0
23	568820	-0.512696	-0.0549565	90.2069	34.125	-0.00262967	-0.00946239	0.996385	34.125	0	0
23	568830	-0.529478	-0.07	90.1484	34.125	-0.00266587	-0.0089601	0.99693	34.125	0	0
23	568840	-0.512957	-0.0782609	90.113	34.125	-0.0026836	-0.00920903	0.996565	34.125	0	0
23	568850	-0.546	-0.0721739	90.1406	34.125	-0.002739	-0.00923045	0.996499	34.125	0	0
23	568860	-0.523043	-0.0752174	90.1594	34.125	-0.00281582	-0.009749	0.996455	34.125	0	0
23	568870	-0.500522	-0.0745217	90.1941	34.125	-0.00280252	-0.0093287	0.996649	34.125	0	0
23	568880	-0.508956	-0.0654783	90.152	34.125	-0.00290372	-0.00941069	0.996786	34.125	0	0
23	568890	-0.516522	-0.0585217	90.1611	34.125	-0.00271388	-0.00938336	0.996594	34.125	0	0
23	568900	-0.529043	-0.0616522	90.1654	34.125	-0.00285201	-0.00955325	0.996306	34.125	0	0
23	568910	-0.50087	-0.0566087	90.1301	34.125	-0.00322283	-0.00951706	0.99665	34.125	0	0
23	568920	-0.525478	-0.0532174	90.1496	34.125	-0.00272201	-0.0093346	0.996805	34.125	0	0
23	568930	-0.505739	-0.0773043	90.1861	34.125	-0.00285275	-0.00929176	0.996455	34.125	0	0
23	568940	-0.531826	-0.066	90.089	34.125	-0.00289116	-0.00948825	0.99632	34.125	0	0
23	568950	-0.505478	-0.0686956	90.1232	34.125	-0.00304259	-0.00967809	0.99692	34.125	0	0
23	568960	-0.515913	-0.0653913	90.1561	34.125	-0.00291776	-0.00922602	0.996551	34.125	0	0
23	568970	-0.526348	-0.0894783	90.1297	34.125	-0.00280843	-0.0093708	0.996788	34.125	0	0
23	568980	-0.511913	-0.0746087	90.1797	34.125	-0.00291702	-0.00944393	0.996743	34.125	0	0
23	568990	-0.512696	-0.0773043	90.101	34.125	-0.00307953	-0.00935012	0.996967	34.125	0	0
23	569000	-0.516261	-0.0634783	90.1789	34.125	-0.00284906	-0.00943063	0.99663	34.125	0	0
23	569010	-0.508696	-0.0631304	90.1224	34.125	-0.00293179	-0.00922676	0.996497	34.125	0	0
23	569020	-0.507043	-0.0901739	90.1773	34.125	-0.00268877	-0.00946092	0.996375	34.125	0	0
23	569030	-0.528348	-0.0767826	90.1735	34.125	-0.00279809	-0.00916175	0.996245	34.125	0	0
23	569040	-0.521043	-0.0914783	90.136	34.125	-0.00282912	-0.00987383	0.996674	34.125	0	0
23	569050	-0.509565	-0.072087	90.1801	34.125	-0.00289486	-0.00953257	0.996524	34.125	0	0
23	569060	-0.525391	-0.0801739	90.1491	34.125	-0.00301009	-0.00937819	0.99638	34.125	0	0
23	569070	-0.529826	-0.0945217	90.1796	34.125	-0.00317925	-0.00945058	0.996589	34.125	0	0
23	569080	-0.526348	-0.075913	90.1698	34.125	-0.0029377	-0.00923414	0.996524	34.125	0	0
23	569090	-0.50913	-0.0605217	90.15	34.125	-0.00305293	-0.00909232	0.996299	34.125	0	0
23	569100	-0.518	-0.0577391	90.1599	34.125	-0.00288082	-0.00927403	0.996422	34.125	0	0
23	569110	-0.512087	-0.08	90.2162	34.125	-0.00277519	-0.00935012	0.996771	34.125	0	0
23	569120	-0.506957	-0.0746087	90.1663	34.125	-0.00278406	-0.00961973	0.996715	34.125	0	0
23	569130	-0.525391	-0.0837391	90.1786	34.125	-0.00282468	-0.0091913	0.996553	34.125	0	0
23	569140	-0.514783	-0.0725217	90.1565	34.125	-0.00260234	-0.00906573	0.99627	34.125	0	0
23	569150	-0.517043	-0.0884348	90.1623	34.125	-0.00265553	-0.00905317	0.996843	34.125	0	0
23	569160	-0.518	-0.0791304	90.1805	34.125	-0.00268655	-0.00948825	0.996637	34.125	0	0
23	569170	-0.512696	-0.0592174	90.1803	34.125	-0.00286162	-0.00910931	0.996656	34.125	0	0
23	569180	-0.518957	-0.0773043	90.1404	34.125	-0.00271905	-0.00931983	0.996701	34.125	0	0
23	569190	-0.52	-0.0732174	90.1176	34.125	-0.00270576	-0.00932943	0.996344	34.125	0	0
23	569200	-0.535304	-0.0777391	90.1497	34.125	-0.0026799	-0.00937302	0.996354	34.125	0	0
23	569210	-0.517391	-0.0907826	90.1992	34.125	-0.00251887	-0.00955399	0.996525	34.125	0	0
23	569220	-0.502609	-0.0726957	90.1463	34.125	-0.00269763	-0.00912261	0.996236	34.125	0	0
23	569230	-0.514609	-0.0671304	90.1515	34.125	-0.00296577	-0.00947938	0.99607	34.125	0	0
23	569240	-0.514956	-0.0756522	90.1696	34.125	-0.00300418	-0.00926812	0.996494	34.125	0	0
23	569250	-0.52	-0.087913	90.1439	34.125	-0.00294435	-0.00924005	0.996451	34.125	0	0
23	569260	-0.520348	-0.0747826	90.2331	34.0625	-0.00283355	-0.00961161	0.996544	34.0625	0	0
23	569270	-0.517739	-0.0612174	90.1428	34.0625	-0.0031497	-0.00943654	0.996796	34.0625	0	0
23	569280	-0.515652	-0.0661739	90.168	34.125	-0.00302265	-0.0094816	0.99655	34.125	0	0
23	569290	-0.523739	-0.0821739	90.1741	34.125	-0.00281213	-0.00954143	0.996471	34.125	0	0
23	569300	-0.504174	-0.064087	90.1906	34.125	-0.00286014	-0.00944467	0.996288	34.125	0	0
23	569310	-0.521739	-0.0598261	90.1571	34.125	-0.00299458	-0.00961235	0.996735	34.125	0	0
23	569320	-0.501478	-0.0834783	90.1465	34.125	-0.00283059	-0.00931983	0.99678	34.125	0	0
23	569330	-0.515739	-0.066	90.1396	34.125	-0.00300418	-0.0092792	0.996632	34.125	0	0
23	569340	-0.491652	-0.0665217	90.173	34.125	-0.00278701	-0.00951189	0.996985	34.125	0	0
23	569350	-0.52513	-0.0918261	90.1602	34.125	-0.00273383	-0.00935233	0.996544	34.125	0	0
23	569360	-0.502609	-0.0682609	90.1875	34.125	-0.00284389	-0.0091359	0.996881	34.125	0	0
23	569370	-0.514609	-0.0833043	90.1163	34.0625	-0.00278406	-0.00927108	0.996658	34.0625	0	0
23	569380	-0.518174	-0.0838261	90.1328	34.125	-0.00264519	-0.00910266	0.996573	34.125	0	0
23	569390	-0.509913	-0.0734783	90.1821	34.0625	-0.00284093	-0.00948234	0.996364	34.0625	0	0
23	569400	-0.513217	-0.0693043	90.1941	34.125	-0.00325681	-0.00931244	0.996681	34.125	0	0
23	569410	-0.514	-0.092	90.1539	34.125	-0.00284167	-0.00931466	0.996634	34.125	0	0
23	569420	-0.501913	-0.0812174	90.1573	34.125	-0.00278849	-0.00935529	0.996265	34.125	0	0
23	569430	-0.510696	-0.0589565	90.1438	34.125	-0.0027161	-0.00936858	0.996317	34.125	0	0
23	569440	-0.515565	-0.071913	90.1525	34.125	-0.00275894	-0.00914329	0.996379	34.125	0	0
23	569450	-0.53113	-0.0955652	90.1823	34.125	-0.0028498	-0.0092275	0.996557	34.125	0	0
23	569460	-0.515913	-0.0831304	90.2207	34.0625	-0.00292514	-0.00928955	0.996467	34.0625	0	0
23	569470	-0.511391	-0.0798261	90.2443	34.125	-0.00306549	-0.00894606	0.996624	34.125	0	0
23	569480	-0.521391	-0.0793043	90.1744	34.125	-0.00241694	-0.00921937	0.996157	34.125	0	0
23	569490	-0.518783	-0.0722609	90.1896	34.0625	-0.00289707	-0.00934864	0.99652	34.0625	0	0
23	569500	-0.533217	-0.088087	90.1328	34.125	-0.0027065	-0.00939074	0.996351	34.125	0	0
23	569510	-0.52713	-0.0974783	90.161	34.125	-0.00298202	-0.00953035	0.996687	34.125	0	0
23	569520	-0.506348	-0.0924348	90.1705	34.125	-0.0025957	-0.00958354	0.996647	34.125	0	0
23	569530	-0.506783	-0.0856522	90.1966	34.125	-0.00270354	-0.0095237	0.996577	34.125	0	0
23	569540	-0.522261	-0.0676522	90.139	34.125	-0.00277889	-0.00954956	0.996567	34.125	0	0
23	569550	-0.515739	-0.0606957	90.183	34.125	-0.00265848	-0.00926443	0.996461	34.125	0	0
23	569560	-0.530522	-0.0806956	90.1617	34.125	-0.00295617	-0.00942915	0.996556	34.125	0	0
23	569570	-0.53	-0.0817391	90.1314	34.125	-0.00266587	-0.00960348	0.996651	34.125	0	0
23	569580	-0.536261	-0.0854783	90.2243	34.125	-0.00288599	-0.00956802	0.996618	34.125	0	0
23	569590	-0.512261	-0.0826087	90.1748	34.125	-0.00283946	-0.00905095	0.996214	34.125	0	0
23	569600	-0.511826	-0.076087	90.16	34.125	-0.00274195	-0.00960717	0.996611	34.125	0	0
23	569610	-0.535217	-0.0881739	90.1654	34.125	-0.00275746	-0.00921272	0.996771	34.125	0	0
23	569620	-0.511913	-0.0804348	90.1476	34.125	-0.00238961	-0.00946757	0.996583	34.125	0	0
23	569630	-0.528261	-0.072087	90.1338	34.125	-0.00276485	-0.00946166	0.996757	34.125	0	0
23	569640	-0.512696	-0.0703478	90.21	34.125	-0.00294213	-0.00900442	0.996678	34.125	0	0
23	569650	-0.510696	-0.0883478	90.1715	34.125	-0.0027944	-0.00965371	0.996633	34.125	0	0
23	569660	-0.507913	-0.0728696	90.2171	34.125	-0.00259791	-0.00932205	0.996579	34.125	0	0
23	569670	-0.51113	-0.08	90.1513	34.125	-0.00299827	-0.00901919	0.996561	34.125	0	0
23	569680	-0.514956	-0.0806087	90.0843	34.125	-0.00268064	-0.0091034	0.996629	34.125	0	0
23	569690	-0.528348	-0.0748696	90.1204	34.125	-0.00268803	-0.00965888	0.996472	34.125	0	0
23	569700	-0.512522	-0.0852174	90.1265	34.125	-0.00290298	-0.00945205	0.996612	34.125	0	0
23	569710	-0.506435	-0.0601739	90.1473	34.125	-0.0027028	-0.009537	0.996468	34.125	0	0
23	569720	-0.50713	-0.0521739	90.1457	34.125	-0.00251149	-0.00965814	0.996497	34.125	0	0
23	569730	-0.527217	-0.0711304	90.1619	34.125	-0.00265183	-0.00968104	0.996635	34.125	0	0
23	569740	-0.505478	-0.0533043	90.2239	34.125	-0.00285423	-0.00953109	0.996404	34.125	0	0
23	569750	-0.514956	-0.0683478	90.1966	34.125	-0.00297907	-0.00915585	0.996556	34.125	0	0
23	569760	-0.49513	-0.0631304	90.1796	34.125	-0.00291406	-0.00905834	0.99662	34.125	0	0
23	569770	-0.514522	-0.0923478	90.1544	34.125	-0.00260456	-0.00924005	0.996501	34.125	0	0
23	569780	-0.514087	-0.072	90.1557	34.125	-0.00285497	-0.00936046	0.99639	34.125	0	0
23	569790	-0.501652	-0.0748696	90.1623	34.125	-0.00292662	-0.00929472	0.996409	34.125	0	0
23	569800	-0.511391	-0.074	90.2296	34.125	-0.0029148	-0.00945575	0.996217	34.125	0	0
23	569810	-0.502783	-0.0829565	90.2123	34.125	-0.00266439	-0.00931909	0.996435	34.125	0	0
23	569820	-0.519652	-0.064	90.1533	34.125	-0.00265774	-0.00985758	0.996824	34.125	0	0
23	569830	-0.527043	-0.0943478	90.1467	34.125	-0.0026932	-0.0094395	0.996888	34.125	0	0
23	569840	-0.512261	-0.0713044	90.1729	34.125	-0.00284832	-0.00934938	0.996689	34.125	0	0
23	569850	-0.508522	-0.0676522	90.1464	34.125	-0.00297907	-0.0095141	0.996587	34.125	0	0
23	569860	-0.510087	-0.0732174	90.1968	34.125	-0.00280178	-0.00921125	0.996383	34.125	0	0
23	569870	-0.516348	-0.060087	90.165	34.125	-0.00297759	-0.00932426	0.99659	34.125	0	0
23	569880	-0.520435	-0.0772174	90.1337	34.125	-0.00299162	-0.0093021	0.996639	34.125	0	0
23	569890	-0.530957	-0.074087	90.1504	34.125	-0.0028173	-0.00935455	0.99652	34.125	0	0
23	569900	-0.502696	-0.0781739	90.1089	34.125	-0.00266439	-0.00970099	0.996651	34.125	0	0
23	569910	-0.517913	-0.0793913	90.166	34.125	-0.00292219	-0.0090901	0.996327	34.125	0	0
23	569920	-0.523913	-0.0783478	90.1491	34.125	-0.00275229	-0.00875475	0.996553	34.125	0	0
23	569930	-0.513478	-0.086087	90.1114	34.125	-0.00266291	-0.00892686	0.996497	34.125	0	0
23	569940	-0.537217	-0.0706087	90.1937	34.125	-0.00284315	-0.00952297	0.996627	34.125	0	0
23	569950	-0.513565	-0.102435	90.1992	34.125	-0.00280252	-0.0094587	0.996784	34.125	0	0
23	569960	-0.521913	-0.0909565	90.1443	34.125	-0.00277889	-0.00914477	0.996598	34.125	0	0
23	569970	-0.519652	-0.103043	90.1467	34.125	-0.0027161	-0.00910266	0.996683	34.125	0	0
23	569980	-0.492522	-0.0881739	90.1657	34.125	-0.00261859	-0.00939887	0.996687	34.125	0	0
23	569990	-0.515565	-0.0616522	90.179	34.125	-0.00274712	-0.00963081	0.996485	34.125	0	0
23	570000	-0.514435	-0.0623478	90.1719	34.125	-0.00257797	-0.00953552	0.996613	34.125	0	0
23	570010	-0.519739	-0.0672174	90.2072	34.125	-0.0030485	-0.00973423	0.996974	34.125	0	0
23	570020	-0.529478	-0.0774783	90.1834	34.125	-0.00295617	-0.00962933	0.996361	34.125	0	0
23	570030	-0.505391	-0.0772174	90.1739	34.125	-0.002869	-0.00981917	0.996493	34.125	0	0
23	570040	-0.529478	-0.0784348	90.1849	34.125	-0.00279292	-0.00943359	0.996628	34.125	0	0
23	570050	-0.522435	-0.0573043	90.1942	34.125	-0.00268286	-0.00949268	0.996451	34.125	0	0
23	570060	-0.525217	-0.0598261	90.2302	34.125	-0.003016	-0.0092696	0.996427	34.125	0	0
23	570070	-0.514956	-0.0876522	90.162	34.125	-0.00297759	-0.00940404	0.996575	34.125	0	0
23	570080	-0.503652	-0.0581739	90.1257	34.125	-0.00285054	-0.00954956	0.996786	34.125	0	0
23	570090	-0.510522	-0.0553043	90.1614	34.125	-0.00291702	-0.00949785	0.996716	34.125	0	0
23	570100	-0.51713	-0.072	90.1654	34.125	-0.0028823	-0.00966036	0.996843	34.125	0	0
23	570110	-0.521217	-0.0688696	90.1542	34.125	-0.00295986	-0.00920903	0.996857	34.125	0	0
23	570120	-0.517043	-0.0951304	90.129	34.125	-0.00296577	-0.00946313	0.99698	34.125	0	0
23	570130	-0.506609	-0.064087	90.1802	34.125	-0.00275156	-0.00926812	0.996544	34.125	0	0
23	570140	-0.508348	-0.0872174	90.1303	34.125	-0.00277371	-0.0095274	0.996646	34.125	0	0
23	570150	-0.501739	-0.0653043	90.1701	34.125	-0.00294287	-0.00968178	0.996099	34.125	0	0
23	570160	-0.509043	-0.0698261	90.206	34.125	-0.00302634	-0.00937228	0.996516	34.125	0	0
23	570170	-0.517217	-0.0778261	90.1448	34.125	-0.00288673	-0.0095274	0.996504	34.125	0	0
23	570180	-0.513217	-0.094	90.1551	34.125	-0.00284093	-0.00920903	0.996898	34.125	0	0
23	570190	-0.511565	-0.079913	90.1817	34.125	-0.00263337	-0.00899629	0.996941	34.125	0	0
23	570200	-0.518522	-0.056	90.1563	34.125	-0.00260456	-0.00911153	0.996839	34.125	0	0
23	570210	-0.52513	-0.0661739	90.134	34.125	-0.00271167	-0.00929693	0.996851	34.125	0	0
23	570220	-0.517826	-0.0886087	90.1439	34.0625	-0.00299015	-0.00931097	0.996648	34.0625	0	0
23	570230	-0.524174	-0.081913	90.164	34.125	-0.0027582	-0.0094912	0.996551	34.125	0	0
23	570240	-0.515565	-0.0704348	90.1755	34.125	-0.00280031	-0.00919573	0.996819	34.125	0	0
23	570250	-0.521913	-0.0702609	90.1631	34.125	-0.00271093	-0.00962712	0.99671	34.125	0	0
23	570260	-0.509391	-0.0643478	90.153	34.125	-0.0027811	-0.00934125	0.996338	34.125	0	0
23	570270	-0.493565	-0.0644348	90.194	34.125	-0.00274712	-0.00919721	0.996463	34.125	0	0
23	570280	-0.512087	-0.0783478	90.1016	34.125	-0.00280917	-0.00928585	0.996612	34.125	0	0
23	570290	-0.524783	-0.067913	90.177	34.0625	-0.00283872	-0.00921937	0.996374	34.0625	0	0
