23	504810	0.0718261	-0.0745217	-9.91209	34.0625	-8.64247e-05	-0.00572988	0.996561	34.0625	0	0
23	504820	0.0703478	-0.0769565	-9.92148	34.0625	-5.54004e-05	-0.00578307	0.996504	34.0625	0	0
23	504830	0.0773043	-0.0817391	-9.95687	34.0625	3.8411e-05	-0.00599507	0.996598	34.0625	0	0
23	504840	0.0769565	-0.0725217	-9.92174	34.0625	-2.14215e-05	-0.00568999	0.996415	34.0625	0	0
23	504850	0.0573913	-0.0914783	-9.90583	34.125	-4.2843e-05	-0.00601058	0.996452	34.125	0	0
23	504860	0.0592174	-0.0907826	-9.9413	34.0625	-0.000101198	-0.0058008	0.996417	34.0625	0	0
23	504870	0.0829565	-0.0855652	-9.94122	34.0625	-0.00015586	-0.00602314	0.996448	34.0625	0	0
23	504880	0.0622609	-0.0698261	-9.94591	34.125	1.10801e-05	-0.00578381	0.996625	34.125	0	0
23	504890	0.0476522	-0.11	-9.9413	34.0625	1.47734e-06	-0.0058104	0.996696	34.0625	0	0
23	504900	0.0601739	-0.0913043	-9.93904	34.0625	0.000126313	-0.00556885	0.996474	34.0625	0	0
23	504910	0.0631304	-0.101043	-9.9013	34.0625	-0.000126313	-0.00606081	0.996931	34.0625	0	0
23	504920	0.0717391	-0.0733043	-9.93913	34.0625	-0.000125574	-0.00613541	0.996734	34.0625	0	0
23	504930	0.0743478	-0.0853913	-9.92009	34.0625	-1.40348e-05	-0.00598177	0.996335	34.0625	0	0
23	504940	0.072	-0.0923478	-9.9467	34.0625	-0.000204612	-0.00570994	0.996451	34.0625	0	0
23	504950	0.0556522	-0.0826087	-9.94557	34.0625	-0.000233421	-0.00608592	0.996556	34.0625	0	0
23	504960	0.0644348	-0.0850435	-9.91957	34.0625	-0.000107108	-0.00605711	0.996467	34.0625	0	0
23	504970	0.0650435	-0.0897391	-9.92287	34.125	-9.45501e-05	-0.00601501	0.996741	34.125	0	0
23	504980	0.0757391	-0.0967826	-9.92835	34.0625	-8.49473e-05	-0.0056405	0.996539	34.0625	0	0
23	504990	0.0775652	-0.0805217	-9.93661	34.0625	-0.000159553	-0.00599507	0.996578	34.0625	0	0
23	505000	0.0631304	-0.0796522	-9.95043	34.0625	-0.000214954	-0.00577937	0.996772	34.0625	0	0
23	505010	0.0581739	-0.0752174	-9.89809	34.0625	-0.000240807	-0.00622701	0.99672	34.0625	0	0
23	505020	0.0633043	-0.089913	-9.93774	34.0625	-5.90938e-05	-0.00589387	0.996333	34.0625	0	0
23	505030	0.0618261	-0.0986087	-9.93626	34.0625	-0.000121881	-0.00605342	0.996867	34.0625	0	0
23	505040	0.0684348	-0.0764348	-9.95383	34.0625	-2.95469e-05	-0.00599507	0.996752	34.0625	0	0
23	505050	0.0684348	-0.0718261	-9.95922	34.125	-0.000114494	-0.00574244	0.996683	34.125	0	0
23	505060	0.056	-0.0970435	-9.96322	34.0625	-3.69336e-06	-0.00568556	0.996677	34.0625	0	0
23	505070	0.0588696	-0.076087	-9.91165	34.0625	6.64805e-06	-0.00602166	0.996734	34.0625	0	0
23	505080	0.0724348	-0.0864348	-9.94678	34.0625	-9.89821e-05	-0.00617826	0.996563	34.0625	0	0
23	505090	0.0581739	-0.0971304	-9.96183	34.0625	-0.000248194	-0.00581926	0.996245	34.0625	0	0
23	505100	0.0651304	-0.0755652	-9.93652	34.0625	-7.31286e-05	-0.00583994	0.996461	34.0625	0	0
23	505110	0.0926957	-0.084	-9.90904	34.0625	1.18188e-05	-0.00578972	0.996293	34.0625	0	0
23	505120	0.0774783	-0.083913	-9.95513	34.0625	-7.09126e-05	-0.00576682	0.996811	34.0625	0	0
23	505130	0.0572174	-0.0878261	-9.93922	34.0625	-1.40348e-05	-0.00602978	0.996349	34.0625	0	0
23	505140	0.0691304	-0.0743478	-9.94365	34.0625	-0.000176543	-0.00596478	0.996646	34.0625	0	0
23	505150	0.0641739	-0.094087	-9.97496	34.125	-5.83551e-05	-0.00578528	0.996601	34.125	0	0
23	505160	0.0770435	-0.0929565	-9.97191	34.0625	-0.00013887	-0.00587097	0.996703	34.0625	0	0
23	505170	0.0473043	-0.0862609	-9.94704	34.0625	0.000103414	-0.0059212	0.996509	34.0625	0	0
23	505180	0.0691304	-0.0847826	-9.952	34.125	-0.000194271	-0.00564715	0.996447	34.125	0	0
23	505190	0.0622609	-0.0761739	-9.93383	34.0625	0	-0.00600245	0.996158	34.0625	0	0
23	505200	0.057913	-0.102783	-9.952	34.0625	4.2843e-05	-0.00574539	0.996848	34.0625	0	0
23	505210	0.0623478	-0.090087	-9.92487	34.0625	-7.97766e-05	-0.00587319	0.996426	34.0625	0	0
23	505220	0.0792174	-0.0785217	-9.91687	34.0625	0	-0.00603052	0.996781	34.0625	0	0
23	505230	0.0638261	-0.101043	-9.93383	34.0625	-0.000559175	-0.00595887	0.996265	34.0625	0	0
23	505240	0.0505217	-0.0712174	-9.95878	34.0625	-3.8411e-05	-0.00550976	0.99618	34.0625	0	0
23	505250	0.0572174	-0.064	-9.91835	34.0625	4.0627e-05	-0.0060416	0.996465	34.0625	0	0
23	505260	0.0555652	-0.0872174	-9.94722	34.0625	2.06828e-05	-0.00571363	0.996426	34.0625	0	0
23	505270	0.0671304	-0.0686956	-9.92191	34.0625	-0.000107108	-0.00578454	0.996923	34.0625	0	0
23	505280	0.0715652	-0.0868696	-9.92783	34.0625	-6.86965e-05	-0.00533174	0.996514	34.0625	0	0
23	505290	0.0801739	-0.0794783	-9.94965	34.0625	-0.00011154	-0.00568039	0.996499	34.0625	0	0
23	505300	0.0714783	-0.0746087	-9.93609	34.125	-0.000131484	-0.00599654	0.996732	34.125	0	0
23	505310	0.0625217	-0.0849565	-9.96556	34.125	-0.000103414	-0.00574909	0.99642	34.125	0	0
23	505320	0.0613043	-0.0773043	-9.92478	34.0625	-5.17071e-05	-0.00569073	0.99691	34.0625	0	0
23	505330	0.0788696	-0.073913	-9.91391	34.0625	-8.05153e-05	-0.00610365	0.996301	34.0625	0	0
23	505340	0.0613913	-0.107913	-9.94983	34.0625	-0.000119665	-0.00590052	0.996666	34.0625	0	0
23	505350	0.0598261	-0.0885217	-9.95565	34.0625	-3.17629e-05	-0.00582739	0.996387	34.0625	0	0
23	505360	0.0735652	-0.0834783	-9.88696	34.0625	7.38672e-06	-0.00574983	0.996618	34.0625	0	0
23	505370	0.08	-0.0766087	-9.91209	34.0625	-5.02297e-05	-0.00553709	0.996443	34.0625	0	0
23	505380	0.0696522	-0.0870435	-9.976	34.0625	-0.000240069	-0.00602609	0.996729	34.0625	0	0
23	505390	0.0573043	-0.0875652	-9.974	34.0625	-0.000234898	-0.00602683	0.996717	34.0625	0	0
23	505400	0.066087	-0.0765217	-9.95991	34.0625	-0.000139609	-0.0054743	0.996487	34.0625	0	0
23	505410	0.0770435	-0.0827826	-9.90896	34.0625	-6.35258e-05	-0.00601058	0.996532	34.0625	0	0
23	505420	0.0853043	-0.0890435	-9.93339	34.0625	0	-0.00606155	0.996347	34.0625	0	0
23	505430	0.0632174	-0.0824348	-9.95078	34.125	-0.000158815	-0.00576977	0.99665	34.125	0	0
23	505440	0.0767826	-0.0743478	-9.94904	34.0625	0.000185407	-0.00566266	0.99628	34.0625	0	0
23	505450	0.0681739	-0.0801739	-9.94826	34.0625	-0.000132222	-0.0057417	0.996199	34.0625	0	0
23	505460	0.0485217	-0.100087	-9.93939	34.0625	-1.55121e-05	-0.00554152	0.996422	34.0625	0	0
23	505470	0.0688696	-0.0834783	-9.95217	34.125	-8.93794e-05	-0.00569738	0.996607	34.125	0	0
23	505480	0.0783478	-0.093913	-9.89904	34.125	-8.347e-05	-0.00583773	0.996359	34.125	0	0
23	505490	0.0732174	-0.086087	-9.94722	34.0625	-9.0118e-05	-0.00576903	0.996516	34.0625	0	0
23	505500	0.0664348	-0.0752174	-9.91878	34.0625	-5.90938e-05	-0.00569517	0.996576	34.0625	0	0
23	505510	0.0721739	-0.0813913	-9.94539	34.0625	2.06828e-05	-0.00577051	0.99668	34.0625	0	0
23	505520	0.0803478	-0.0910435	-9.92487	34.0625	2.36375e-05	-0.00592563	0.996612	34.0625	0	0
23	505530	0.0769565	-0.0697391	-9.92026	34.0625	-9.08567e-05	-0.00600245	0.99654	34.0625	0	0
23	505540	0.0734783	-0.0873043	-9.93496	34.0625	-0.000195748	-0.00592415	0.996566	34.0625	0	0
23	505550	0.0575652	-0.109565	-9.93243	34.0625	-3.17629e-05	-0.00629497	0.996313	34.0625	0	0
23	505560	0.0658261	-0.0843478	-9.95287	34.125	-0.000201658	-0.00604751	0.996662	34.125	0	0
23	505570	0.0654783	-0.079913	-9.95983	34.0625	2.28988e-05	-0.00547726	0.996551	34.0625	0	0
23	505580	0.08	-0.0961739	-9.97626	34.125	-0.00012262	-0.00553931	0.996721	34.125	0	0
23	505590	0.0770435	-0.0866956	-9.9327	34.125	-7.75606e-05	-0.00578233	0.996572	34.125	0	0
23	505600	0.0685217	-0.0923478	-9.9467	34.0625	-5.24457e-05	-0.00590052	0.99666	34.0625	0	0
23	505610	0.0682609	-0.0832174	-9.96313	34.125	-1.18188e-05	-0.00569664	0.996652	34.125	0	0
23	505620	0.0522609	-0.0725217	-9.95356	34.0625	-2.43762e-05	-0.00586211	0.996742	34.0625	0	0
23	505630	0.0538261	-0.0806956	-9.89591	34.125	-8.71634e-05	-0.00628093	0.996618	34.125	0	0
23	505640	0.0626957	-0.0705217	-9.93252	34.125	0	-0.00585841	0.996417	34.125	0	0
23	505650	0.052	-0.07	-9.94983	34.125	-7.01739e-05	-0.00588205	0.996863	34.125	0	0
23	505660	0.0657391	-0.0947826	-9.95452	34.125	-4.87524e-05	-0.00610144	0.996228	34.125	0	0
23	505670	0.0766087	-0.0847826	-9.88765	34.125	-2.95469e-05	-0.00569738	0.99679	34.125	0	0
23	505680	0.0634783	-0.0922609	-9.90687	34.125	-3.6195e-05	-0.00597291	0.996683	34.125	0	0
23	505690	0.0667826	-0.0855652	-9.92843	34.0625	3.91496e-05	-0.00590938	0.996601	34.0625	0	0
23	505700	0.082087	-0.0842609	-9.97522	34.125	-3.98883e-05	-0.00583256	0.996642	34.125	0	0
23	505710	0.0722609	-0.0924348	-9.91409	34.0625	-2.06828e-05	-0.00562868	0.996612	34.0625	0	0
23	505720	0.0757391	-0.106435	-9.928	34.0625	-5.83551e-05	-0.00555112	0.996777	34.0625	0	0
23	505730	0.0613043	-0.0911304	-9.95217	34.0625	-0.000162508	-0.0056176	0.996594	34.0625	0	0
23	505740	0.0673913	-0.0881739	-9.98356	34.125	-0.000205351	-0.00573579	0.996593	34.125	0	0
23	505750	0.0836522	-0.0807826	-9.94383	34.0625	2.51149e-05	-0.00565675	0.996514	34.0625	0	0
23	505760	0.0672174	-0.0882609	-9.92452	34.0625	0	-0.00578085	0.996697	34.0625	0	0
23	505770	0.0862609	-0.0923478	-9.95139	34.0625	2.21602e-06	-0.00571511	0.99671	34.0625	0	0
23	505780	0.0721739	-0.105826	-9.93148	34.0625	7.01739e-05	-0.00621962	0.996916	34.0625	0	0
23	505790	0.0718261	-0.0946957	-9.92791	34.0625	-0.000163985	-0.00608814	0.996904	34.0625	0	0
23	505800	0.0717391	-0.0829565	-9.94139	34.0625	-5.68778e-05	-0.00571585	0.996629	34.0625	0	0
23	505810	0.0628696	-0.0876522	-9.95009	34.0625	-0.000159553	-0.00578159	0.996466	34.0625	0	0
23	505820	0.0869565	-0.0614783	-9.96757	34.125	-5.90938e-06	-0.00595075	0.996497	34.125	0	0
23	505830	0.0633913	-0.0890435	-9.92809	34.125	-2.95469e-06	-0.00571585	0.996709	34.125	0	0
23	505840	0.081913	-0.0864348	-9.92861	34.0625	-9.97208e-05	-0.00576534	0.996299	34.0625	0	0
23	505850	0.0701739	-0.0693043	-9.956	34.0625	-8.49473e-05	-0.00579932	0.996817	34.0625	0	0
23	505860	0.0672174	-0.0722609	-9.91522	34.0625	-0.00014478	-0.00568999	0.996543	34.0625	0	0
23	505870	0.0728696	-0.0832174	-9.96035	34.0625	2.73309e-05	-0.00610217	0.996997	34.0625	0	0
23	505880	0.0840869	-0.0971304	-9.91852	34.0625	-6.72192e-05	-0.00641242	0.996497	34.0625	0	0
23	505890	0.0633043	-0.0965217	-9.93504	34.125	-0.000103414	-0.00579858	0.996409	34.125	0	0
23	505900	0.0753043	-0.0926957	-9.88626	34.0625	-3.76723e-05	-0.00567818	0.996823	34.0625	0	0
23	505910	0.074087	-0.0786087	-9.98617	34.0625	0.000115972	-0.0060224	0.996428	34.0625	0	0
23	505920	0.072	-0.0862609	-9.954	34.0625	-0.000130745	-0.0056442	0.996482	34.0625	0	0
23	505930	0.0685217	-0.0889565	-9.93174	34.125	3.8411e-05	-0.00578085	0.996307	34.125	0	0
23	505940	0.0458261	-0.0958261	-9.94496	34.0625	-0.000107108	-0.00578085	0.996577	34.0625	0	0
23	505950	0.060087	-0.0935652	-9.914	34.125	-0.000280696	-0.0060645	0.996497	34.125	0	0
23	505960	0.070087	-0.0788696	-9.97096	34.125	-0.000251887	-0.00591529	0.996412	34.125	0	0
23	505970	0.0788696	-0.086087	-9.95539	34.0625	-9.38114e-05	-0.00607189	0.996673	34.0625	0	0
23	505980	0.0705217	-0.105217	-9.98009	34.0625	-3.76723e-05	-0.00591455	0.996559	34.0625	0	0
23	505990	0.0531304	-0.0972174	-9.96304	34.125	-0.000332403	-0.00547209	0.996629	34.125	0	0
23	506000	0.0817391	-0.085913	-9.93017	34.0625	3.54563e-05	-0.00571068	0.996578	34.0625	0	0
23	506010	0.0747826	-0.094087	-9.96104	34.0625	2.80696e-05	-0.00573875	0.996522	34.0625	0	0
23	506020	0.0738261	-0.0946087	-9.93783	34.0625	-0.000152905	-0.00614723	0.996575	34.0625	0	0
23	506030	0.0873043	-0.0712174	-9.964	34.0625	-0.000112278	-0.00583551	0.996289	34.0625	0	0
23	506040	0.0766957	-0.0918261	-9.92574	34.0625	-2.43762e-05	-0.00580744	0.996672	34.0625	0	0
23	506050	0.0708696	-0.0751304	-9.94974	34.0625	-5.54004e-05	-0.00576682	0.996346	34.0625	0	0
23	506060	0.0841739	-0.0804348	-9.94452	34.125	-1.55121e-05	-0.00576755	0.996602	34.125	0	0
23	506070	0.0597391	-0.0963478	-9.92513	34.125	3.17629e-05	-0.00579932	0.99672	34.125	0	0
23	506080	0.0722609	-0.107739	-9.9567	34.0625	-2.06828e-05	-0.00558658	0.996936	34.0625	0	0
23	506090	0.0663478	-0.0846957	-9.93026	34.0625	-0.000170633	-0.00559027	0.996648	34.0625	0	0
23	506100	0.0697391	-0.0895652	-9.95365	34.0625	-9.15954e-05	-0.00585102	0.996379	34.0625	0	0
23	506110	0.0526087	-0.0801739	-9.92356	34.125	2.58535e-05	-0.00583256	0.996551	34.125	0	0
23	506120	0.0716522	-0.0773913	-9.948	34.125	-0.000230466	-0.00577346	0.996669	34.125	0	0
23	506130	0.0746957	-0.0966087	-9.90043	34.0625	-0.00016694	-0.00594557	0.996606	34.0625	0	0
23	506140	0.0742609	-0.0821739	-9.91409	34.0625	-2.21602e-05	-0.00578381	0.996511	34.0625	0	0
23	506150	0.0804348	-0.0882609	-9.96696	34.0625	-2.95469e-06	-0.00578085	0.99662	34.0625	0	0
23	506160	0.0707826	-0.0870435	-9.91817	34.0625	-0.000109324	-0.00579045	0.996525	34.0625	0	0
23	506170	0.0762609	-0.0966956	-9.97948	34.0625	-0.000168417	-0.00560209	0.996742	34.0625	0	0
23	506180	0.0721739	-0.0887826	-9.95478	34.0625	-5.90938e-05	-0.00528372	0.996597	34.0625	0	0
23	506190	0.0654783	-0.0829565	-9.95583	34.125	-6.57418e-05	-0.00584585	0.996506	34.125	0	0
23	506200	0.0758261	-0.0873043	-9.93826	34.125	-2.14215e-05	-0.00574392	0.996429	34.125	0	0
23	506210	0.0727826	-0.098087	-9.95087	34.125	1.77281e-05	-0.0060224	0.996703	34.125	0	0
23	506220	0.0773913	-0.074	-9.92556	34.0625	-0.000194271	-0.00595518	0.996613	34.0625	0	0
23	506230	0.0494783	-0.0983478	-9.93322	34.0625	2.65922e-05	-0.00578602	0.996441	34.0625	0	0
23	506240	0.0807826	-0.0988696	-9.91878	34.0625	-0.000183929	-0.00572841	0.996676	34.0625	0	0
23	506250	0.0829565	-0.0869565	-9.96009	34.0625	-0.000231204	-0.00568335	0.996753	34.0625	0	0
23	506260	0.0765217	-0.0757391	-9.95513	34.0625	-1.84668e-05	-0.00590273	0.996885	34.0625	0	0
23	506270	0.0742609	-0.0837391	-9.96139	34.0625	-5.98325e-05	-0.00592785	0.996499	34.0625	0	0
23	506280	0.0732174	-0.0886956	-9.96478	34.0625	-0.000165463	-0.00594114	0.996471	34.0625	0	0
23	506290	0.0808696	-0.0714783	-9.90156	34.125	-7.60833e-05	-0.00582591	0.996571	34.125	0	0
23	506300	0.0666957	-0.0790435	-9.95017	34.125	-0.000158815	-0.00610513	0.996464	34.125	0	0
23	506310	0.0794783	-0.0874783	-9.95348	34.0625	6.72192e-05	-0.00604603	0.99637	34.0625	0	0
23	506320	0.0604348	-0.0946957	-9.89365	34.125	-0.000169895	-0.00554817	0.996533	34.125	0	0
23	506330	0.0785217	-0.0961739	-9.94774	34.0625	-0.000104153	-0.00598103	0.996273	34.0625	0	0
23	506340	0.0712174	-0.0885217	-9.94687	34.0625	-0.000276264	-0.00598251	0.99631	34.0625	0	0
23	506350	0.0818261	-0.0811304	-9.94574	34.0625	-0.000203135	-0.00592859	0.996578	34.0625	0	0
23	506360	0.0846957	-0.0864348	-9.92157	34.0625	-8.86407e-06	-0.00579858	0.996431	34.0625	0	0
23	506370	0.0589565	-0.0933913	-9.93809	34.0625	-0.000197226	-0.00539305	0.996367	34.0625	0	0
23	506380	0.062087	-0.0895652	-9.91426	34.0625	-0.000189839	-0.00594336	0.996683	34.0625	0	0
23	506390	0.0706957	-0.0896522	-9.92696	34.0625	4.43203e-06	-0.00602905	0.996609	34.0625	0	0
23	506400	0.0533913	-0.0793043	-9.97643	34.0625	1.03414e-05	-0.00547504	0.996717	34.0625	0	0
23	506410	0.0576522	-0.0866956	-9.97809	34.0625	-7.01739e-05	-0.00588426	0.996705	34.0625	0	0
23	506420	0.0556522	-0.0673044	-9.93548	34.0625	-0.000128529	-0.00580597	0.996295	34.0625	0	0
23	506430	0.0813043	-0.0883478	-9.91887	34.0625	6.27872e-05	-0.00579636	0.996975	34.0625	0	0
23	506440	0.07	-0.0890435	-9.90661	34.0625	-0.000186145	-0.00594853	0.996353	34.0625	0	0
23	506450	0.075913	-0.0693913	-9.96426	34.0625	-5.39231e-05	-0.0059308	0.996242	34.0625	0	0
23	506460	0.0741739	-0.0866087	-9.9627	34.0625	-0.000259274	-0.00594557	0.996397	34.0625	0	0
23	506470	0.0843478	-0.104435	-9.93139	34.0625	-4.5059e-05	-0.00580818	0.996556	34.0625	0	0
23	506480	0.0721739	-0.071913	-9.91861	34.0625	-2.88082e-05	-0.00612138	0.996684	34.0625	0	0
23	506490	0.0555652	-0.0813913	-9.93565	34.0625	-0.000130006	-0.00586358	0.996381	34.0625	0	0
23	506500	0.070087	-0.0964348	-9.902	34.0625	-0.000299162	-0.00582074	0.996728	34.0625	0	0
23	506510	0.074	-0.0897391	-9.92122	34.0625	-6.72192e-05	-0.00590938	0.996774	34.0625	0	0
23	506520	0.0633913	-0.0773913	-9.9347	34.0625	-0.00041735	-0.00613024	0.996442	34.0625	0	0
23	506530	0.0665217	-0.0829565	-9.97435	34.0625	-0.000140348	-0.00590125	0.996474	34.0625	0	0
23	506540	0.0805217	-0.0920869	-9.9687	34.0625	-0.000127052	-0.00583625	0.996573	34.0625	0	0
23	506550	0.0681739	-0.0771304	-9.93174	34.0625	1.47734e-05	-0.00570403	0.996505	34.0625	0	0
23	506560	0.0663478	-0.0682609	-9.93304	34.0625	-5.46618e-05	-0.00600393	0.99658	34.0625	0	0
23	506570	0.0630435	-0.0746957	-9.95209	34.0625	-0.00011154	-0.00571585	0.99657	34.0625	0	0
23	506580	0.0606957	-0.0985217	-9.93209	34.125	-1.62508e-05	-0.00577273	0.996419	34.125	0	0
23	506590	0.0755652	-0.078087	-9.95113	34.0625	-0.000228988	-0.00582369	0.996796	34.0625	0	0
23	506600	0.0704348	-0.0737391	-9.97339	34.0625	6.72192e-05	-0.00606598	0.996491	34.0625	0	0
23	506610	0.072	-0.0808696	-9.94678	34.0625	-2.58535e-05	-0.0061199	0.996588	34.0625	0	0
23	506620	0.0676522	-0.0721739	-9.92157	34.0625	-0.000168417	-0.00597069	0.99626	34.0625	0	0
23	506630	0.0423478	-0.0812174	-9.95852	34.0625	-1.18188e-05	-0.00572767	0.996514	34.0625	0	0
23	506640	0.0767826	-0.0627826	-9.94209	34.0625	-0.000156599	-0.00579119	0.996635	34.0625	0	0
23	506650	0.0697391	-0.0849565	-9.92409	34.0625	-0.000103414	-0.00590864	0.996703	34.0625	0	0
23	506660	0.0633913	-0.0946087	-9.93122	34.125	-0.000271831	-0.00599285	0.996818	34.125	0	0
23	506670	0.0692174	-0.0972174	-9.92478	34.125	-6.86965e-05	-0.00563164	0.99654	34.125	0	0
23	506680	0.0889565	-0.0961739	-9.94817	34.0625	-0.000216431	-0.00588353	0.996691	34.0625	0	0
23	506690	0.0956522	-0.086087	-9.95722	34.0625	-9.0118e-05	-0.00567744	0.996689	34.0625	0	0
23	506700	0.093913	-0.0705217	-9.88556	34.0625	-0.000279218	-0.00571511	0.996566	34.0625	0	0
23	506710	0.07	-0.0833913	-9.92452	34.125	-0.000118926	-0.00598842	0.996686	34.125	0	0
23	506720	0.0833043	-0.0746087	-9.92748	34.125	-0.000158815	-0.00603643	0.996344	34.125	0	0
23	506730	0.074087	-0.0964348	-9.95209	34.125	-0.000114494	-0.00597217	0.996501	34.125	0	0
23	506740	0.0469565	-0.0846087	-9.94087	34.0625	-0.000158076	-0.00576091	0.996768	34.0625	0	0
23	506750	0.078087	-0.0901739	-9.9353	34.0625	-0.000209044	-0.00585915	0.996809	34.0625	0	0
23	506760	0.078	-0.0951304	-9.96	34.0625	-0.000180236	-0.00584733	0.99659	34.0625	0	0
23	506770	0.0711304	-0.0963478	-9.94313	34.125	-7.9038e-05	-0.0061561	0.996364	34.125	0	0
23	506780	0.0757391	-0.080087	-9.92209	34.125	-9.67661e-05	-0.00582148	0.996841	34.125	0	0
23	506790	0.0524348	-0.0824348	-9.93678	34.125	-0.000287344	-0.00599876	0.996328	34.125	0	0
23	506800	0.0633913	-0.074087	-9.95513	34.125	-3.69336e-05	-0.0061428	0.996565	34.125	0	0
23	506810	0.0785217	-0.0892174	-9.94078	34.125	-1.25574e-05	-0.00603422	0.99615	34.125	0	0
23	506820	0.0588696	-0.0855652	-9.91391	34.125	-0.000176543	-0.00611769	0.996307	34.125	0	0
23	506830	0.0669565	-0.101304	-9.94487	34.125	-0.00011154	-0.00573579	0.99674	34.125	0	0
23	506840	0.0826957	-0.0806956	-9.92356	34.0625	-0.000187623	-0.00571732	0.996137	34.0625	0	0
23	506850	0.0755652	-0.0832174	-9.9627	34.0625	-0.00011154	-0.00593006	0.996283	34.0625	0	0
23	506860	0.0762609	-0.0865217	-9.91861	34.0625	-5.76165e-05	-0.00572619	0.996439	34.0625	0	0
23	506870	0.0824348	-0.0707826	-9.93043	34.0625	-8.71634e-05	-0.00576017	0.996677	34.0625	0	0
23	506880	0.086	-0.091913	-9.95739	34.0625	-6.64805e-05	-0.00535759	0.99635	34.0625	0	0
23	506890	0.0843478	-0.0732174	-9.89748	34.0625	-7.97766e-05	-0.00561982	0.996655	34.0625	0	0
23	506900	0.0589565	-0.0847826	-9.92287	34.0625	-0.000245978	-0.00592932	0.996453	34.0625	0	0
23	506910	0.0841739	-0.100435	-9.9387	34.0625	-0.000208306	-0.00592194	0.99666	34.0625	0	0
23	506920	0.0730435	-0.0735652	-9.9673	34.0625	7.38672e-07	-0.00574983	0.996604	34.0625	0	0
23	506930	0.0697391	-0.0653043	-9.92313	34.0625	-0.000284389	-0.00606081	0.996603	34.0625	0	0
23	506940	0.0666087	-0.0815652	-9.93556	34.0625	-9.08567e-05	-0.0061236	0.996469	34.0625	0	0
23	506950	0.0695652	-0.0776522	-9.91591	34.125	-0.00011154	-0.0061236	0.995981	34.125	0	0
23	506960	0.0577391	-0.0797391	-9.89304	34.0625	-0.000148473	-0.00568852	0.996296	34.0625	0	0
23	506970	0.0793043	-0.0773913	-9.91861	34.125	-0.000357518	-0.00574244	0.996058	34.125	0	0
23	506980	0.0608696	-0.0793043	-9.948	34.0625	-0.000183191	-0.00584438	0.996182	34.0625	0	0
23	506990	0.0786087	-0.0573913	-9.9133	34.125	0	-0.00573136	0.996379	34.125	0	0
23	507000	0.0821739	-0.077913	-9.9767	34.125	5.02297e-05	-0.00574687	0.996952	34.125	0	0
23	507010	0.0713044	-0.087913	-9.95183	34.0625	-0.000113017	-0.00607115	0.996569	34.0625	0	0
23	507020	0.0690435	-0.0850435	-9.90087	34.125	-0.000170633	-0.00600024	0.996357	34.125	0	0
23	507030	0.0562609	-0.0793913	-9.88817	34.125	-0.000271093	-0.00597512	0.996342	34.125	0	0
23	507040	0.0654783	-0.0641739	-9.96035	34.125	-0.000221602	-0.00576755	0.996316	34.125	0	0
23	507050	0.0611304	-0.0771304	-9.97652	34.0625	-0.000286605	-0.00579415	0.99637	34.0625	0	0
23	507060	0.0707826	-0.0838261	-9.95374	34.0625	-0.000140348	-0.00593819	0.996375	34.0625	0	0
23	507070	0.0701739	-0.0778261	-9.93504	34.0625	-8.86407e-05	-0.0057513	0.996327	34.0625	0	0
23	507080	0.0826087	-0.0833913	-9.96078	34.0625	-0.000264445	-0.00631343	0.996563	34.0625	0	0
23	507090	0.0849565	-0.100696	-9.94165	34.0625	-0.000285128	-0.00620559	0.996676	34.0625	0	0
23	507100	0.0674783	-0.0991304	-9.91322	34.0625	-0.00021717	-0.005967	0.996502	34.0625	0	0
23	507110	0.0644348	-0.0854783	-9.91539	34.0625	-0.000138132	-0.0058754	0.996324	34.0625	0	0
23	507120	0.0716522	-0.074	-9.94209	34.0625	-0.000192055	-0.00574687	0.996443	34.0625	0	0
23	507130	0.0756522	-0.0790435	-9.93922	34.0625	-0.000303594	-0.00553783	0.996607	34.0625	0	0
23	507140	0.0786087	-0.0953043	-9.92556	34.0625	-0.000211999	-0.00591233	0.99642	34.0625	0	0
23	507150	0.0793043	-0.088087	-9.94296	34.0625	-0.000166201	-0.00603865	0.99648	34.0625	0	0
23	507160	0.0678261	-0.0754783	-9.93426	34.0625	-0.000200919	-0.00585693	0.996845	34.0625	0	0
23	507170	0.0853043	-0.107565	-9.94504	34.125	-0.000297685	-0.00552601	0.99639	34.125	0	0
23	507180	0.0882609	-0.0898261	-9.92113	34.0625	0	-0.00531623	0.996545	34.0625	0	0
23	507190	0.0757391	-0.0806956	-9.94139	34.125	-0.000367859	-0.00587466	0.99664	34.125	0	0
23	507200	0.0731304	-0.0985217	-9.95417	34.0625	-0.000146257	-0.00580301	0.996192	34.0625	0	0
23	507210	0.0768696	-0.10087	-9.92565	34.0625	-0.000141086	-0.005885	0.99665	34.0625	0	0
23	507220	0.0653913	-0.0763478	-9.928	34.0625	-0.000234159	-0.00583477	0.996256	34.0625	0	0
23	507230	0.0653913	-0.0961739	-9.93661	34.0625	-0.000229727	-0.00603865	0.996419	34.0625	0	0
23	507240	0.0687826	-0.093913	-9.94687	34.0625	-0.000158815	-0.00556516	0.996407	34.0625	0	0
23	507250	0.0581739	-0.0845217	-9.924	34.0625	-9.23341e-05	-0.0059633	0.996305	34.0625	0	0
23	507260	0.0751304	-0.078087	-9.95348	34.0625	-8.93794e-05	-0.00556442	0.99638	34.0625	0	0
23	507270	0.0621739	-0.064	-9.96296	34.125	-0.000197964	-0.00574613	0.996403	34.125	0	0
23	507280	0.0541739	-0.0773043	-9.98339	34.0625	-0.00025041	-0.00573062	0.99655	34.0625	0	0
23	507290	0.0773913	-0.0949565	-9.99939	34.0625	-0.0001337	-0.00579562	0.996339	34.0625	0	0
23	507300	0.0578261	-0.0776522	-9.93539	34.125	-7.53446e-05	-0.00571585	0.996678	34.125	0	0
23	507310	0.0571304	-0.0887826	-9.93113	34.125	-0.000274786	-0.00603643	0.996469	34.125	0	0
23	507320	0.0794783	-0.0901739	-9.94122	34.125	-8.7902e-05	-0.00584216	0.996673	34.125	0	0
23	507330	0.0863478	-0.0710435	-9.94096	34.125	-9.08567e-05	-0.00615019	0.996966	34.125	0	0
23	507340	0.0694783	-0.0696522	-9.94843	34.0625	-0.000268877	-0.00604751	0.99666	34.0625	0	0
23	507350	0.06	-0.064087	-9.94878	34.125	-7.82993e-05	-0.00617752	0.996456	34.125	0	0
23	507360	0.0747826	-0.0898261	-9.92383	34.125	-0.000268877	-0.00571215	0.996675	34.125	0	0
23	507370	0.0868696	-0.0963478	-9.94896	34.0625	-6.86965e-05	-0.0057321	0.996599	34.0625	0	0
23	507380	0.0666957	-0.0950435	-9.91165	34.0625	-0.00020609	-0.00594853	0.996299	34.0625	0	0
23	507390	0.047913	-0.0815652	-9.92861	34.125	-0.000129268	-0.0057646	0.99683	34.125	0	0
23	507400	0.10687	-0.0982609	-9.92496	34.0625	-0.000164724	-0.00563164	0.996429	34.0625	0	0
23	507410	0.0782609	-0.0751304	-9.91522	34.0625	-0.000152167	-0.00550089	0.996728	34.0625	0	0
23	507420	0.0785217	-0.0921739	-9.90096	34.0625	-0.000552527	-0.00583847	0.996474	34.0625	0	0
23	507430	0.0676522	-0.066	-9.91617	34.0625	-0.000279957	-0.00591233	0.996484	34.0625	0	0
23	507440	0.0695652	-0.0693913	-9.95965	34.0625	-0.000121881	-0.00579045	0.996612	34.0625	0	0
23	507450	0.07	-0.068087	-9.95696	34.0625	-4.65364e-05	-0.0056634	0.996499	34.0625	0	0
23	507460	0.0673044	-0.0852174	-9.93548	34.0625	-0.000147734	-0.00586063	0.996778	34.0625	0	0
23	507470	0.0626957	-0.0946087	-9.89217	34.0625	-0.000110801	-0.00595739	0.996245	34.0625	0	0
23	507480	0.0768696	-0.0785217	-9.96548	34.0625	-0.00011154	-0.0060512	0.996392	34.0625	0	0
23	507490	0.0735652	-0.0547826	-9.95452	34.0625	-0.00022234	-0.00589904	0.996536	34.0625	0	0
23	507500	0.0647826	-0.0812174	-9.95826	34.0625	-0.000135177	-0.00588279	0.996675	34.0625	0	0
23	507510	0.0692174	-0.0753043	-9.91609	34.0625	-0.00036195	-0.00611769	0.996241	34.0625	0	0
23	507520	0.0671304	-0.0825217	-9.93826	34.0625	5.98325e-05	-0.00608149	0.996462	34.0625	0	0
23	507530	0.0881739	-0.084	-9.90878	34.0625	-9.52887e-05	-0.00583847	0.996855	34.0625	0	0
23	507540	0.0652174	-0.0678261	-9.91296	34.0625	-0.000154383	-0.00571437	0.996215	34.0625	0	0
23	507550	0.0727826	-0.0781739	-9.93339	34.0625	-0.000203874	-0.00614945	0.996693	34.0625	0	0
23	507560	0.0567826	-0.0855652	-9.94052	34.0625	-3.32403e-05	-0.00572323	0.996694	34.0625	0	0
23	507570	0.0706087	-0.0758261	-9.95713	34.125	-0.0001337	-0.00560283	0.996625	34.125	0	0
23	507580	0.0676522	-0.0884348	-9.93852	34.0625	-0.000192055	-0.00615166	0.996674	34.0625	0	0
23	507590	0.0545217	-0.0997391	-9.93409	34.0625	-0.000232682	-0.00575204	0.996374	34.0625	0	0
23	507600	0.0693913	-0.0857391	-9.96043	34.0625	-0.000150689	-0.00582886	0.996462	34.0625	0	0
23	507610	0.0712174	-0.0876522	-9.91243	34.0625	2.73309e-05	-0.00598916	0.996414	34.0625	0	0
23	507620	0.0756522	-0.0717391	-9.9187	34.0625	-3.91496e-05	-0.00584216	0.996534	34.0625	0	0
23	507630	0.0584348	-0.0851304	-9.94583	34.0625	-0.000196487	-0.00588722	0.996469	34.0625	0	0
23	507640	0.0771304	-0.0877391	-9.92296	34.125	-0.000263706	-0.00580523	0.99667	34.125	0	0
23	507650	0.0861739	-0.0738261	-9.89643	34.0625	-0.000240807	-0.00615684	0.996148	34.0625	0	0
23	507660	0.0510435	-0.0674783	-9.94852	34.125	-0.000304333	-0.0056767	0.99648	34.125	0	0
23	507670	0.0844348	-0.0767826	-9.92009	34.0625	-0.00025041	-0.00604234	0.996714	34.0625	0	0
23	507680	0.0663478	-0.0884348	-9.94017	34.0625	-0.000131484	-0.00601723	0.996728	34.0625	0	0
23	507690	0.0655652	-0.0867826	-9.93235	34.0625	-0.000125574	-0.00564641	0.996457	34.0625	0	0
23	507700	0.0584348	-0.0663478	-9.93713	34.0625	-0.000330187	-0.00558658	0.996453	34.0625	0	0
23	507710	0.0863478	-0.0937391	-9.90356	34.0625	-0.000142564	-0.00626099	0.996336	34.0625	0	0
23	507720	0.0604348	-0.100522	-9.93217	34.0625	-0.000112278	-0.00604677	0.996853	34.0625	0	0
23	507730	0.0837391	-0.0741739	-9.91235	34.125	-0.000431385	-0.00575869	0.996595	34.125	0	0
23	507740	0.092	-0.0729565	-9.93565	34.0625	-1.47734e-05	-0.0059958	0.996308	34.0625	0	0
23	507750	0.0849565	-0.0826087	-9.97278	34.125	-0.000206828	-0.00599211	0.99635	34.125	0	0
23	507760	0.0667826	-0.0833043	-9.91852	34.0625	-7.16512e-05	-0.00579267	0.996179	34.0625	0	0
23	507770	0.0693043	-0.108435	-9.93704	34.125	1.32961e-05	-0.00583773	0.996523	34.125	0	0
23	507780	0.0748696	-0.0807826	-9.95104	34.125	8.1254e-05	-0.00621814	0.996697	34.125	0	0
23	507790	0.0768696	-0.0929565	-9.93443	34.125	8.42087e-05	-0.00576608	0.996493	34.125	0	0
23	507800	0.0885217	-0.0950435	-9.95296	34.125	-0.00033388	-0.00573948	0.99636	34.125	0	0
23	507810	0.07	-0.0871304	-9.93635	34.125	-0.000109324	-0.00599063	0.996902	34.125	0	0
23	507820	0.0749565	-0.0953913	-9.92974	34.125	-0.000190577	-0.00581261	0.996516	34.125	0	0
23	507830	0.0683478	-0.0803478	-9.95417	34.0625	-0.000437294	-0.00573727	0.996786	34.0625	0	0
23	507840	0.0688696	-0.0844348	-9.94843	34.125	3.69336e-06	-0.00611473	0.996815	34.125	0	0
23	507850	0.0673913	-0.0644348	-9.88678	34.0625	-0.0001337	-0.00606598	0.996744	34.0625	0	0
23	507860	0.053913	-0.0871304	-9.94991	34.0625	-0.000110801	-0.00609331	0.996317	34.0625	0	0
23	507870	0.0609565	-0.0726087	-9.90583	34.0625	-0.000137393	-0.00598916	0.99637	34.0625	0	0
23	507880	0.0650435	-0.0762609	-9.90078	34.125	-0.000207567	-0.00581483	0.996172	34.125	0	0
23	507890	0.067913	-0.0908696	-9.97296	34.0625	-5.61391e-05	-0.00546027	0.996357	34.0625	0	0
23	507900	0.0886087	-0.114261	-9.89965	34.0625	-9.75048e-05	-0.00573948	0.996774	34.0625	0	0
23	507910	0.088087	-0.0825217	-9.94991	34.0625	-0.000131484	-0.00603717	0.996437	34.0625	0	0
23	507920	0.0815652	-0.0896522	-9.90626	34.0625	0.000108585	-0.00612138	0.996613	34.0625	0	0
23	507930	0.0777391	-0.0945217	-9.96504	34.0625	-0.000147734	-0.00583773	0.996844	34.0625	0	0
23	507940	0.0626087	-0.0970435	-9.95478	34.0625	-0.000185407	-0.00598103	0.996768	34.0625	0	0
23	507950	0.0716522	-0.0834783	-9.93409	34.0625	-9.30727e-05	-0.00589091	0.996321	34.0625	0	0
23	507960	0.0675652	-0.0734783	-9.9567	34.0625	0	-0.00594262	0.996516	34.0625	0	0
23	507970	0.0697391	-0.0876522	-9.95539	34.0625	-0.000130006	-0.00600615	0.996632	34.0625	0	0
23	507980	0.0829565	-0.0853043	-9.88904	34.0625	-0.000118188	-0.00596404	0.996383	34.0625	0	0
23	507990	0.0777391	-0.0691304	-9.92148	34.0625	-0.000127052	-0.00589682	0.996423	34.0625	0	0
23	508000	0.0788696	-0.0834783	-9.96556	34.0625	-1.10801e-05	-0.00586284	0.996221	34.0625	0	0
23	508010	0.0678261	-0.0767826	-9.94765	34.0625	-0.000201658	-0.0057417	0.996416	34.0625	0	0
23	508020	0.0607826	-0.0692174	-9.95191	34.0625	-7.16512e-05	-0.00577863	0.996621	34.0625	0	0
23	508030	0.0613043	-0.0873913	-9.96348	34.0625	-0.000163985	-0.00603939	0.996425	34.0625	0	0
23	508040	0.0783478	-0.0817391	-9.9367	34.125	-0.000155121	-0.006097	0.996261	34.125	0	0
23	508050	0.0856522	-0.070087	-9.94878	34.0625	5.02297e-05	-0.00586358	0.996093	34.0625	0	0
23	508060	0.0618261	-0.0677391	-9.93817	34.0625	-7.23899e-05	-0.00577642	0.99629	34.0625	0	0
23	508070	0.0838261	-0.0662609	-9.95539	34.125	-0.000199442	-0.00565675	0.996191	34.125	0	0
23	508080	0.0474783	-0.0781739	-9.94209	34.0625	-1.18188e-05	-0.00608149	0.996448	34.0625	0	0
23	508090	0.0785217	-0.0882609	-9.94026	34.125	-7.53446e-05	-0.00591086	0.996862	34.125	0	0
23	508100	0.0586087	-0.0957391	-9.90374	34.0625	-0.000266661	-0.0061103	0.996677	34.0625	0	0
23	508110	0.0628696	-0.0711304	-9.92939	34.0625	-0.000196487	-0.0057971	0.9968	34.0625	0	0
23	508120	0.0725217	-0.0833043	-9.95252	34.0625	-0.000138132	-0.00583551	0.996544	34.0625	0	0
23	508130	0.061913	-0.0758261	-9.95278	34.0625	-6.05711e-05	-0.0058983	0.996205	34.0625	0	0
23	508140	0.0885217	-0.0672174	-9.95904	34.0625	-0.000141086	-0.00601353	0.996453	34.0625	0	0
23	508150	0.0743478	-0.0786087	-9.9527	34.0625	2.06828e-05	-0.00590273	0.996475	34.0625	0	0
23	508160	0.0638261	-0.0546087	-9.89261	34.0625	-4.5059e-05	-0.00575721	0.996596	34.0625	0	0
23	508170	0.0503478	-0.108348	-9.9447	34.0625	-0.000100459	-0.0054972	0.996373	34.0625	0	0
23	508180	0.0677391	-0.0789565	-9.98583	34.0625	-5.02297e-05	-0.00591898	0.996178	34.0625	0	0
23	508190	0.0653913	-0.0793043	-9.92652	34.0625	-8.86407e-05	-0.00618343	0.996593	34.0625	0	0
23	508200	0.0698261	-0.0930435	-9.92226	34.0625	-1.92055e-05	-0.00594188	0.996632	34.0625	0	0
23	508210	0.0661739	-0.0866956	-9.91322	34.0625	-3.91496e-05	-0.00574392	0.996429	34.0625	0	0
23	508220	0.0663478	-0.0867826	-9.95661	34.0625	4.43203e-06	-0.00591381	0.996204	34.0625	0	0
23	508230	0.0725217	-0.0905217	-9.97009	34.0625	-0.000124836	-0.0058296	0.996613	34.0625	0	0
23	508240	0.0905217	-0.0898261	-9.93156	34.0625	-1.69895e-05	-0.00566931	0.996528	34.0625	0	0
23	508250	0.0764348	-0.0863478	-9.94887	34.0625	-5.17071e-06	-0.00611621	0.996644	34.0625	0	0
23	508260	0.0572174	-0.0935652	-9.93235	34.0625	-5.98325e-05	-0.00583625	0.996596	34.0625	0	0
23	508270	0.0871304	-0.0862609	-9.89435	34.0625	-0.000163985	-0.00560652	0.996579	34.0625	0	0
23	508280	0.0750435	-0.078087	-9.92617	34.0625	-0.000308026	-0.00585915	0.996408	34.0625	0	0
23	508290	0.0715652	-0.0888696	-9.95104	34.0625	-0.000109324	-0.00636366	0.996466	34.0625	0	0
23	508300	0.0701739	-0.0797391	-9.95348	34.0625	-1.25574e-05	-0.00593819	0.996877	34.0625	0	0
23	508310	0.0722609	-0.0896522	-9.92461	34.0625	1.99442e-05	-0.00594779	0.996422	34.0625	0	0
23	508320	0.0867826	-0.0745217	-9.95739	34.0625	-5.83551e-05	-0.00605342	0.996277	34.0625	0	0
23	508330	0.0865217	-0.095913	-9.93035	34.125	-5.46618e-05	-0.00579489	0.996794	34.125	0	0
23	508340	0.0666957	-0.0914783	-9.91278	34.0625	3.32403e-05	-0.00582296	0.996615	34.0625	0	0
23	508350	0.0773043	-0.0733913	-9.93096	34.0625	-3.76723e-05	-0.00612286	0.996412	34.0625	0	0
23	508360	0.0677391	-0.0987826	-9.92852	34.125	-4.13657e-05	-0.00600836	0.996512	34.125	0	0
23	508370	0.066	-0.0927826	-9.92478	34.0625	-0.000118926	-0.00602905	0.996523	34.0625	0	0
23	508380	0.0545217	-0.0935652	-9.94017	34.125	2.51149e-05	-0.00610144	0.996713	34.125	0	0
23	508390	0.0612174	-0.0772174	-9.94026	34.0625	5.61391e-05	-0.00588131	0.996485	34.0625	0	0
23	508400	0.0611304	-0.0866956	-9.91391	34.0625	-5.90938e-05	-0.00604456	0.996523	34.0625	0	0
23	508410	0.0776522	-0.088	-9.98304	34.0625	-0.000118926	-0.00633929	0.996164	34.0625	0	0
23	508420	0.0589565	-0.0728696	-9.92487	34.0625	-5.98325e-05	-0.00604086	0.996431	34.0625	0	0
23	508430	0.0582609	-0.072087	-9.94783	34.0625	-0.0001891	-0.00570477	0.996421	34.0625	0	0
23	508440	0.0661739	-0.0818261	-9.92261	34.0625	-0.000101198	-0.00555851	0.996559	34.0625	0	0
23	508450	0.0713044	-0.0836522	-9.94974	34.125	-0.000339789	-0.00608592	0.996415	34.125	0	0
23	508460	0.062	-0.0631304	-9.938	34.0625	-0.000106369	-0.00589756	0.996477	34.0625	0	0
23	508470	0.0691304	-0.0790435	-9.93861	34.0625	-0.000118188	-0.00604086	0.996592	34.0625	0	0
23	508480	0.0708696	-0.0761739	-9.92843	34.0625	-0.000349392	-0.00598768	0.996641	34.0625	0	0
23	508490	0.0592174	-0.0817391	-9.92478	34.0625	-1.55121e-05	-0.00596552	0.996409	34.0625	0	0
23	508500	0.0686087	-0.0918261	-9.92948	34.0625	-0.000101198	-0.00589239	0.996703	34.0625	0	0
23	508510	0.102348	-0.0891304	-9.93061	34.0625	-2.43762e-05	-0.00618934	0.996469	34.0625	0	0
23	508520	0.0693913	-0.096	-9.93	34.0625	-0.000169895	-0.00605268	0.996468	34.0625	0	0
23	508530	0.0655652	-0.0915652	-9.9467	34.0625	-0.000149212	-0.00606376	0.996775	34.0625	0	0
23	508540	0.0607826	-0.0798261	-9.90826	34.0625	-5.31844e-05	-0.00560357	0.996969	34.0625	0	0
23	508550	0.0784348	-0.0851304	-9.93043	34.0625	-7.82993e-05	-0.00632451	0.996922	34.0625	0	0
23	508560	0.0573043	-0.0828696	-9.94287	34.0625	-2.95469e-05	-0.00596774	0.996484	34.0625	0	0
23	508570	0.0645217	-0.0851304	-9.96052	34.125	-0.000168417	-0.00598842	0.996186	34.125	0	0
23	508580	0.0722609	-0.0788696	-9.95887	34.0625	-0.000234898	-0.00597808	0.996594	34.0625	0	0
23	508590	0.0727826	-0.0777391	-9.96809	34.0625	7.09126e-05	-0.00621002	0.996604	34.0625	0	0
23	508600	0.0676522	-0.0778261	-9.94035	34.0625	-2.88082e-05	-0.00563164	0.996538	34.0625	0	0
23	508610	0.0667826	-0.0998261	-9.89235	34.0625	0.000125574	-0.00588057	0.996624	34.0625	0	0
23	508620	0.0863478	-0.076087	-9.9687	34.0625	0.000108585	-0.0059079	0.996564	34.0625	0	0
23	508630	0.0576522	-0.0705217	-9.988	34.125	-8.5686e-05	-0.00604825	0.996649	34.125	0	0
23	508640	0.0648696	-0.0829565	-9.95026	34.0625	-2.51149e-05	-0.00609405	0.99626	34.0625	0	0
23	508650	0.0792174	-0.0921739	-9.93765	34.0625	-2.65922e-05	-0.00582074	0.996652	34.0625	0	0
23	508660	0.0747826	-0.0852174	-9.93687	34.0625	-0.000347176	-0.00585102	0.996557	34.0625	0	0
23	508670	0.0535652	-0.0770435	-9.94617	34.0625	-0.00012262	-0.00597069	0.996842	34.0625	0	0
23	508680	0.0662609	-0.0924348	-9.95322	34.0625	-0.000118188	-0.00574244	0.996765	34.0625	0	0
23	508690	0.0806956	-0.082	-9.95052	34.0625	0	-0.00605711	0.996355	34.0625	0	0
23	508700	0.065913	-0.0747826	-9.9467	34.0625	-1.99442e-05	-0.00605933	0.996251	34.0625	0	0
23	508710	0.0517391	-0.0857391	-9.94374	34.0625	-7.46059e-05	-0.0057225	0.996632	34.0625	0	0
23	508720	0.0694783	-0.105391	-9.94313	34.0625	-8.64247e-05	-0.00566783	0.996488	34.0625	0	0
23	508730	0.0836522	-0.0872174	-9.92791	34.0625	4.65364e-05	-0.00564272	0.996736	34.0625	0	0
23	508740	0.076	-0.0730435	-9.93043	34.0625	-0.00022234	-0.00627724	0.996764	34.0625	0	0
23	508750	0.0613043	-0.0824348	-9.92078	34.0625	8.71634e-05	-0.00610365	0.996566	34.0625	0	0
23	508760	0.0646956	-0.0724348	-9.938	34.0625	-3.69336e-06	-0.00592859	0.996599	34.0625	0	0
23	508770	0.0850435	-0.0852174	-9.92043	34.0625	-0.000253365	-0.00604603	0.996317	34.0625	0	0
23	508780	0.0561739	-0.0844348	-9.93043	34.0625	-0.000128529	-0.0058562	0.9967	34.0625	0	0
23	508790	0.0571304	-0.0824348	-9.90261	34.0625	7.31286e-05	-0.00570625	0.996486	34.0625	0	0
23	508800	0.0651304	-0.0891304	-9.95383	34.0625	-3.25016e-05	-0.00577346	0.996751	34.0625	0	0
23	508810	0.0811304	-0.0690435	-9.91	34.0625	-9.60274e-06	-0.0060741	0.996529	34.0625	0	0
23	508820	0.0916522	-0.0974783	-9.96278	34.0625	-0.000201658	-0.00589535	0.996273	34.0625	0	0
23	508830	0.0746087	-0.0772174	-9.94939	34.0625	-8.19926e-05	-0.00616496	0.996542	34.0625	0	0
23	508840	0.0644348	-0.0798261	-9.94009	34.0625	-0.000106369	-0.00612803	0.996482	34.0625	0	0
23	508850	0.0794783	-0.0715652	-9.96652	34.0625	-0.00021126	-0.00575869	0.996751	34.0625	0	0
23	508860	0.0721739	-0.0777391	-9.93165	34.0625	-0.000217908	-0.00608444	0.996564	34.0625	0	0
23	508870	0.0633913	-0.0706087	-9.90443	34.0625	-8.64247e-05	-0.00619672	0.996508	34.0625	0	0
23	508880	0.0637391	-0.0946957	-9.92591	34.0625	-4.0627e-05	-0.00593671	0.996779	34.0625	0	0
23	508890	0.0818261	-0.0773043	-9.93061	34.125	2.95469e-06	-0.00561982	0.996479	34.125	0	0
23	508900	0.0724348	-0.0888696	-9.92548	34.0625	-2.51149e-05	-0.00561243	0.996828	34.0625	0	0
23	508910	0.0646087	-0.0726957	-9.94861	34.125	8.1254e-06	-0.00590938	0.996214	34.125	0	0
23	508920	0.0532174	-0.0858261	-9.97426	34.125	-0.000151428	-0.00619008	0.99648	34.125	0	0
23	508930	0.072087	-0.0912174	-9.93209	34.0625	-6.79579e-05	-0.00611178	0.99637	34.0625	0	0
23	508940	0.0835652	-0.0723478	-9.93704	34.125	-5.83551e-05	-0.005967	0.996544	34.125	0	0
23	508950	0.0737391	-0.0895652	-9.97522	34.0625	-0.000173588	-0.00577494	0.996816	34.0625	0	0
23	508960	0.0826087	-0.0986957	-9.95183	34.125	-0.000125574	-0.00595887	0.996666	34.125	0	0
23	508970	0.0442609	-0.097913	-9.902	34.0625	-9.45501e-05	-0.00574318	0.996566	34.0625	0	0
23	508980	0.0685217	-0.0686956	-9.93635	34.0625	-0.000110062	-0.00549277	0.996356	34.0625	0	0
23	508990	0.081913	-0.0904348	-9.91339	34.0625	-6.05711e-05	-0.00580375	0.996437	34.0625	0	0
23	509000	0.0841739	-0.0845217	-9.92835	34.0625	-6.94352e-05	-0.00566192	0.996288	34.0625	0	0
23	509010	0.0774783	-0.0710435	-9.96852	34.125	2.51149e-05	-0.00600984	0.996378	34.125	0	0
23	509020	0.08	-0.0866087	-9.97983	34.0625	-5.83551e-05	-0.00584512	0.996436	34.0625	0	0
23	509030	0.0835652	-0.0993913	-9.90765	34.125	-0.000189839	-0.00581483	0.996564	34.125	0	0
23	509040	0.0649565	-0.076	-9.93409	34.0625	-7.01739e-05	-0.0058658	0.996462	34.0625	0	0
23	509050	0.0722609	-0.08	-9.88061	34.0625	1.47734e-06	-0.00570772	0.996324	34.0625	0	0
23	509060	0.0769565	-0.10313	-9.94513	34.0625	-0.000102675	-0.00563976	0.996544	34.0625	0	0
23	509070	0.0625217	-0.0661739	-9.97565	34.0625	-1.47734e-06	-0.00574687	0.996507	34.0625	0	0
23	509080	0.0649565	-0.0917391	-9.94156	34.0625	-2.51149e-05	-0.00549794	0.996875	34.0625	0	0
23	509090	0.0698261	-0.083913	-9.95478	34.0625	-6.57418e-05	-0.00581114	0.996573	34.0625	0	0
23	509100	0.0851304	-0.0732174	-9.99026	34.0625	1.10801e-05	-0.00606746	0.996454	34.0625	0	0
23	509110	0.0786956	-0.0986957	-9.91374	34.0625	0.000180975	-0.0056442	0.996807	34.0625	0	0
23	509120	0.0476522	-0.0923478	-9.96817	34.0625	1.47734e-05	-0.00575721	0.996734	34.0625	0	0
23	509130	0.0621739	-0.0906087	-9.93348	34.0625	5.90938e-06	-0.00597586	0.996679	34.0625	0	0
23	509140	0.0590435	-0.0958261	-9.96739	34.0625	-8.347e-05	-0.00591603	0.996825	34.0625	0	0
23	509150	0.0637391	-0.1	-9.95896	34.0625	-2.95469e-05	-0.00586211	0.996548	34.0625	0	0
23	509160	0.051913	-0.107217	-9.92313	34.0625	-0.000260013	-0.00587688	0.996381	34.0625	0	0
23	509170	0.0653043	-0.0846087	-9.92687	34.0625	-0.000158076	-0.00583847	0.996422	34.0625	0	0
23	509180	0.0812174	-0.0716522	-9.94296	34.0625	-0.000135916	-0.00579784	0.996351	34.0625	0	0
23	509190	0.0693043	-0.0867826	-9.93983	34.0625	-0.000209044	-0.00566192	0.99707	34.0625	0	0
23	509200	0.062087	-0.0776522	-9.92878	34.0625	6.64805e-06	-0.0056634	0.99677	34.0625	0	0
23	509210	0.0590435	-0.0829565	-9.92939	34.0625	-0.000199442	-0.00597955	0.996704	34.0625	0	0
23	509220	0.0603478	-0.0974783	-9.93357	34.125	-0.000271093	-0.00572102	0.99674	34.125	0	0
23	509230	0.0567826	-0.090087	-9.92565	34.0625	-5.17071e-05	-0.0057513	0.99633	34.0625	0	0
23	509240	0.0729565	-0.093913	-9.91426	34.125	-4.13657e-05	-0.00565454	0.996601	34.125	0	0
23	509250	0.0596522	-0.0845217	-9.97313	34.0625	-3.6195e-05	-0.00568261	0.996665	34.0625	0	0
23	509260	0.0708696	-0.0834783	-9.9387	34.0625	-0.000293992	-0.00551123	0.996174	34.0625	0	0
23	509270	0.0810435	-0.0766957	-9.96504	34.125	-0.000107108	-0.00615166	0.996591	34.125	0	0
23	509280	0.079913	-0.0924348	-9.92522	34.125	-7.09126e-05	-0.00593302	0.996884	34.125	0	0
23	509290	0.0506087	-0.0818261	-9.9487	34.125	-0.000216431	-0.00608223	0.996346	34.125	0	0
23	509300	0.0688696	-0.0788696	-9.97165	34.0625	7.60833e-05	-0.00552675	0.996771	34.0625	0	0
23	509310	0.0617391	-0.0774783	-9.96104	34.0625	-2.65922e-05	-0.00582886	0.99683	34.0625	0	0
23	509320	0.0874783	-0.0907826	-9.90974	34.0625	-6.64805e-05	-0.00589165	0.99614	34.0625	0	0
23	509330	0.0689565	-0.0770435	-9.944	34.125	-1.77281e-05	-0.00576608	0.996608	34.125	0	0
23	509340	0.0598261	-0.0709565	-9.94087	34.125	0	-0.00596552	0.996796	34.125	0	0
23	509350	0.0616522	-0.0877391	-9.89	34.125	-8.27313e-05	-0.00578824	0.996939	34.125	0	0
23	509360	0.0790435	-0.0856522	-9.94409	34.0625	5.90938e-06	-0.00608444	0.996861	34.0625	0	0
23	509370	0.0856522	-0.0969565	-9.95643	34.125	-0.00015586	-0.00570772	0.996592	34.125	0	0
23	509380	0.0790435	-0.0906087	-9.9447	34.125	-4.21043e-05	-0.00608666	0.996415	34.125	0	0
23	509390	0.0791304	-0.0661739	-9.88922	34.125	1.92055e-05	-0.00588796	0.996382	34.125	0	0
23	509400	0.074087	-0.0988696	-9.96626	34.0625	6.57418e-05	-0.00591233	0.99644	34.0625	0	0
23	509410	0.0531304	-0.0878261	-9.96678	34.0625	-0.000100459	-0.00581261	0.996767	34.0625	0	0
23	509420	0.0690435	-0.0932174	-9.94409	34.0625	-0.000319845	-0.0058296	0.99633	34.0625	0	0
23	509430	0.0666087	-0.0837391	-9.91687	34.0625	-0.000113756	-0.00568408	0.996573	34.0625	0	0
23	509440	0.0705217	-0.0793913	-9.92443	34.0625	3.39789e-05	-0.00603274	0.996671	34.0625	0	0
23	509450	0.0685217	-0.078087	-9.94087	34.0625	-0.000303594	-0.00577346	0.996831	34.0625	0	0
23	509460	0.0565217	-0.074087	-9.95835	34.125	-6.64805e-06	-0.00602314	0.996632	34.125	0	0
23	509470	0.0577391	-0.0817391	-9.93252	34.125	-0.000121142	-0.00600467	0.996503	34.125	0	0
23	509480	0.0732174	-0.0988696	-9.92113	34.125	-3.98883e-05	-0.00588722	0.996576	34.125	0	0
23	509490	0.0853043	-0.0873043	-9.95287	34.125	-4.7275e-05	-0.00582665	0.996678	34.125	0	0
23	509500	0.0853043	-0.112087	-9.89417	34.0625	-0.000124836	-0.00612064	0.99644	34.0625	0	0
23	509510	0.0682609	-0.077913	-9.94557	34.0625	-0.000121142	-0.00602905	0.996625	34.0625	0	0
23	509520	0.0693913	-0.08	-9.95174	34.125	-1.84668e-05	-0.0058562	0.996363	34.125	0	0
23	509530	0.0629565	-0.101565	-9.89252	34.0625	-7.09126e-05	-0.00582	0.996352	34.0625	0	0
23	509540	0.0898261	-0.0851304	-9.96278	34.0625	-9.30727e-05	-0.00548169	0.996453	34.0625	0	0
23	509550	0.0830435	-0.0943478	-9.94287	34.125	-5.24457e-05	-0.00559692	0.996506	34.125	0	0
23	509560	0.0789565	-0.104435	-9.91757	34.0625	0.000155121	-0.0056309	0.996852	34.0625	0	0
23	509570	0.0665217	-0.10087	-9.91696	34.125	-5.90938e-06	-0.00606155	0.996832	34.125	0	0
23	509580	0.0728696	-0.125913	-9.95296	34.0625	-9.30727e-05	-0.00548981	0.996163	34.0625	0	0
23	509590	0.0613913	-0.0911304	-9.93443	34.125	7.82993e-05	-0.00572619	0.996169	34.125	0	0
23	509600	0.071913	-0.0772174	-9.92165	34.0625	7.31286e-05	-0.00597955	0.996706	34.0625	0	0
23	509610	0.0686956	-0.0733913	-9.93374	34.0625	-5.98325e-05	-0.00572545	0.996491	34.0625	0	0
23	509620	0.0674783	-0.0854783	-9.90722	34.0625	-0.000124836	-0.00570329	0.996581	34.0625	0	0
23	509630	0.0466956	-0.0764348	-9.93591	34.0625	-6.72192e-05	-0.00590938	0.996822	34.0625	0	0
23	509640	0.0643478	-0.088087	-9.95504	34.0625	-0.00035604	-0.00548464	0.996517	34.0625	0	0
23	509650	0.0614783	-0.0794783	-9.94826	34.0625	-2.95469e-06	-0.00609331	0.996528	34.0625	0	0
23	509660	0.0678261	-0.0691304	-9.95243	34.0625	-0.00013887	-0.00606967	0.996445	34.0625	0	0
23	509670	0.0604348	-0.0843478	-9.9573	34.0625	-9.38114e-05	-0.00595961	0.996494	34.0625	0	0
23	509680	0.0689565	-0.0854783	-9.94687	34.0625	5.54004e-05	-0.00587245	0.99657	34.0625	0	0
23	509690	0.0736522	-0.0909565	-9.94617	34.0625	-9.82434e-05	-0.00551862	0.996858	34.0625	0	0
23	509700	0.08	-0.10087	-9.95765	34.0625	-5.98325e-05	-0.00527412	0.996689	34.0625	0	0
23	509710	0.0737391	-0.0913913	-9.94235	34.0625	-0.000257058	-0.00552749	0.99689	34.0625	0	0
23	509720	0.0817391	-0.0764348	-9.91817	34.0625	-8.42087e-05	-0.00553487	0.996684	34.0625	0	0
23	509730	0.0642609	-0.101391	-9.96287	34.0625	-0.000321323	-0.00603052	0.996755	34.0625	0	0
23	509740	0.0646087	-0.0871304	-9.91991	34.0625	-1.18704e-05	-0.005967	0.996679	34.0625	0	0
23	509750	0.0693043	-0.101913	-9.93096	34.0625	-0.000134438	-0.00588944	0.996689	34.0625	0	0
23	509760	0.0762609	-0.0908696	-9.95165	34.0625	7.53446e-05	-0.00596774	0.996805	34.0625	0	0
23	509770	0.072	-0.102261	-9.93522	34.0625	-0.000254842	-0.00566636	0.996176	34.0625	0	0
23	509780	0.074	-0.0728696	-9.93713	34.0625	2.06828e-05	-0.00598103	0.996392	34.0625	0	0
23	509790	0.0644348	-0.0927826	-9.94843	34.0625	-6.79579e-05	-0.0060874	0.996478	34.0625	0	0
23	509800	0.0777391	-0.0753043	-9.92696	34.0625	-8.49473e-05	-0.00614428	0.996881	34.0625	0	0
23	509810	0.0773913	-0.0841739	-9.92878	34.125	-5.90938e-05	-0.00603939	0.996706	34.125	0	0
23	509820	0.0737391	-0.0849565	-9.90122	34.0625	1.03414e-05	-0.00575869	0.996821	34.0625	0	0
23	509830	0.0861739	-0.078087	-9.93878	34.0625	-5.83551e-05	-0.00601206	0.996513	34.0625	0	0
23	509840	0.08	-0.0923478	-9.94896	34.0625	-4.2843e-05	-0.00589682	0.996282	34.0625	0	0
23	509850	0.077913	-0.105217	-9.92304	34.0625	-0.000148473	-0.00608814	0.996388	34.0625	0	0
23	509860	0.076	-0.0763478	-9.94009	34.0625	-0.000396667	-0.00608888	0.99657	34.0625	0	0
23	509870	0.0582609	-0.0861739	-9.93957	34.0625	-0.000221602	-0.00578454	0.996265	34.0625	0	0
23	509880	0.0787826	-0.0772174	-9.90383	34.0625	3.69336e-05	-0.00585176	0.996825	34.0625	0	0
23	509890	0.0706957	-0.0797391	-9.90296	34.0625	-4.13657e-05	-0.00566192	0.996428	34.0625	0	0
23	509900	0.0709565	-0.10513	-9.91078	34.0625	-2.51149e-05	-0.00587171	0.996731	34.0625	0	0
23	509910	0.0736522	-0.0921739	-9.94348	34.0625	-6.20485e-05	-0.00606229	0.99634	34.0625	0	0
23	509920	0.0633043	-0.0735652	-9.93756	34.0625	-3.6195e-05	-0.00596921	0.996724	34.0625	0	0
23	509930	0.0741739	-0.084	-9.95913	34.0625	-6.05711e-05	-0.00559471	0.996728	34.0625	0	0
23	509940	0.0936522	-0.0850435	-9.93957	34.0625	-0.000157337	-0.00565232	0.996496	34.0625	0	0
23	509950	0.092	-0.0912174	-9.92374	34.0625	-0.000104153	-0.00584659	0.996366	34.0625	0	0
23	509960	0.0726957	-0.0928696	-9.89896	34.0625	-1.40348e-05	-0.00563312	0.996295	34.0625	0	0
23	509970	0.094087	-0.083913	-9.92713	34.0625	-6.05711e-05	-0.00608666	0.996674	34.0625	0	0
23	509980	0.0836522	-0.0995652	-9.91974	34.0625	-1.10801e-05	-0.00589091	0.996875	34.0625	0	0
23	509990	0.0765217	-0.0907826	-9.92383	34.0625	-9.0118e-05	-0.0056671	0.996559	34.0625	0	0
23	510000	0.0604348	-0.076087	-9.97183	34.0625	-0.000161769	-0.00547135	0.996533	34.0625	0	0
23	510010	0.082	-0.105826	-9.92878	34.0625	-0.000172111	-0.0058429	0.996485	34.0625	0	0
23	510020	0.063913	-0.0943478	-9.92052	34.0625	-0.00014478	-0.00585989	0.996265	34.0625	0	0
23	510030	0.0681739	-0.0829565	-9.9247	34.0625	-8.1254e-06	-0.00579341	0.99659	34.0625	0	0
23	510040	0.0623478	-0.074087	-9.95026	34.0625	-0.000286605	-0.00580818	0.996348	34.0625	0	0
23	510050	0.0795652	-0.0806087	-9.93278	34.0625	-0.000183191	-0.0059633	0.99665	34.0625	0	0
23	510060	0.0742609	-0.0783478	-9.95365	34.0625	-0.000302856	-0.00581705	0.996839	34.0625	0	0
23	510070	0.0606087	-0.100783	-9.92835	34.0625	-0.000262229	-0.00557919	0.996414	34.0625	0	0
23	510080	0.0674783	-0.0849565	-9.93461	34.0625	-0.00011671	-0.00553604	0.996514	34.0625	0	0
23	510090	0.0635652	-0.0972174	-9.95078	34.0625	3.02856e-05	-0.00586506	0.996505	34.0625	0	0
23	510100	0.0763478	-0.0907826	-9.9273	34.0625	-0.000264445	-0.00548834	0.996938	34.0625	0	0
23	510110	0.044087	-0.0874783	-9.88061	34.0625	6.86965e-05	-0.00581852	0.996468	34.0625	0	0
23	510120	0.0673913	-0.0970435	-9.97209	34.0625	-3.10242e-05	-0.00560948	0.996426	34.0625	0	0
23	510130	0.047913	-0.072087	-9.9387	34.0625	-0.000139609	-0.00601501	0.996765	34.0625	0	0
23	510140	0.0731304	-0.101826	-9.9587	34.0625	-0.000183929	-0.00619525	0.996729	34.0625	0	0
23	510150	0.0786087	-0.104348	-9.90896	34.0625	-0.000153644	-0.0058429	0.99646	34.0625	0	0
23	510160	0.0782609	-0.086	-9.93574	34.0625	-2.28988e-05	-0.00608149	0.996983	34.0625	0	0
23	510170	0.0534783	-0.0793913	-9.932	34.0625	-0.000247455	-0.00622184	0.99641	34.0625	0	0
23	510180	0.0785217	-0.0917391	-9.97678	34.0625	1.69895e-05	-0.00578898	0.996317	34.0625	0	0
23	510190	0.0828696	-0.0872174	-9.94261	34.0625	-8.86407e-05	-0.00598694	0.99688	34.0625	0	0
23	510200	0.0721739	-0.0849565	-9.92365	34.0625	-0.000188361	-0.00610587	0.996683	34.0625	0	0
23	510210	0.0984348	-0.0897391	-9.96356	34.0625	-0.000180975	-0.00578972	0.996381	34.0625	0	0
23	510220	0.0705217	-0.0873913	-9.92052	34.0625	-1.18188e-05	-0.00556294	0.9963	34.0625	0	0
23	510230	0.0717391	-0.0996522	-9.95391	34.0625	-0.000243762	-0.00556073	0.996446	34.0625	0	0
23	510240	0.0712174	-0.0993043	-9.93148	34.0625	-3.25016e-05	-0.00606819	0.996793	34.0625	0	0
23	510250	0.0749565	-0.0848696	-9.938	34.0625	4.2843e-05	-0.00585398	0.996446	34.0625	0	0
23	510260	0.066	-0.0988696	-9.90722	34.0625	-2.36375e-05	-0.0058008	0.99624	34.0625	0	0
23	510270	0.0671304	-0.0881739	-9.93287	34.0625	-7.46059e-05	-0.0055984	0.996668	34.0625	0	0
23	510280	0.0607826	-0.0634783	-9.95226	34.125	-2.14215e-05	-0.00597143	0.996668	34.125	0	0
23	510290	0.0703478	-0.0761739	-9.95469	34.0625	-0.000223818	-0.00605268	0.996134	34.0625	0	0
23	510300	0.0747826	-0.0942609	-9.91496	34.0625	-6.05711e-05	-0.00615831	0.996593	34.0625	0	0
23	510310	0.0728696	-0.0866087	-9.92235	34.0625	-0.000212738	-0.00575648	0.996529	34.0625	0	0
23	510320	0.0792174	-0.0736522	-9.89974	34.0625	-0.000207567	-0.00587762	0.996327	34.0625	0	0
23	510330	0.0756522	-0.07	-9.92574	34.0625	-0.000123358	-0.00590347	0.996469	34.0625	0	0
23	510340	0.0991304	-0.073913	-9.9607	34.0625	-6.50032e-05	-0.00563016	0.996655	34.0625	0	0
23	510350	0.0781739	-0.099913	-9.94252	34.0625	-8.347e-05	-0.00622184	0.996439	34.0625	0	0
23	510360	0.0602609	-0.0770435	-9.95922	34.0625	-0.000146996	-0.00574022	0.996589	34.0625	0	0
23	510370	0.0728696	-0.0921739	-9.92748	34.0625	-8.347e-05	-0.00593302	0.996812	34.0625	0	0
23	510380	0.0925217	-0.0686956	-9.98226	34.0625	-0.000153644	-0.00551567	0.996593	34.0625	0	0
23	510390	0.0870435	-0.0945217	-9.92835	34.0625	-0.000248194	-0.00574613	0.996451	34.0625	0	0
23	510400	0.0726957	-0.0935652	-9.92765	34.0625	-6.79579e-05	-0.00566857	0.996343	34.0625	0	0
23	510410	0.0753043	-0.101391	-9.92917	34.0625	-0.000194271	-0.00564567	0.997124	34.0625	0	0
23	510420	0.0757391	-0.0951304	-9.96626	34.0625	-9.89821e-05	-0.0059441	0.996767	34.0625	0	0
23	510430	0.0751304	-0.0674783	-9.92478	34.0625	-0.000364904	-0.00591898	0.996649	34.0625	0	0
23	510440	0.0758261	-0.0761739	-9.9507	34.0625	-0.000210522	-0.00556073	0.996511	34.0625	0	0
23	510450	0.0866087	-0.0906087	-9.92878	34.0625	-0.000107108	-0.0057646	0.996704	34.0625	0	0
23	510460	0.0787826	-0.0933043	-9.936	34.0625	-0.000171372	-0.00600319	0.996459	34.0625	0	0
23	510470	0.080087	-0.0847826	-9.94765	34.0625	-0.000254842	-0.00560652	0.99652	34.0625	0	0
23	510480	0.0626957	-0.094	-9.96217	34.0625	-0.00036195	-0.00599507	0.996864	34.0625	0	0
23	510490	0.0810435	-0.0767826	-9.97522	34.0625	-8.93794e-05	-0.00572914	0.996935	34.0625	0	0
23	510500	0.0752174	-0.0624348	-9.94104	34.0625	-3.54563e-05	-0.00580818	0.996322	34.0625	0	0
23	510510	0.0585217	-0.0789565	-9.95791	34.0625	-0.000227511	-0.00584585	0.996708	34.0625	0	0
23	510520	0.0656769	-0.0985217	-9.9353	34.0625	-0.000112278	-0.00612655	0.996641	34.0625	0	0
23	510530	0.0808696	-0.103565	-9.94104	34.0625	-0.000243023	-0.00562647	0.996424	34.0625	0	0
23	510540	0.0671304	-0.0931304	-9.92643	34.0625	-8.1254e-05	-0.0059441	0.996646	34.0625	0	0
23	510550	0.0712174	-0.0810435	-9.91887	34.0625	-4.13657e-05	-0.00604899	0.996684	34.0625	0	0
23	510560	0.073913	-0.0850435	-9.93583	34.0625	6.79579e-05	-0.00564124	0.996561	34.0625	0	0
23	510570	0.0806956	-0.0893913	-9.93609	34.0625	2.14215e-05	-0.00572545	0.996372	34.0625	0	0
23	510580	0.0693913	-0.0997391	-9.97156	34.0625	-0.000107108	-0.00585102	0.996703	34.0625	0	0
23	510590	0.0695652	-0.0926957	-9.90974	34.0625	-4.21043e-05	-0.00560579	0.996454	34.0625	0	0
23	510600	0.068	-0.0769565	-9.94696	34.0625	2.14215e-05	-0.00585767	0.99657	34.0625	0	0
23	510610	0.0764348	-0.0883478	-9.92087	34.0625	1.47734e-06	-0.00564641	0.996464	34.0625	0	0
23	510620	0.0616522	-0.104348	-9.90739	34.0625	5.46618e-05	-0.0056767	0.996432	34.0625	0	0
23	510630	0.0793913	-0.0958952	-9.90365	34.0625	0	-0.00587909	0.996501	34.0625	0	0
23	510640	0.0863478	-0.0967826	-9.94061	34.0625	-4.43203e-06	-0.00582	0.996418	34.0625	0	0
23	510650	0.0646087	-0.0971304	-9.98817	34.0625	-0.00012262	-0.00576903	0.996501	34.0625	0	0
23	510660	0.06	-0.0935652	-9.90661	34.125	-7.31286e-05	-0.00580375	0.996282	34.125	0	0
23	510670	0.0718261	-0.0811304	-9.91722	34.0625	-0.000130745	-0.00584512	0.996638	34.0625	0	0
23	510680	0.0933043	-0.0852174	-9.9693	34.0625	-5.90938e-05	-0.00574761	0.996699	34.0625	0	0
23	510690	0.0641739	-0.0722609	-9.96904	34.0625	-0.000104153	-0.00554595	0.996537	34.0625	0	0
23	510700	0.0636522	-0.0757391	-9.92565	34.0625	-0.000132961	-0.00582369	0.996539	34.0625	0	0
23	510710	0.0753043	-0.0944348	-9.93661	34.0625	-9.0118e-05	-0.00616201	0.996941	34.0625	0	0
23	510720	0.0528696	-0.0862609	-9.94887	34.0625	-0.0001891	-0.006097	0.996731	34.0625	0	0
23	510730	0.084	-0.0993043	-9.94826	34.0625	-0.000372291	-0.00579636	0.996338	34.0625	0	0
23	510740	0.0690435	-0.0769565	-9.95748	34.0625	-4.21043e-05	-0.00578233	0.99606	34.0625	0	0
23	510750	0.0706087	-0.103043	-9.93357	34.0625	-2.95469e-05	-0.00588944	0.996372	34.0625	0	0
23	510760	0.0753043	-0.0856522	-9.92304	34.0625	-0.000247455	-0.00592785	0.996262	34.0625	0	0
23	510770	0.0726087	-0.0941739	-9.94583	34.0625	-0.000248933	-0.00619081	0.996644	34.0625	0	0
23	510780	0.0436522	-0.0866087	-9.93896	34.0625	-0.000107108	-0.00576903	0.99646	34.0625	0	0
23	510790	0.0837391	-0.0774783	-9.93313	34.0625	-5.31844e-05	-0.00584438	0.996344	34.0625	0	0
23	510800	0.0752174	-0.101565	-9.92861	34.0625	-0.000112278	-0.0056996	0.996152	34.0625	0	0
23	510810	0.0747826	-0.0953913	-9.9493	34.0625	-0.000180236	-0.00578602	0.996579	34.0625	0	0
23	510820	0.0568696	-0.0865217	-9.96626	34.0625	-0.000354563	-0.00614428	0.996371	34.0625	0	0
23	510830	0.0777391	-0.0736522	-9.90191	34.0625	-5.39231e-05	-0.00575869	0.996703	34.0625	0	0
23	510840	0.0882609	-0.0962609	-9.92009	34.0625	-0.000136654	-0.00593745	0.99622	34.0625	0	0
23	510850	0.08	-0.0822609	-9.93	34.0625	-4.2843e-05	-0.00585102	0.996827	34.0625	0	0
23	510860	0.0793043	-0.0864348	-9.92496	34.0625	-0.000180975	-0.00599063	0.996674	34.0625	0	0
23	510870	0.075913	-0.089913	-9.92426	34.0625	-0.000268877	-0.00576608	0.996537	34.0625	0	0
23	510880	0.0830435	-0.091913	-9.97957	34.0625	-0.000282912	-0.0062765	0.996466	34.0625	0	0
23	510890	0.0688696	-0.0961739	-9.94704	34.0625	-0.000332403	-0.00605638	0.996852	34.0625	0	0
23	510900	0.0777391	-0.0887826	-9.91704	34.0625	-0.000266661	-0.00569517	0.996547	34.0625	0	0
23	510910	0.0829565	-0.0731304	-9.92209	34.0625	-0.00014478	-0.00542998	0.996565	34.0625	0	0
23	510920	0.0785217	-0.0708696	-9.93374	34.0625	-0.000281434	-0.0058525	0.996612	34.0625	0	0
23	510930	0.08	-0.0861739	-9.94339	34.0625	-9.60274e-06	-0.00609626	0.996929	34.0625	0	0
23	510940	0.0695652	-0.087913	-9.96443	34.0625	-8.347e-05	-0.00579341	0.996203	34.0625	0	0
23	510950	0.0785217	-0.0862609	-9.94513	34.0625	-8.19926e-05	-0.00581261	0.996488	34.0625	0	0
23	510960	0.07	-0.0834783	-9.9313	34.0625	-0.000197964	-0.00608444	0.99674	34.0625	0	0
23	510970	0.0878261	-0.0823478	-9.93113	34.0625	-0.000192055	-0.00600245	0.996694	34.0625	0	0
23	510980	0.086	-0.10313	-9.95548	34.0625	-0.000228988	-0.00610513	0.996817	34.0625	0	0
23	510990	0.0744348	-0.0677391	-9.93835	34.0625	-4.87524e-05	-0.00604086	0.996648	34.0625	0	0
23	511000	0.08	-0.0787826	-9.95017	34.0625	-9.60274e-05	-0.00619155	0.996614	34.0625	0	0
23	511010	0.0761739	-0.0911304	-9.93191	34.0625	-0.000128529	-0.00531401	0.996672	34.0625	0	0
23	511020	0.0608696	-0.0826957	-9.94443	34.0625	1.77281e-05	-0.00576238	0.996683	34.0625	0	0
23	511030	0.101565	-0.0951304	-9.91087	34.0625	-6.05711e-05	-0.00615388	0.996573	34.0625	0	0
23	511040	0.0754783	-0.0881739	-9.96513	34.0625	-1.55121e-05	-0.00585915	0.996535	34.0625	0	0
23	511050	0.0953043	-0.0737391	-9.87817	34.0625	-0.000214954	-0.006179	0.996264	34.0625	0	0
23	511060	0.0733913	-0.0754783	-9.94843	34.0625	-0.000370814	-0.00594262	0.996276	34.0625	0	0
23	511070	0.0728696	-0.068	-9.9167	34.0625	-0.000210522	-0.00573431	0.996581	34.0625	0	0
23	511080	0.0774783	-0.0693913	-9.93983	34.0625	-0.000245978	-0.0060091	0.996405	34.0625	0	0
23	511090	0.0642609	-0.0733043	-9.9167	34.0625	-0.000163247	-0.00592194	0.996305	34.0625	0	0
23	511100	0.0765217	-0.0853043	-9.91974	34.0625	-0.000179497	-0.00555334	0.996712	34.0625	0	0
23	511110	0.0726957	-0.0914783	-9.91339	34.0625	1.69895e-05	-0.00562647	0.996734	34.0625	0	0
23	511120	0.0722609	-0.074087	-9.93913	34.0625	-0.000263706	-0.00607854	0.996146	34.0625	0	0
23	511130	0.0726957	-0.0903478	-9.90896	34.0625	-0.000301378	-0.00601723	0.996391	34.0625	0	0
23	511140	0.0866956	-0.0877391	-9.93026	34.0625	-3.32403e-05	-0.00569664	0.996613	34.0625	0	0
23	511150	0.0642609	-0.0806087	-9.93922	34.0625	-0.000175804	-0.00594336	0.996607	34.0625	0	0
23	511160	0.073913	-0.0786956	-9.9447	34.0625	-0.000296208	-0.00597217	0.996516	34.0625	0	0
23	511170	0.0642609	-0.0664348	-9.94635	34.0625	-0.000455761	-0.00551419	0.996531	34.0625	0	0
23	511180	0.0556522	-0.0833913	-9.91835	34.0625	-0.000306549	-0.00589165	0.996522	34.0625	0	0
23	511190	0.0724348	-0.0763478	-9.95217	34.0625	-0.000106369	-0.00620706	0.996798	34.0625	0	0
23	511200	0.0821739	-0.0833043	-9.96226	34.0625	-0.00011671	-0.00586654	0.996685	34.0625	0	0
23	511210	0.0903478	-0.0791304	-9.94704	34.0625	-4.35817e-05	-0.00586284	0.99683	34.0625	0	0
23	511220	0.0695652	-0.0916522	-9.91522	34.0625	-9.67661e-05	-0.00585176	0.996522	34.0625	0	0
23	511230	0.0652174	-0.0618261	-9.97522	34.0625	-0.000124097	-0.00605859	0.996977	34.0625	0	0
23	511240	0.07	-0.0929565	-9.92174	34.0625	-7.9038e-05	-0.00581409	0.996438	34.0625	0	0
23	511250	0.0653043	-0.0943478	-9.9673	34.0625	5.98325e-05	-0.00607189	0.996488	34.0625	0	0
23	511260	0.058	-0.0965217	-9.98878	34.125	-0.000123358	-0.00550976	0.996521	34.125	0	0
23	511270	0.0694783	-0.0858261	-9.97243	34.0625	-9.60274e-06	-0.00563016	0.996432	34.0625	0	0
23	511280	0.0738261	-0.0818261	-9.95087	34.125	2.21602e-06	-0.00605047	0.996781	34.125	0	0
23	511290	0.0798261	-0.089913	-9.89983	34.0625	-0.000299162	-0.00583477	0.996332	34.0625	0	0
23	511300	0.0823478	-0.0747826	-9.93009	34.125	-0.000218647	-0.00581852	0.996453	34.125	0	0
23	511310	0.0670435	-0.0893913	-9.91809	34.0625	-0.000195748	-0.00623513	0.996558	34.0625	0	0
23	511320	0.0789565	-0.088	-9.922	34.125	-5.46618e-05	-0.00590716	0.996663	34.125	0	0
23	511330	0.0726087	-0.0962609	-9.9433	34.0625	-0.000110801	-0.00596109	0.996589	34.0625	0	0
23	511340	0.0806087	-0.0882609	-9.94374	34.125	-0.000296208	-0.00577346	0.996536	34.125	0	0
23	511350	0.078087	-0.0693913	-9.95565	34.125	-0.000110062	-0.00614575	0.996767	34.125	0	0
23	511360	0.0669565	-0.0745217	-9.97548	34.125	-0.000252626	-0.00570403	0.996485	34.125	0	0
23	511370	0.0762609	-0.0701739	-9.932	34.125	-0.000132222	-0.00601501	0.996646	34.125	0	0
23	511380	0.0697391	-0.0903478	-9.96322	34.125	-0.000121142	-0.00560357	0.99616	34.125	0	0
23	511390	0.0607826	-0.0670435	-9.90061	34.0625	-0.000252626	-0.00614354	0.996871	34.0625	0	0
23	511400	0.05	-0.0762609	-9.94687	34.0625	-0.000199442	-0.00614723	0.99675	34.0625	0	0
23	511410	0.0893044	-0.082087	-9.91304	34.0625	-1.10801e-05	-0.00579784	0.996912	34.0625	0	0
23	511420	0.0649565	-0.0836522	-9.96687	34.0625	-0.000144041	-0.00562868	0.996803	34.0625	0	0
23	511430	0.0905217	-0.0889565	-9.94478	34.0625	-0.000107846	-0.0060453	0.996397	34.0625	0	0
23	511440	0.0734783	-0.0782609	-9.90478	34.0625	-7.60833e-05	-0.00585841	0.996749	34.0625	0	0
23	511450	0.0714783	-0.0806087	-9.94035	34.0625	-0.000253365	-0.00593376	0.996672	34.0625	0	0
23	511460	0.0653913	-0.0701739	-9.95844	34.0625	-7.75606e-05	-0.00600393	0.996775	34.0625	0	0
23	511470	0.0529565	-0.0694783	-9.94235	34.0625	-7.60833e-05	-0.00572323	0.996498	34.0625	0	0
23	511480	0.0577391	-0.0842609	-9.94557	34.0625	7.38672e-07	-0.00583108	0.996708	34.0625	0	0
23	511490	0.0774783	-0.0655652	-9.92765	34.0625	-0.000585029	-0.00559397	0.996158	34.0625	0	0
23	511500	0.0694783	-0.0758261	-9.92261	34.125	-0.000366382	-0.00613615	0.996714	34.125	0	0
23	511510	0.0913043	-0.0761739	-9.94391	34.0625	-2.58535e-05	-0.00571215	0.996687	34.0625	0	0
23	511520	0.0876522	-0.0726957	-9.90913	34.0625	-0.000248933	-0.00611104	0.996321	34.0625	0	0
23	511530	0.0578261	-0.105913	-9.94765	34.0625	-0.000288821	-0.00625877	0.996453	34.0625	0	0
23	511540	0.0831304	-0.086	-9.92096	34.0625	3.54563e-05	-0.00565749	0.996767	34.0625	0	0
23	511550	0.0570435	-0.088087	-9.91904	34.0625	6.50032e-05	-0.00580449	0.996575	34.0625	0	0
23	511560	0.073913	-0.0748696	-9.9467	34.0625	-0.000141086	-0.00552158	0.996468	34.0625	0	0
23	511570	0.0750435	-0.0937391	-9.95904	34.0625	-8.27313e-05	-0.00600098	0.996818	34.0625	0	0
23	511580	0.0667826	-0.104783	-9.96844	34.0625	-0.000214215	-0.00612212	0.996819	34.0625	0	0
23	511590	0.0764348	-0.077913	-9.94061	34.0625	-0.000159553	-0.00582074	0.996598	34.0625	0	0
23	511600	0.0604348	-0.0725217	-9.91461	34.0625	-0.000130006	-0.00599063	0.996506	34.0625	0	0
23	511610	0.0810435	-0.0832174	-9.95835	34.125	-0.000221602	-0.00586654	0.996526	34.125	0	0
23	511620	0.068	-0.062087	-9.90496	34.0625	-0.000236375	-0.00573727	0.995941	34.0625	0	0
23	511630	0.077913	-0.0869565	-9.93009	34.0625	-0.000124836	-0.00581778	0.99605	34.0625	0	0
23	511640	0.0736522	-0.0835652	-9.93	34.0625	-0.000175804	-0.00588279	0.996377	34.0625	0	0
23	511650	0.0595652	-0.102435	-9.89713	34.0625	1.32961e-05	-0.00602683	0.996627	34.0625	0	0
23	511660	0.0684348	-0.0815652	-9.91461	34.0625	-0.000115233	-0.00575278	0.996912	34.0625	0	0
23	511670	0.0670435	-0.0685217	-9.94565	34.0625	-0.00012262	-0.00602314	0.996599	34.0625	0	0
23	511680	0.06	-0.0813043	-9.9487	34.0625	-0.000192055	-0.00603791	0.996538	34.0625	0	0
23	511690	0.0522609	-0.0789565	-9.9353	34.0625	-8.7902e-05	-0.00613615	0.996798	34.0625	0	0
23	511700	0.0654783	-0.0578261	-9.95087	34.0625	-4.57977e-05	-0.00547947	0.996412	34.0625	0	0
23	511710	0.0606087	-0.0823478	-9.94713	34.0625	-0.00014478	-0.00583182	0.996682	34.0625	0	0
23	511720	0.0713044	-0.0952174	-9.90678	34.0625	-5.83551e-05	-0.0062765	0.996513	34.0625	0	0
23	511730	0.0791304	-0.0906956	-9.9613	34.0625	-0.000109324	-0.00574466	0.996732	34.0625	0	0
23	511740	0.0656522	-0.0866956	-9.94939	34.0625	-0.00038928	-0.00623587	0.996433	34.0625	0	0
23	511750	0.0727826	-0.0741739	-9.91209	34.0625	2.43762e-05	-0.0058562	0.996754	34.0625	0	0
23	511760	0.076087	-0.0708696	-9.93826	34.0625	-6.64805e-06	-0.00566119	0.996333	34.0625	0	0
23	511770	0.0714783	-0.0896522	-9.94417	34.0625	-2.21602e-06	-0.0059899	0.996856	34.0625	0	0
23	511780	0.0645217	-0.0917391	-9.93904	34.0625	0	-0.00555777	0.996522	34.0625	0	0
23	511790	0.0753913	-0.0681739	-9.96539	34.0625	-0.000161769	-0.00609626	0.996822	34.0625	0	0
23	511800	0.0684348	-0.0873043	-9.94356	34.0625	-0.000138132	-0.00616348	0.996627	34.0625	0	0
23	511810	0.060087	-0.0842609	-9.91348	34.0625	0	-0.00581335	0.996421	34.0625	0	0
23	511820	0.0611304	-0.0772174	-9.936	34.125	0	-0.00573875	0.996375	34.125	0	0
23	511830	0.078087	-0.086087	-9.94826	34.0625	-0.000166201	-0.00568261	0.996857	34.0625	0	0
23	511840	0.0790435	-0.0838261	-9.95461	34.0625	-3.32403e-05	-0.00602387	0.996461	34.0625	0	0
23	511850	0.0698261	-0.0897391	-9.99087	34.125	-0.00011154	-0.00577716	0.996754	34.125	0	0
23	511860	0.0761739	-0.0864348	-9.93774	34.0625	-2.21602e-05	-0.00612138	0.996663	34.0625	0	0
23	511870	0.0681739	-0.0746957	-9.91817	34.0625	-1.03414e-05	-0.00593819	0.996616	34.0625	0	0
23	511880	0.0551304	-0.0715652	-9.92957	34.0625	-0.000361211	-0.00627576	0.996666	34.0625	0	0
23	511890	0.0626087	-0.0653913	-9.95009	34.0625	-9.52887e-05	-0.00608592	0.99678	34.0625	0	0
23	511900	0.0534783	-0.0771304	-9.94809	34.0625	-9.0118e-05	-0.00604825	0.996663	34.0625	0	0
23	511910	0.0671304	-0.0883478	-9.92687	34.0625	-0.000131484	-0.00617382	0.996391	34.0625	0	0
23	511920	0.0603478	-0.0830435	-9.93409	34.0625	-2.28988e-05	-0.00623513	0.996776	34.0625	0	0
23	511930	0.0731304	-0.101391	-9.96252	34.0625	-0.000137393	-0.00574318	0.996643	34.0625	0	0
23	511940	0.0627826	-0.0630435	-9.95678	34.0625	-0.000185407	-0.00593893	0.99688	34.0625	0	0
23	511950	0.0642609	-0.0881739	-9.91191	34.0625	5.98325e-05	-0.00600171	0.996565	34.0625	0	0
23	511960	0.0772174	-0.0761739	-9.92304	34.0625	-0.000113017	-0.00598694	0.996893	34.0625	0	0
23	511970	0.0831304	-0.115478	-9.93339	34.0625	-0.000115233	-0.00591086	0.996606	34.0625	0	0
23	511980	0.0685217	-0.0736522	-9.94435	34.0625	-2.88082e-05	-0.0059633	0.996791	34.0625	0	0
23	511990	0.0814783	-0.0897391	-9.91591	34.0625	-7.97766e-05	-0.00570181	0.996395	34.0625	0	0
23	512000	0.0534783	-0.0806956	-9.93826	34.0625	2.95469e-06	-0.00584216	0.996452	34.0625	0	0
23	512010	0.0650435	-0.0787826	-9.91061	34.0625	-0.000316891	-0.00597438	0.996569	34.0625	0	0
23	512020	0.06	-0.0894783	-9.94122	34.0625	0	-0.0059958	0.99646	34.0625	0	0
23	512030	0.0751304	-0.0890435	-9.92174	34.0625	-0.000107846	-0.00579489	0.996479	34.0625	0	0
23	512040	0.0629565	-0.052	-9.91852	34.0625	3.47176e-05	-0.00591898	0.996371	34.0625	0	0
23	512050	0.0703478	-0.072	-9.93156	34.0625	7.38672e-06	-0.00560431	0.996947	34.0625	0	0
23	512060	0.0721739	-0.0873913	-9.94617	34.0625	-0.000340528	-0.00626099	0.996618	34.0625	0	0
23	512070	0.0586956	-0.0898261	-9.92965	34.0625	1.77281e-05	-0.00603422	0.996394	34.0625	0	0
23	512080	0.0569565	-0.0875652	-9.91809	34.0625	-1.55121e-05	-0.00596626	0.996686	34.0625	0	0
23	512090	0.0813043	-0.0909565	-9.96887	34.0625	5.68778e-05	-0.00563459	0.996636	34.0625	0	0
23	512100	0.0756522	-0.0932174	-9.95556	34.125	-0.000329448	-0.0059766	0.996432	34.125	0	0
23	512110	0.0565217	-0.0922609	-9.95748	34.0625	-0.000167679	-0.00593967	0.996802	34.0625	0	0
23	512120	0.0656522	-0.0733043	-9.95096	34.125	-4.80137e-05	-0.00608518	0.996434	34.125	0	0
23	512130	0.0803478	-0.0913043	-9.95696	34.0625	-0.00014478	-0.0060453	0.996411	34.0625	0	0
23	512140	0.057913	-0.0872174	-9.9047	34.0625	-0.000110801	-0.00589535	0.996389	34.0625	0	0
23	512150	0.0769565	-0.0906087	-9.96096	34.0625	-2.58535e-05	-0.00609626	0.996278	34.0625	0	0
23	512160	0.0798261	-0.0853043	-9.93052	34.0625	-0.000183191	-0.00577051	0.996344	34.0625	0	0
23	512170	0.0598261	-0.0758261	-9.93626	34.0625	-0.000176543	-0.00600688	0.996802	34.0625	0	0
23	512180	0.072087	-0.0758261	-9.89061	34.0625	-0.000312458	-0.00608888	0.996792	34.0625	0	0
23	512190	0.0762609	-0.0761739	-9.94122	34.0625	-0.000185407	-0.0059995	0.996868	34.0625	0	0
23	512200	0.0783478	-0.0872174	-9.95748	34.0625	-4.0627e-05	-0.00617604	0.996654	34.0625	0	0
23	512210	0.0752174	-0.082087	-9.94783	34.0625	-0.000132961	-0.00613985	0.996538	34.0625	0	0
23	512220	0.0894783	-0.0932174	-9.94722	34.0625	-0.000161769	-0.00577716	0.996892	34.0625	0	0
23	512230	0.054	-0.0849565	-9.94852	34.0625	-5.61391e-05	-0.00615905	0.996668	34.0625	0	0
23	512240	0.078	-0.0755652	-9.95078	34.0625	0.000108585	-0.00593154	0.996896	34.0625	0	0
23	512250	0.0869565	-0.0868696	-9.93374	34.0625	-0.00011154	-0.00586654	0.996649	34.0625	0	0
23	512260	0.0728696	-0.0840869	-9.9333	34.125	-0.000115233	-0.00577494	0.996763	34.125	0	0
23	512270	0.0649565	-0.09	-9.91835	34.0625	-5.17071e-06	-0.00591233	0.996355	34.0625	0	0
23	512280	0.0715652	-0.0962609	-9.95148	34.0625	-8.86407e-05	-0.0059862	0.996763	34.0625	0	0
23	512290	0.0568696	-0.0951304	-9.924	34.0625	-6.20485e-05	-0.00563976	0.996433	34.0625	0	0
23	512300	0.0702609	-0.0773913	-9.96391	34.0625	4.2843e-05	-0.00593819	0.996689	34.0625	0	0
23	512310	0.0731304	-0.0982609	-9.94009	34.0625	-0.000152905	-0.00586137	0.996666	34.0625	0	0
23	512320	0.0651304	-0.0832174	-9.95139	34.0625	-7.09126e-05	-0.00583182	0.99658	34.0625	0	0
23	512330	0.0755652	-0.0818261	-9.89565	34.0625	1.99442e-05	-0.00583921	0.996356	34.0625	0	0
23	512340	0.0658261	-0.0731304	-9.94748	34.0625	-3.6195e-05	-0.00607854	0.996627	34.0625	0	0
23	512350	0.0626957	-0.114696	-9.92991	34.0625	-0.000118188	-0.00566488	0.996481	34.0625	0	0
23	512360	0.079913	-0.0776522	-9.92974	34.0625	-4.43203e-06	-0.00566562	0.996551	34.0625	0	0
23	512370	0.053913	-0.074087	-9.93583	34.125	9.60274e-06	-0.00606376	0.996734	34.125	0	0
23	512380	0.0544348	-0.0807826	-9.94487	34.0625	-3.39789e-05	-0.00608297	0.996514	34.0625	0	0
23	512390	0.0693913	-0.0837391	-9.94974	34.0625	0	-0.00568482	0.99621	34.0625	0	0
23	512400	0.0645217	-0.0726957	-9.91896	34.125	-0.00013887	-0.00604234	0.996312	34.125	0	0
23	512410	0.0604348	-0.0776522	-9.95322	34.125	-9.67661e-05	-0.0060741	0.996363	34.125	0	0
23	512420	0.0649565	-0.0947826	-9.90426	34.0625	-7.38672e-06	-0.00603791	0.996351	34.0625	0	0
23	512430	0.0642609	-0.0991304	-9.92409	34.0625	-0.000148473	-0.00573727	0.996202	34.0625	0	0
23	512440	0.0637391	-0.0866956	-9.93009	34.0625	-6.50032e-05	-0.00586506	0.996458	34.0625	0	0
23	512450	0.0725217	-0.0876522	-9.95443	34.125	-5.24457e-05	-0.0059308	0.996441	34.125	0	0
23	512460	0.0573913	-0.0683478	-9.948	34.125	-6.64805e-06	-0.00567079	0.99655	34.125	0	0
23	512470	0.0410435	-0.0758261	-9.93383	34.0625	-0.000100459	-0.00548908	0.995875	34.0625	0	0
23	512480	0.057913	-0.0716522	-9.92583	34.125	0.000131484	-0.00590273	0.996371	34.125	0	0
23	512490	0.06	-0.0941739	-9.90704	34.0625	1.99442e-05	-0.00579858	0.996296	34.0625	0	0
23	512500	0.0717391	-0.0737391	-9.946	34.0625	1.40348e-05	-0.00576165	0.996255	34.0625	0	0
23	512510	0.0646087	-0.0626087	-9.93452	34.0625	-0.000108585	-0.00604751	0.996105	34.0625	0	0
23	512520	0.0641739	-0.0926087	-9.97391	34.125	-0.000110801	-0.00622849	0.996329	34.125	0	0
23	512530	0.0707826	-0.0874783	-9.9253	34.0625	7.16512e-05	-0.00595887	0.996686	34.0625	0	0
23	512540	0.0586087	-0.085913	-9.916	34.0625	4.57977e-05	-0.00635111	0.996597	34.0625	0	0
23	512550	0.0577391	-0.0897391	-9.91183	34.0625	-4.43203e-06	-0.00601279	0.996557	34.0625	0	0
23	512560	0.0603478	-0.0709565	-9.94696	34.0625	6.64805e-05	-0.00611695	0.99662	34.0625	0	0
23	512570	0.0638261	-0.0911304	-9.99626	34.0625	-9.60274e-05	-0.00615979	0.996655	34.0625	0	0
23	512580	0.0630435	-0.0922609	-9.92791	34.0625	-8.42087e-05	-0.00607632	0.996569	34.0625	0	0
23	512590	0.069913	-0.0787826	-9.9513	34.0625	-0.000106369	-0.00606672	0.996779	34.0625	0	0
23	512600	0.0682609	-0.0972174	-9.96096	34.0625	-0.000238591	-0.00606746	0.996625	34.0625	0	0
23	512610	0.0770435	-0.0842609	-9.95417	34.0625	-0.00015586	-0.00556442	0.996708	34.0625	0	0
23	512620	0.07	-0.0782609	-9.93626	34.125	-2.21602e-05	-0.00615388	0.996413	34.125	0	0
23	512630	0.0545217	-0.0870435	-9.94956	34.0625	-5.31844e-05	-0.00608371	0.996612	34.0625	0	0
23	512640	0.064087	-0.0795652	-9.91678	34.0625	-0.000170633	-0.00584068	0.996197	34.0625	0	0
23	512650	0.0593913	-0.0835652	-9.95148	34.125	1.84668e-05	-0.00597143	0.996421	34.125	0	0
23	512660	0.0797391	-0.0731304	-9.9487	34.0625	0	-0.00629275	0.996737	34.0625	0	0
23	512670	0.0565217	-0.0987826	-9.93487	34.0625	0.0001891	-0.00636219	0.996706	34.0625	0	0
23	512680	0.0614783	-0.0850435	-9.95235	34.0625	2.95469e-06	-0.0056309	0.996341	34.0625	0	0
23	512690	0.071913	-0.094	-9.96696	34.0625	-2.43762e-05	-0.00549203	0.996417	34.0625	0	0
23	512700	0.0609565	-0.0871304	-9.95896	34.0625	1.99442e-05	-0.00566857	0.996721	34.0625	0	0
23	512710	0.0825217	-0.0913043	-9.96722	34.0625	1.03414e-05	-0.00606081	0.996282	34.0625	0	0
23	512720	0.0650435	-0.0961739	-9.90852	34.0625	-0.000101198	-0.00603422	0.996505	34.0625	0	0
23	512730	0.0754783	-0.0787826	-9.94922	34.0625	-0.000157337	-0.005885	0.99631	34.0625	0	0
23	512740	0.063913	-0.0816522	-9.95539	34.0625	-7.75606e-05	-0.00597808	0.996649	34.0625	0	0
23	512750	0.063913	-0.0863478	-9.93826	34.0625	-0.000218647	-0.00593006	0.996877	34.0625	0	0
23	512760	0.0589565	-0.0797391	-9.90809	34.0625	5.17071e-06	-0.00594188	0.996578	34.0625	0	0
23	512770	0.0649565	-0.0931304	-9.95652	34.125	-0.000107846	-0.00601353	0.996334	34.125	0	0
23	512780	0.0688696	-0.0926957	-9.94243	34.125	-0.000276264	-0.00557181	0.99643	34.125	0	0
23	512790	0.068	-0.0905217	-9.94496	34.0625	0.000101198	-0.00550385	0.996861	34.0625	0	0
23	512800	0.063913	-0.0806956	-9.91661	34.125	7.38672e-07	-0.00570551	0.997045	34.125	0	0
23	512810	0.0686956	-0.0822609	-9.89913	34.125	8.1254e-05	-0.00600688	0.996653	34.125	0	0
23	512820	0.0668696	-0.085913	-9.954	34.0625	-1.69895e-05	-0.00619525	0.996613	34.0625	0	0
23	512830	0.0388696	-0.0931304	-9.91191	34.0625	-4.94911e-05	-0.00572323	0.996886	34.0625	0	0
23	512840	0.0615652	-0.0828696	-9.9113	34.0625	-0.000138132	-0.00588944	0.996749	34.0625	0	0
23	512850	0.0738261	-0.072087	-9.9573	34.0625	5.24457e-05	-0.00597586	0.996512	34.0625	0	0
23	512860	0.0753913	-0.0872174	-9.942	34.0625	-0.000159553	-0.00603126	0.99673	34.0625	0	0
23	512870	0.0713044	-0.0831304	-9.93261	34.0625	-9.97208e-05	-0.0055201	0.996572	34.0625	0	0
23	512880	0.0656522	-0.0888696	-9.90965	34.0625	-5.39231e-05	-0.00581705	0.99687	34.0625	0	0
23	512890	0.0614783	-0.0902609	-9.91435	34.0625	8.49473e-05	-0.00596035	0.996466	34.0625	0	0
23	512900	0.0551304	-0.0850435	-9.96296	34.0625	-6.20485e-05	-0.00575648	0.996423	34.0625	0	0
23	512910	0.0862609	-0.0730435	-9.94226	34.0625	1.55121e-05	-0.00556147	0.996764	34.0625	0	0
23	512920	0.0649565	-0.098087	-9.93817	34.0625	5.17071e-05	-0.0060416	0.996894	34.0625	0	0
23	512930	0.0829565	-0.0685217	-9.96687	34.0625	1.10801e-05	-0.00582222	0.996472	34.0625	0	0
23	512940	0.0655652	-0.0677391	-9.93948	34.0625	7.97766e-05	-0.00599876	0.996574	34.0625	0	0
23	512950	0.06	-0.0953913	-9.95922	34.0625	-3.17629e-05	-0.00598694	0.996713	34.0625	0	0
23	512960	0.0493043	-0.0767826	-9.91844	34.125	2.88082e-05	-0.00625656	0.996739	34.125	0	0
23	512970	0.0549565	-0.0962609	-9.91087	34.0625	2.58535e-05	-0.0058562	0.99671	34.0625	0	0
23	512980	0.0573043	-0.0930435	-9.90861	34.0625	-1.47734e-06	-0.00614206	0.996701	34.0625	0	0
23	512990	0.063913	-0.0964348	-9.94539	34.0625	-0.000140348	-0.00593154	0.996579	34.0625	0	0
23	513000	0.070087	-0.0952174	-9.95052	34.0625	-0.000220863	-0.00584585	0.99659	34.0625	0	0
23	513010	0.0664348	-0.0885217	-9.932	34.0625	-0.000136654	-0.00536793	0.996392	34.0625	0	0
23	513020	0.0874783	-0.0909565	-9.9287	34.125	-0.000271093	-0.00568039	0.996457	34.125	0	0
23	513030	0.0765217	-0.0665217	-9.95296	34.0625	-0.000135916	-0.00590199	0.996728	34.0625	0	0
23	513040	0.0713913	-0.0892174	-9.89635	34.125	-5.83551e-05	-0.0055334	0.996983	34.125	0	0
23	513050	0.0671304	-0.0886087	-9.94939	34.125	-0.000185407	-0.00586137	0.996647	34.125	0	0
23	513060	0.0731304	-0.090087	-9.94696	34.0625	-0.000114494	-0.00578307	0.996879	34.0625	0	0
23	513070	0.0573043	-0.095913	-9.91104	34.0625	8.19926e-05	-0.00623661	0.99644	34.0625	0	0
23	513080	0.0865217	-0.100522	-9.90522	34.0625	-0.000375246	-0.00596552	0.99644	34.0625	0	0
23	513090	0.068	-0.0845217	-9.94896	34.0625	-0.000155121	-0.00562795	0.996607	34.0625	0	0
23	513100	0.0613913	-0.0898261	-9.94035	34.0625	-0.000130745	-0.00590347	0.996547	34.0625	0	0
23	513110	0.0726087	-0.0828696	-9.90148	34.0625	-0.000329448	-0.00594188	0.996516	34.0625	0	0
23	513120	0.0687826	-0.0853043	-9.9393	34.0625	7.38672e-07	-0.00568778	0.996211	34.0625	0	0
23	513130	0.0709565	-0.0782609	-9.98096	34.0625	-0.000109324	-0.00582443	0.996607	34.0625	0	0
23	513140	0.0633913	-0.0970435	-9.97948	34.0625	-6.64805e-06	-0.00573579	0.996798	34.0625	0	0
23	513150	0.0556522	-0.0881739	-9.92339	34.0625	-7.9038e-05	-0.00555925	0.996555	34.0625	0	0
23	513160	0.0715652	-0.0733043	-9.92826	34.0625	2.28988e-05	-0.00603348	0.996354	34.0625	0	0
23	513170	0.0566957	-0.0651304	-9.94217	34.0625	-2.80696e-05	-0.00573727	0.996516	34.0625	0	0
23	513180	0.0672174	-0.0733913	-9.93704	34.125	-7.01739e-05	-0.0058067	0.996627	34.125	0	0
23	513190	0.0758261	-0.0833913	-9.94148	34.0625	-7.23899e-05	-0.0057417	0.996408	34.0625	0	0
23	513200	0.0567826	-0.0926957	-9.89504	34.125	-0.000145518	-0.00586801	0.997005	34.125	0	0
23	513210	0.0758261	-0.0955652	-9.91191	34.0625	-4.57977e-05	-0.00585176	0.996697	34.0625	0	0
23	513220	0.0743478	-0.0890435	-9.9453	34.0625	-2.51149e-05	-0.00601575	0.996616	34.0625	0	0
23	513230	0.0645217	-0.0803478	-9.97139	34.0625	-4.0627e-05	-0.0058562	0.996706	34.0625	0	0
23	513240	0.0613913	-0.0768696	-9.91635	34.0625	-0.000296208	-0.00557919	0.996519	34.0625	0	0
23	513250	0.0633043	-0.0717391	-9.93835	34.0625	-6.20485e-05	-0.0060512	0.99672	34.0625	0	0
23	513260	0.0706087	-0.0936522	-9.92809	34.0625	-6.72192e-05	-0.0060091	0.996536	34.0625	0	0
23	513270	0.0836522	-0.0813913	-9.94	34.0625	-4.87524e-05	-0.00566045	0.996477	34.0625	0	0
23	513280	0.0743478	-0.086	-9.92756	34.0625	-5.61391e-05	-0.00564346	0.996468	34.0625	0	0
23	513290	0.0715652	-0.0773913	-9.93296	34.0625	-9.60274e-06	-0.00610882	0.996352	34.0625	0	0
23	513300	0.0683478	-0.0753913	-9.93183	34.0625	-0.000260751	-0.0057742	0.996641	34.0625	0	0
23	513310	0.0601739	-0.0705217	-9.90278	34.0625	-4.87524e-05	-0.00587097	0.996685	34.0625	0	0
23	513320	0.0698261	-0.0789565	-9.954	34.0625	-0.000141086	-0.00589313	0.996632	34.0625	0	0
23	513330	0.0509565	-0.101391	-9.9193	34.0625	-7.23899e-05	-0.00574022	0.996576	34.0625	0	0
23	513340	0.064087	-0.0926957	-9.94583	34.125	-2.14215e-05	-0.0059537	0.996854	34.125	0	0
23	513350	0.0744348	-0.0904348	-9.92922	34.0625	-0.000161769	-0.00596774	0.996607	34.0625	0	0
23	513360	0.064087	-0.0881739	-9.90235	34.0625	-7.38672e-06	-0.00584807	0.996828	34.0625	0	0
23	513370	0.0854783	-0.0761739	-9.92939	34.0625	-9.75048e-05	-0.00595222	0.99654	34.0625	0	0
23	513380	0.0653043	-0.0986087	-9.9367	34.0625	-3.8411e-05	-0.00587688	0.996615	34.0625	0	0
23	513390	0.0766957	-0.092	-9.94087	34.0625	-1.62508e-05	-0.00591898	0.996624	34.0625	0	0
23	513400	0.071913	-0.0762609	-9.94226	34.0625	-0.00011154	-0.00575648	0.996423	34.0625	0	0
23	513410	0.066087	-0.087913	-9.94852	34.0625	-1.47734e-05	-0.00588279	0.996544	34.0625	0	0
23	513420	0.061913	-0.0606087	-9.93922	34.125	-7.9038e-05	-0.00585398	0.996731	34.125	0	0
23	513430	0.0908696	-0.0809565	-9.95	34.125	3.32403e-05	-0.0058658	0.99665	34.125	0	0
23	513440	0.0746957	-0.0848696	-9.97243	34.125	-9.67661e-05	-0.00581926	0.996611	34.125	0	0
23	513450	0.0681739	-0.104348	-9.93643	34.125	-0.000163247	-0.00568261	0.996335	34.125	0	0
23	513460	0.0764348	-0.0969565	-9.9513	34.125	-2.65922e-05	-0.00600836	0.996684	34.125	0	0
23	513470	0.0750435	-0.059913	-9.91209	34.125	-0.000123358	-0.00598399	0.996704	34.125	0	0
23	513480	0.0548696	-0.103304	-9.95165	34.125	-2.51149e-05	-0.00566488	0.996494	34.125	0	0
23	513490	0.062	-0.0791304	-9.97539	34.125	-0.000132961	-0.00586211	0.996971	34.125	0	0
23	513500	0.0710435	-0.0973043	-9.94191	34.125	-7.60833e-05	-0.00559766	0.996616	34.125	0	0
23	513510	0.0703478	-0.0901739	-9.94696	34.0625	-0.000175065	-0.00565823	0.996429	34.0625	0	0
23	513520	0.0637391	-0.0915652	-9.95296	34.0625	-8.71634e-05	-0.0058104	0.99668	34.0625	0	0
23	513530	0.0533913	-0.0854783	-9.91391	34.125	-8.19926e-05	-0.00608371	0.996566	34.125	0	0
23	513540	0.0577391	-0.0917391	-9.94087	34.125	5.17071e-05	-0.00570551	0.996519	34.125	0	0
23	513550	0.0653043	-0.101826	-9.94704	34.125	-0.000109324	-0.00604308	0.996442	34.125	0	0
23	513560	0.0615652	-0.0875652	-9.98061	34.125	-0.000117449	-0.00558806	0.996578	34.125	0	0
23	513570	0.0949565	-0.0504348	-9.934	34.125	-7.75606e-05	-0.00586654	0.996234	34.125	0	0
23	513580	0.0763478	-0.079913	-9.92148	34.0625	-3.6195e-05	-0.00564937	0.996566	34.0625	0	0
23	513590	0.0786956	-0.0770435	-9.96896	34.125	-5.02297e-05	-0.00565084	0.99665	34.125	0	0
23	513600	0.0846957	-0.0788696	-9.92913	34.0625	-0.000115233	-0.00588057	0.996768	34.0625	0	0
23	513610	0.0798261	-0.0917391	-9.98287	34.125	-0.000197964	-0.00577273	0.996723	34.125	0	0
23	513620	0.0689565	-0.1	-9.956	34.0625	-0.000112278	-0.00576238	0.996392	34.0625	0	0
23	513630	0.0613913	-0.1	-9.92383	34.125	-0.000126313	-0.00567965	0.9965	34.125	0	0
23	513640	0.0562609	-0.0850435	-9.95896	34.125	-0.000127052	-0.0061753	0.996615	34.125	0	0
23	513650	0.0905217	-0.0833043	-9.94139	34.0625	-7.38672e-05	-0.00576017	0.996497	34.0625	0	0
23	513660	0.0804348	-0.0853043	-9.93556	34.0625	4.87524e-05	-0.00579932	0.996558	34.0625	0	0
23	513670	0.0863478	-0.0854783	-9.93974	34.0625	-4.57977e-05	-0.00589904	0.996615	34.0625	0	0
23	513680	0.0658261	-0.0894783	-9.956	34.125	-3.47176e-05	-0.0057513	0.996652	34.125	0	0
23	513690	0.079913	-0.0846087	-9.93313	34.125	-0.000193532	-0.00565528	0.996425	34.125	0	0
23	513700	0.078087	-0.0751304	-9.90748	34.0625	-0.00012779	-0.00556811	0.996861	34.0625	0	0
23	513710	0.0734783	-0.101478	-9.93243	34.0625	-7.09126e-05	-0.00599802	0.996884	34.0625	0	0
23	513720	0.0849565	-0.109391	-9.96417	34.0625	-4.7275e-05	-0.00629201	0.996693	34.0625	0	0
23	513730	0.0716522	-0.0783478	-9.96783	34.0625	-5.09684e-05	-0.00550089	0.996514	34.0625	0	0
23	513740	0.0543478	-0.0729565	-9.91748	34.0625	-5.76165e-05	-0.00565011	0.996227	34.0625	0	0
23	513750	0.0550435	-0.0853913	-9.92435	34.0625	-0.000158815	-0.00602535	0.996573	34.0625	0	0
23	513760	0.0893913	-0.0915652	-9.94713	34.0625	-2.21602e-05	-0.00597217	0.996273	34.0625	0	0
23	513770	0.074	-0.0886956	-9.966	34.0625	1.18188e-05	-0.00576608	0.996645	34.0625	0	0
23	513780	0.0891304	-0.091913	-9.91887	34.0625	-8.86407e-06	-0.00573062	0.996912	34.0625	0	0
23	513790	0.0671304	-0.104261	-9.90583	34.0625	-0.000171372	-0.00599063	0.996483	34.0625	0	0
23	513800	0.0812174	-0.0932174	-9.94774	34.0625	-0.000457977	-0.00582296	0.996352	34.0625	0	0
23	513810	0.0613043	-0.0738261	-9.95469	34.0625	-0.000413657	-0.0058754	0.9966	34.0625	0	0
23	513820	0.078	-0.0929565	-9.93739	34.0625	-0.000141825	-0.00610513	0.996532	34.0625	0	0
23	513830	0.0710435	-0.0830435	-9.93122	34.0625	-0.000130745	-0.00600467	0.996553	34.0625	0	0
23	513840	0.0917391	-0.0833043	-9.91539	34.0625	-0.000124836	-0.00609996	0.996853	34.0625	0	0
23	513850	0.0674783	-0.0962609	-9.92461	34.0625	-0.00026149	-0.00639617	0.99674	34.0625	0	0
23	513860	0.081913	-0.0873913	-9.92391	34.0625	-0.000359734	-0.00607189	0.996578	34.0625	0	0
23	513870	0.0677391	-0.0949565	-9.90322	34.0625	-0.000106369	-0.00580449	0.99687	34.0625	0	0
23	513880	0.076087	-0.095913	-9.92713	34.0625	-0.000163985	-0.00541521	0.996586	34.0625	0	0
23	513890	0.053913	-0.089913	-9.93235	34.0625	-9.52887e-05	-0.00572028	0.996805	34.0625	0	0
23	513900	0.0725217	-0.1	-9.93896	34.0625	-3.39789e-05	-0.00597734	0.996555	34.0625	0	0
23	513910	0.087913	-0.0889565	-9.96443	34.0625	-0.00011671	-0.00592046	0.996223	34.0625	0	0
23	513920	0.0852174	-0.103391	-9.94983	34.125	-3.6195e-05	-0.00569517	0.996615	34.125	0	0
23	513930	0.0898261	-0.0769565	-9.92852	34.0625	-4.13657e-05	-0.00563459	0.996751	34.0625	0	0
23	513940	0.0824348	-0.0810435	-9.91652	34.125	8.1254e-06	-0.00569147	0.99639	34.125	0	0
23	513950	0.0749565	-0.0722609	-9.93226	34.0625	-5.17071e-05	-0.00573062	0.996272	34.0625	0	0
23	513960	0.077913	-0.100174	-9.92174	34.0625	-0.000338312	-0.006309	0.99679	34.0625	0	0
23	513970	0.0785217	-0.0898261	-9.94652	34.0625	-0.00031172	-0.00567153	0.996222	34.0625	0	0
23	513980	0.0671304	-0.0806956	-9.95313	34.125	-1.84668e-05	-0.00607927	0.996579	34.125	0	0
23	513990	0.0706087	-0.0915652	-9.90861	34.0625	-3.69336e-06	-0.00605785	0.996787	34.0625	0	0
23	514000	0.0610435	-0.0875652	-9.93522	34.125	-7.23899e-05	-0.00584585	0.99672	34.125	0	0
23	514010	0.0765217	-0.0767826	-9.96252	34.125	-7.82993e-05	-0.00591603	0.996592	34.125	0	0
23	514020	0.0868696	-0.0797391	-9.91435	34.125	-2.88082e-05	-0.00602314	0.996674	34.125	0	0
23	514030	0.0846957	-0.098087	-9.98739	34.125	-0.000115972	-0.00578824	0.996336	34.125	0	0
23	514040	0.0803478	-0.0946957	-9.94461	34.125	-0.000124097	-0.00600984	0.996732	34.125	0	0
23	514050	0.077913	-0.0854783	-9.93904	34.125	5.17071e-06	-0.00588944	0.996691	34.125	0	0
23	514060	0.0855652	-0.0553043	-9.93678	34.0625	-0.000183929	-0.00615314	0.996471	34.0625	0	0
23	514070	0.0543478	-0.0787826	-9.91513	34.0625	-6.20485e-05	-0.00596035	0.996472	34.0625	0	0
23	514080	0.0670435	-0.09	-9.99704	34.125	0	-0.00570551	0.996499	34.125	0	0
23	514090	0.0805217	-0.0893044	-10.0131	34.125	-0.000115233	-0.00590495	0.996944	34.125	0	0
23	514100	0.0653043	-0.0848696	-9.932	34.125	-3.10242e-05	-0.00596552	0.996402	34.125	0	0
23	514110	0.0532174	-0.0783478	-9.93817	34.0625	-2.51149e-05	-0.00565823	0.99658	34.0625	0	0
23	514120	0.0785217	-0.0898261	-9.9773	34.0625	-0.000476444	-0.00563533	0.996516	34.0625	0	0
23	514130	0.0853043	-0.08	-9.90713	34.0625	-0.000107108	-0.0057417	0.996349	34.0625	0	0
23	514140	0.0788696	-0.0966956	-9.93817	34.0625	6.42645e-05	-0.00589387	0.996494	34.0625	0	0
23	514150	0.0750435	-0.0778261	-9.88991	34.0625	-0.000306549	-0.005755	0.996584	34.0625	0	0
23	514160	0.0613043	-0.0685217	-9.9607	34.0625	-6.72192e-05	-0.00614058	0.996449	34.0625	0	0
23	514170	0.0776522	-0.0847826	-9.9433	34.0625	-0.000286605	-0.0060741	0.996425	34.0625	0	0
23	514180	0.062	-0.0841739	-9.94557	34.0625	7.68219e-05	-0.00601132	0.99659	34.0625	0	0
23	514190	0.081913	-0.0902609	-9.96426	34.0625	-0.000193532	-0.00594631	0.996616	34.0625	0	0
23	514200	0.0773043	-0.0865217	-9.9387	34.125	-0.000229727	-0.00567522	0.996485	34.125	0	0
23	514210	0.0867826	-0.0793913	-9.96574	34.0625	-0.00027257	-0.00579858	0.996644	34.0625	0	0
23	514220	0.0481739	-0.0943478	-9.94757	34.0625	-9.52887e-05	-0.0058754	0.996485	34.0625	0	0
23	514230	0.0774783	-0.105304	-9.938	34.0625	-8.42087e-05	-0.00599137	0.996704	34.0625	0	0
23	514240	0.0626087	-0.082087	-9.93765	34.0625	-0.000255581	-0.00635111	0.996363	34.0625	0	0
23	514250	0.0835652	-0.0530435	-9.94017	34.125	-0.000230466	-0.00611769	0.996296	34.125	0	0
23	514260	0.0882609	-0.0847826	-9.96043	34.0625	-0.000216431	-0.00585029	0.996386	34.0625	0	0
23	514270	0.0752174	-0.085913	-9.93461	34.0625	-1.32961e-05	-0.00610956	0.99622	34.0625	0	0
23	514280	0.0604348	-0.0758261	-9.95261	34.0625	-8.27313e-05	-0.00585176	0.997079	34.0625	0	0
23	514290	0.09	-0.0633913	-9.91583	34.0625	-0.000129268	-0.00598916	0.996607	34.0625	0	0
23	514300	0.0831304	-0.0818261	-9.90974	34.125	-0.000118188	-0.00554891	0.99631	34.125	0	0
23	514310	0.0783478	-0.0968696	-9.9493	34.0625	-0.000193532	-0.00580597	0.996553	34.0625	0	0
23	514320	0.0632174	-0.0846957	-9.96078	34.0625	-6.35258e-05	-0.00602314	0.995947	34.0625	0	0
23	514330	0.0707826	-0.0926087	-9.93574	34.0625	-0.000442465	-0.00593745	0.996718	34.0625	0	0
23	514340	0.08	-0.0857391	-9.97626	34.0625	-2.06828e-05	-0.00565823	0.996736	34.0625	0	0
23	514350	0.0581739	-0.0835652	-9.91678	34.0625	-0.000140348	-0.0057646	0.996689	34.0625	0	0
23	514360	0.0632174	-0.0668696	-9.92348	34.0625	-0.000246717	-0.0061524	0.996574	34.0625	0	0
23	514370	0.0742609	-0.0677391	-9.95939	34.0625	-6.27872e-05	-0.00576829	0.99659	34.0625	0	0
23	514380	0.0668696	-0.098087	-9.94243	34.0625	-0.000223818	-0.00597438	0.996953	34.0625	0	0
23	514390	0.0917391	-0.0933913	-9.90452	34.0625	1.25574e-05	-0.00610365	0.996745	34.0625	0	0
23	514400	0.0822609	-0.0937391	-9.94435	34.0625	-0.000142564	-0.00590716	0.9964	34.0625	0	0
23	514410	0.0677391	-0.0968696	-9.93904	34.0625	-0.000135916	-0.00567374	0.996584	34.0625	0	0
23	514420	0.0650435	-0.0858261	-9.92817	34.125	-0.000203135	-0.00601279	0.996612	34.125	0	0
23	514430	0.066087	-0.0825217	-9.92591	34.125	-0.000100459	-0.0061295	0.996689	34.125	0	0
23	514440	0.0682609	-0.0773913	-9.94383	34.0625	-0.000157337	-0.00604973	0.996545	34.0625	0	0
23	514450	0.063913	-0.0793043	-9.94339	34.125	-7.23899e-05	-0.0058333	0.996319	34.125	0	0
23	514460	0.0594783	-0.079913	-9.91487	34.125	-9.38114e-05	-0.00583477	0.996858	34.125	0	0
23	514470	0.0654783	-0.075913	-9.92983	34.125	-0.000138132	-0.0057742	0.996223	34.125	0	0
23	514480	0.0653043	-0.0614783	-9.91122	34.125	-0.00012262	-0.00568778	0.99647	34.125	0	0
23	514490	0.0653913	-0.0644348	-9.93417	34.125	1.47734e-06	-0.00559544	0.996605	34.125	0	0
23	514500	0.0685217	-0.0844348	-9.93052	34.125	-0.000148473	-0.00589978	0.996581	34.125	0	0
23	514510	0.0607826	-0.0936522	-9.90113	34.125	2.95469e-06	-0.00599654	0.997093	34.125	0	0
23	514520	0.0737391	-0.0697391	-9.94	34.125	-0.000110801	-0.00590495	0.99663	34.125	0	0
23	514530	0.0855652	-0.0914783	-9.932	34.125	-0.00011154	-0.00590569	0.996432	34.125	0	0
23	514540	0.0776522	-0.073913	-9.95165	34.125	-7.38672e-05	-0.00597291	0.996538	34.125	0	0
23	514550	0.0708696	-0.0857391	-9.91243	34.125	-2.06828e-05	-0.00567522	0.996251	34.125	0	0
23	514560	0.0563478	-0.0844348	-9.9087	34.125	-0.000464625	-0.00544845	0.99659	34.125	0	0
23	514570	0.056087	-0.0873913	-9.95522	34.0625	-0.000464625	-0.00582813	0.996605	34.0625	0	0
23	514580	0.0855652	-0.0890435	-9.94261	34.125	-2.14215e-05	-0.00616053	0.996789	34.125	0	0
23	514590	0.0645217	-0.0840869	-9.92322	34.125	-0.000136654	-0.00604603	0.996346	34.125	0	0
23	514600	0.0842609	-0.0956522	-9.92826	34.0625	-0.000124097	-0.00579932	0.996598	34.0625	0	0
23	514610	0.0595652	-0.0951304	-9.92061	34.125	-0.000302117	-0.00585989	0.996533	34.125	0	0
23	514620	0.0706087	-0.0885217	-9.94939	34.0625	-0.00022234	-0.00609553	0.996714	34.0625	0	0
23	514630	0.0682609	-0.0785217	-9.9507	34.0625	-0.000112278	-0.00590125	0.996367	34.0625	0	0
23	514640	0.062087	-0.0744348	-9.97835	34.0625	-0.000142564	-0.00561096	0.996429	34.0625	0	0
23	514650	0.0698261	-0.0842609	-9.93339	34.0625	-0.000171372	-0.00585472	0.996514	34.0625	0	0
23	514660	0.0832174	-0.0786956	-9.90209	34.0625	-0.00016694	-0.00559471	0.996675	34.0625	0	0
23	514670	0.073913	-0.084	-9.90339	34.0625	-0.000159553	-0.00557624	0.996421	34.0625	0	0
23	514680	0.0794783	-0.0877391	-9.96165	34.0625	0	-0.00613985	0.996263	34.0625	0	0
23	514690	0.0838261	-0.0827826	-9.94757	34.0625	-0.000151428	-0.00610882	0.996491	34.0625	0	0
23	514700	0.0636522	-0.08	-9.91078	34.0625	-7.01739e-05	-0.00586211	0.996815	34.0625	0	0
23	514710	0.0733043	-0.0974783	-9.91539	34.0625	-0.000139609	-0.0059175	0.996302	34.0625	0	0
23	514720	0.0783478	-0.0728696	-9.97061	34.0625	-0.000169156	-0.00587023	0.996321	34.0625	0	0
23	514730	0.0884348	-0.0840869	-9.93026	34.0625	-0.000301378	-0.00578676	0.996793	34.0625	0	0
23	514740	0.0661739	-0.0833043	-9.95635	34.0625	-0.000232682	-0.00595444	0.996203	34.0625	0	0
23	514750	0.0888696	-0.085913	-9.94487	34.0625	-9.08567e-05	-0.00582813	0.996369	34.0625	0	0
