23	308890	0.0116522	-0.0707826	0.101652	34	-3.8411e-05	-0.00572471	0.996488	34	0	0
23	308900	0.0188696	-0.0978261	0.0917391	34.0625	-0.000128529	-0.00584807	0.996556	34.0625	0	0
23	308910	0.0282609	-0.072087	0.106609	34.0625	-1.77281e-05	-0.00568261	0.996538	34.0625	0	0
23	308920	0.00730435	-0.0714783	0.096	34	-0.000174327	-0.00563533	0.996423	34	0	0
23	308930	0.0130435	-0.0908696	0.0482609	34.0625	-7.38672e-05	-0.00565749	0.996421	34.0625	0	0
23	308940	-0.000608696	-0.0702609	0.104174	34.0625	8.49473e-05	-0.00549203	0.996186	34.0625	0	0
23	308950	0.00913044	-0.0814783	0.0929565	34.0625	-5.83551e-05	-0.00574761	0.996452	34.0625	0	0
23	308960	0.0306957	-0.100261	0.0908696	34.0625	-1.40348e-05	-0.00593376	0.996574	34.0625	0	0
23	308970	0.0146957	-0.0815652	0.1	34	-0.000113017	-0.00591455	0.996728	34	0	0
23	308980	0.0144348	-0.0731304	0.0894783	34	-9.30727e-05	-0.00553931	0.996693	34	0	0
23	308990	0.01	-0.0918261	0.0712174	34	2.36375e-05	-0.00571437	0.996358	34	0	0
23	309000	0.0134783	-0.099913	0.0583478	34	5.76165e-05	-0.00577346	0.996728	34	0	0
23	309010	0.0177391	-0.0962609	0.109304	34	-6.72192e-05	-0.00603717	0.996936	34	0	0
23	309020	0.010087	-0.0949565	0.046	34	-0.000124836	-0.00580744	0.996503	34	0	0
23	309030	0.0190435	-0.0973913	0.0787826	34	0.000100459	-0.00614428	0.996627	34	0	0
23	309040	0.00756522	-0.0716522	0.0809565	34	2.58535e-05	-0.00588426	0.996762	34	0	0
23	309050	0.0216522	-0.0753913	0.107739	34	0.00011154	-0.00576534	0.996567	34	0	0
23	309060	0.0013913	-0.0936522	0.105826	34.0625	8.64247e-05	-0.00595961	0.996975	34.0625	0	0
23	309070	0.0173913	-0.0732174	0.0715652	34	0	-0.00581557	0.996508	34	0	0
23	309080	0.0123478	-0.0970435	0.0913913	34	-9.60274e-06	-0.00574244	0.996776	34	0	0
23	309090	0.0151304	-0.102261	0.105391	34	-3.02856e-05	-0.00609405	0.996594	34	0	0
23	309100	0.0233043	-0.0756522	0.0813043	34.0625	-2.51149e-05	-0.00564863	0.996313	34.0625	0	0
23	309110	0.00852174	-0.0848696	0.0628696	34	-1.55121e-05	-0.00606598	0.996798	34	0	0
23	309120	0.0164348	-0.0827826	0.0784348	34	-1.32961e-05	-0.00534799	0.996555	34	0	0
23	309130	0.0113913	-0.0826957	0.0907826	34	-0.000107108	-0.00593302	0.996548	34	0	0
23	309140	0.02	-0.0966087	0.0695652	34	-0.000163247	-0.00571068	0.996712	34	0	0
23	309150	0.0243478	-0.0652174	0.0682609	34	3.8411e-05	-0.00578824	0.996432	34	0	0
23	309160	-0.00208696	-0.0945217	0.0901739	34	-2.51149e-05	-0.0055201	0.996434	34	0	0
23	309170	0.0161739	-0.103043	0.0770435	34	-9.0118e-05	-0.00588944	0.996771	34	0	0
23	309180	0.0205217	-0.102087	0.103217	34	4.35817e-05	-0.00583921	0.996453	34	0	0
23	309190	0.0109565	-0.0796522	0.0724348	34	0	-0.00598546	0.996785	34	0	0
23	309200	0.00904348	-0.0846087	0.0972174	34	0	-0.00588796	0.996866	34	0	0
23	309210	0.00217391	-0.0831304	0.0802609	34	1.03414e-05	-0.00580313	0.99639	34	0	0
23	309220	0.0185217	-0.0954783	0.0793913	34	7.82993e-05	-0.00571954	0.996817	34	0	0
23	309230	0.0131304	-0.0842609	0.0716522	34	-2.51149e-05	-0.0056863	0.996126	34	0	0
23	309240	0.0191304	-0.0786087	0.0777391	34	4.57977e-05	-0.0059441	0.996469	34	0	0
23	309250	0.00730435	-0.077913	0.101565	34	-0.000119665	-0.00607484	0.996273	34	0	0
23	309260	0.02	-0.0670435	0.0848696	34	-0.000125574	-0.00569221	0.996734	34	0	0
23	309270	0.0131304	-0.103217	0.0920869	34.0625	-1.10801e-05	-0.00599359	0.996739	34.0625	0	0
23	309280	0.0115652	-0.0736522	0.118957	34	-0.000117449	-0.00555777	0.996381	34	0	0
23	309290	0.00973913	-0.0714783	0.108957	34	-4.94911e-05	-0.00576829	0.996534	34	0	0
23	309300	0.0110435	-0.0758261	0.108957	34	-5.54004e-05	-0.00623513	0.996565	34	0	0
23	309310	0.0147826	-0.066087	0.0875652	34	-2.95469e-05	-0.0061295	0.996853	34	0	0
23	309320	0.0184348	-0.0743478	0.0929565	34	-5.68778e-05	-0.00581114	0.996502	34	0	0
23	309330	-0.00147826	-0.105478	0.0901739	34	8.7902e-05	-0.00581261	0.99674	34	0	0
23	309340	0.0256522	-0.0885217	0.0881739	34	5.61391e-05	-0.00593376	0.996537	34	0	0
23	309350	0.0163478	-0.0892174	0.0775652	34	-2.36375e-05	-0.00582665	0.996505	34	0	0
23	309360	0.000521739	-0.079913	0.0363478	34	-8.1254e-06	-0.00633412	0.996386	34	0	0
23	309370	0.00973913	-0.066	0.0972174	34	3.6195e-05	-0.00582369	0.996558	34	0	0
23	309380	0.00913044	-0.0690435	0.065913	34	-8.5686e-05	-0.00611473	0.996591	34	0	0
23	309390	0.0217391	-0.0695652	0.0966956	34	-4.94911e-05	-0.00586949	0.996437	34	0	0
23	309400	0.00791304	-0.0753043	0.0716522	34	5.17071e-06	-0.00592637	0.99683	34	0	0
23	309410	0.0153913	-0.0795652	0.116696	34	3.39789e-05	-0.00574392	0.996523	34	0	0
23	309420	0.0127826	-0.0829565	0.079913	34	4.2843e-05	-0.00586284	0.996418	34	0	0
23	309430	0.018087	-0.0793913	0.0923478	34	-6.42645e-05	-0.00563903	0.996768	34	0	0
23	309440	0.00834783	-0.0977391	0.0971304	34	-8.71634e-05	-0.00583182	0.996954	34	0	0
23	309450	0.0215652	-0.0876522	0.100522	34	-3.76723e-05	-0.0059345	0.996599	34	0	0
23	309460	0.0326957	-0.0673913	0.0625217	34	-0.000181713	-0.00564937	0.996444	34	0	0
23	309470	0.0203478	-0.096087	0.10687	34	5.83551e-05	-0.00571954	0.996434	34	0	0
23	309480	0.00547826	-0.08	0.0628696	34	6.64805e-06	-0.00576091	0.996629	34	0	0
23	309490	0.016087	-0.0868696	0.0846087	34	3.69336e-06	-0.00579415	0.996793	34	0	0
23	309500	0.0132174	-0.0653913	0.0801739	34	-0.000139609	-0.00605564	0.997045	34	0	0
23	309510	0.0155652	-0.080087	0.09	34	-6.72192e-05	-0.00613394	0.996527	34	0	0
23	309520	0.002	-0.0769565	0.101217	34	-0.000125574	-0.00546839	0.99636	34	0	0
23	309530	0.002	-0.0813913	0.0841739	34	-4.57977e-05	-0.00557919	0.996385	34	0	0
23	309540	0.00591304	-0.0806956	0.090131	34	-1.25574e-05	-0.00556147	0.996615	34	0	0
23	309550	0.0186957	-0.0898261	0.0733913	34	-4.2843e-05	-0.00610882	0.996658	34	0	0
23	309560	0.02	-0.0753043	0.110174	34	2.88082e-05	-0.00599507	0.996617	34	0	0
23	309570	0.0226957	-0.074	0.0627826	34	-0.000114494	-0.00591677	0.996408	34	0	0
23	309580	0.00530435	-0.0871304	0.0786087	34	-2.43762e-05	-0.00603422	0.996439	34	0	0
23	309590	0.0241739	-0.0905217	0.108957	34	0.00011671	-0.0057092	0.996602	34	0	0
23	309600	0.0184348	-0.0766957	0.11687	34	-0.000109324	-0.00578602	0.996835	34	0	0
23	309610	0.0109565	-0.0676522	0.0834783	34	2.14215e-05	-0.0056538	0.996506	34	0	0
23	309620	0.0111304	-0.0923478	0.0801739	34	-9.23341e-05	-0.00566192	0.996424	34	0	0
23	309630	0.0215652	-0.0807826	0.0947826	34	1.40348e-05	-0.00580227	0.996371	34	0	0
23	309640	0.02	-0.0683478	0.0777391	34	-1.77281e-05	-0.0060741	0.996207	34	0	0
23	309650	0.0135371	-0.0754783	0.0829565	34	6.94352e-05	-0.00577494	0.996364	34	0	0
23	309660	0.00243478	-0.0904348	0.106087	34	5.83551e-05	-0.00585102	0.996607	34	0	0
23	309670	0.00113043	-0.0723478	0.0882609	34	-9.52887e-05	-0.00581409	0.996898	34	0	0
23	309680	0.0142609	-0.102609	0.0669565	34	-0.000183929	-0.00613615	0.996583	34	0	0
23	309690	0.000521739	-0.0841739	0.064087	34.0625	-3.17629e-05	-0.00548021	0.996342	34.0625	0	0
23	309700	0.00947826	-0.0613913	0.051913	34	8.42087e-05	-0.00573505	0.996372	34	0	0
23	309710	0.020087	-0.0748696	0.0976522	34	-2.21602e-05	-0.00555925	0.996369	34	0	0
23	309720	0.00991304	-0.0804348	0.12513	34	-9.08567e-05	-0.00577642	0.99654	34	0	0
23	309730	0.00695652	-0.0898261	0.0872174	34	-0.000152167	-0.0058562	0.996464	34	0	0
23	309740	-0.000608696	-0.0727826	0.06	34.0625	-6.20485e-05	-0.0057875	0.996858	34.0625	0	0
23	309750	0.00913044	-0.0968696	0.0567826	34	-0.000104891	-0.00613763	0.996582	34	0	0
23	309760	0.0242609	-0.0600873	0.121304	34	-1.10801e-05	-0.00600098	0.996744	34	0	0
23	309770	-0.000173913	-0.0826087	0.0892174	34	-6.57418e-05	-0.00599728	0.996845	34	0	0
23	309780	0.00965217	-0.0855652	0.0745217	34	7.9038e-05	-0.00592489	0.996863	34	0	0
23	309790	0.0113043	-0.0851304	0.0911304	34	-6.79579e-05	-0.00582591	0.996587	34	0	0
23	309800	0.0165217	-0.0928696	0.111478	34	-1.47734e-06	-0.00608518	0.996931	34	0	0
23	309810	0.02	-0.0834783	0.110957	34	-0.000172849	-0.00630605	0.996771	34	0	0
23	309820	0.0213913	-0.0907826	0.0974783	34	-0.000195748	-0.00570107	0.996435	34	0	0
23	309830	0.0158261	-0.0662609	0.106174	34	2.73309e-05	-0.00572988	0.9966	34	0	0
23	309840	0.00947826	-0.0586087	0.0874783	34	-0.000145518	-0.00578233	0.996553	34	0	0
23	309850	0.0138261	-0.0858261	0.0751304	34	-0.000132961	-0.00609479	0.996303	34	0	0
23	309860	0.0107826	-0.0807826	-0.0133043	34	-3.69336e-06	-0.00595148	0.996447	34	0	0
23	309870	0.0210435	-0.0661739	-0.0741739	34	-0.000223079	-0.00618934	0.99625	34	0	0
23	309880	0.02	-0.0810435	-1.02461	34	-3.8411e-05	-0.00601206	0.99676	34	0	0
23	309890	0.025913	-0.0884348	-2.04226	34	7.75606e-05	-0.00633929	0.996799	34	0	0
23	309900	0.0222609	-0.0667826	-3.03939	34	8.49473e-05	-0.00609109	0.996458	34	0	0
23	309910	0.0326957	-0.0976522	-4.06235	34	0.000274786	-0.00644418	0.99682	34	0	0
23	309920	0.0368696	-0.07	-4.99826	34	0.000285866	-0.00598251	0.996548	34	0	0
23	309930	0.0449565	-0.0707826	-6.03165	34	0.000132961	-0.00596183	0.996607	34	0	0
23	309940	0.0483478	-0.0814783	-7.01983	34	-4.80137e-05	-0.00642719	0.996551	34	0	0
23	309950	0.062	-0.101391	-8.0127	34	4.87524e-05	-0.00628684	0.996348	34	0	0
23	309960	0.0673044	-0.0881739	-9.03591	34	0.000228988	-0.00611251	0.996409	34	0	0
23	309970	0.0671304	-0.0911304	-9.68243	34	-0.000188361	-0.0060416	0.996349	34	0	0
23	309980	0.0555652	-0.0762609	-9.88843	34	-0.00014478	-0.00574096	0.996716	34	0	0
23	309990	0.07	-0.0793043	-9.90113	34	-1.77281e-05	-0.00578972	0.996537	34	0	0
23	310000	0.0653913	-0.08	-9.90304	34	-1.55121e-05	-0.00596035	0.996775	34	0	0
23	310010	0.0614783	-0.082087	-9.94887	34	7.16512e-05	-0.00573801	0.996683	34	0	0
23	310020	0.0673044	-0.0830435	-9.94035	34	1.47734e-05	-0.00612655	0.996376	34	0	0
23	310030	0.0633913	-0.0773043	-9.91478	34	-0.000142564	-0.00610661	0.996402	34	0	0
23	310040	0.0545217	-0.0806956	-9.93583	34	-6.94352e-05	-0.00581631	0.996615	34	0	0
23	310050	0.0797391	-0.0811304	-9.91287	34	6.27872e-05	-0.0060091	0.996404	34	0	0
23	310060	0.064	-0.0773043	-9.92635	34	-0.000299901	-0.00605416	0.996347	34	0	0
23	310070	0.061913	-0.078087	-9.93087	34	-7.60833e-05	-0.0056767	0.996231	34	0	0
23	310080	0.0549565	-0.0711304	-9.93496	34	-4.13657e-05	-0.00590052	0.996225	34	0	0
23	310090	0.0602609	-0.0703478	-9.93504	34	-9.82434e-05	-0.00592046	0.996863	34	0	0
23	310100	0.0646956	-0.089913	-9.88965	34	5.17071e-06	-0.0059079	0.996493	34	0	0
23	310110	0.0501739	-0.0745217	-9.94757	34	-4.0627e-05	-0.00590273	0.996259	34	0	0
23	310120	0.0564348	-0.0657391	-9.95939	34	-0.00020018	-0.00564715	0.996412	34	0	0
23	310130	0.0761739	-0.0864348	-9.95009	34	-0.000101198	-0.00606155	0.99655	34	0	0
23	310140	0.058087	-0.0882609	-9.93426	34	-1.40348e-05	-0.00620559	0.996395	34	0	0
23	310150	0.057913	-0.0807826	-9.93783	34	-0.00012779	-0.00584881	0.996217	34	0	0
23	310160	0.0849565	-0.0828696	-9.93226	34	-5.76165e-05	-0.00601427	0.996417	34	0	0
23	310170	0.0492174	-0.0698261	-9.94487	34	-0.000169156	-0.00604973	0.996544	34	0	0
23	310180	0.0670435	-0.106174	-9.92452	34	-4.94911e-05	-0.0059116	0.996242	34	0	0
23	310190	0.0564348	-0.0745217	-9.91939	34	6.64805e-06	-0.00586432	0.996164	34	0	0
23	310200	0.058	-0.1	-9.93	34	-4.7275e-05	-0.00616792	0.996436	34	0	0
23	310210	0.0634783	-0.0730435	-9.92957	34	0	-0.00540043	0.996815	34	0	0
23	310220	0.0722609	-0.1	-9.93617	34	-0.000118926	-0.00568482	0.996493	34	0	0
23	310230	0.0633043	-0.0785217	-9.91565	34	0.000123358	-0.00571659	0.996649	34	0	0
23	310240	0.0697391	-0.0748696	-9.91078	34	5.90938e-06	-0.00625212	0.996767	34	0	0
23	310250	0.0674783	-0.0854783	-9.93504	34	-0.000114494	-0.00629423	0.996396	34	0	0
23	310260	0.0744348	-0.0810435	-9.94783	34	0.00010563	-0.0057513	0.996646	34	0	0
23	310270	0.079913	-0.0929565	-9.91374	34	0	-0.00585029	0.996484	34	0	0
23	310280	0.0671304	-0.0801739	-9.94704	34	-1.92055e-05	-0.00588574	0.996383	34	0	0
23	310290	0.0673044	-0.0723478	-9.90983	34	-2.43762e-05	-0.00623661	0.99662	34	0	0
23	310300	0.0637391	-0.0771304	-9.94478	34	-5.17071e-05	-0.00609774	0.996774	34	0	0
23	310310	0.0762609	-0.0898261	-9.93235	34	-0.000100459	-0.00562795	0.996662	34	0	0
23	310320	0.0498261	-0.0671304	-9.96365	34	3.69336e-06	-0.00610661	0.996259	34	0	0
23	310330	0.0714783	-0.064087	-9.92583	34	1.47734e-06	-0.00585029	0.996321	34	0	0
23	310340	0.0602609	-0.0913913	-9.92348	34	-1.69895e-05	-0.00581631	0.996978	34	0	0
23	310350	0.0735652	-0.0813043	-9.93365	34	9.60274e-06	-0.00602461	0.996495	34	0	0
23	310360	0.0663478	-0.0832174	-9.95591	34	-4.35817e-05	-0.00635111	0.996624	34	0	0
23	310370	0.0663478	-0.0971304	-9.95678	34	-4.87524e-05	-0.00610808	0.996656	34	0	0
23	310380	0.0647826	-0.090087	-9.95009	34	2.14215e-05	-0.00576017	0.996392	34	0	0
23	310390	0.0450435	-0.0953043	-9.92887	34	3.69336e-06	-0.00610513	0.996621	34	0	0
23	310400	0.0778261	-0.0730435	-9.9627	34	7.01739e-05	-0.00595518	0.996832	34	0	0
23	310410	0.0595652	-0.0853913	-9.91991	34	-0.000113017	-0.00578824	0.996279	34	0	0
23	310420	0.0702609	-0.0721739	-9.93052	34	-8.71634e-05	-0.00598768	0.996498	34	0	0
23	310430	0.0597391	-0.0882609	-9.95296	33.9375	-1.84668e-05	-0.00591233	0.996649	33.9375	0	0
23	310440	0.0653043	-0.0847826	-9.98713	34	8.1254e-06	-0.00585915	0.996261	34	0	0
23	310450	0.066087	-0.0901739	-9.99052	34	5.90938e-06	-0.0058525	0.99648	34	0	0
23	310460	0.0625217	-0.0895652	-9.94078	34	-5.54004e-05	-0.00583551	0.996327	34	0	0
23	310470	0.0666957	-0.0866087	-9.98817	34	3.17629e-05	-0.00573062	0.996511	34	0	0
23	310480	0.084	-0.094087	-9.946	34	0.000124097	-0.00568778	0.996502	34	0	0
23	310490	0.0610435	-0.106174	-9.9227	33.9375	7.53446e-05	-0.00597438	0.996684	33.9375	0	0
23	310500	0.062	-0.089913	-9.95287	34	-4.2843e-05	-0.00565602	0.996562	34	0	0
23	310510	0.0556522	-0.0681739	-9.944	34	-0.000101937	-0.00583994	0.996586	34	0	0
23	310520	0.0533913	-0.0881739	-9.93965	34	-8.1254e-06	-0.00578824	0.996636	34	0	0
23	310530	0.0718261	-0.088	-9.94774	34	-6.20485e-05	-0.00548169	0.99632	34	0	0
23	310540	0.061913	-0.0893044	-9.93217	34	1.47734e-05	-0.00626911	0.996796	34	0	0
23	310550	0.0624348	-0.0897391	-9.9227	34	-3.6195e-05	-0.00583773	0.996441	34	0	0
23	310560	0.0572174	-0.0955652	-9.93617	34	-2.14215e-05	-0.00597069	0.996534	34	0	0
23	310570	0.0711304	-0.0713913	-9.94956	34	0	-0.00634815	0.996565	34	0	0
23	310580	0.0535652	-0.0584348	-9.93496	34	-0.000108585	-0.00607041	0.996168	34	0	0
23	310590	0.0676522	-0.0971304	-9.93722	34	6.13098e-05	-0.00601796	0.996213	34	0	0
23	310600	0.0651304	-0.0824348	-9.96209	34	0	-0.00610808	0.996451	34	0	0
23	310610	0.0665217	-0.101478	-9.93991	34	-1.84668e-05	-0.0055888	0.996327	34	0	0
23	310620	0.0597391	-0.0863478	-9.92652	34	-3.10242e-05	-0.00573505	0.996378	34	0	0
23	310630	0.0904348	-0.1	-9.9693	34	-7.53446e-05	-0.00630826	0.996765	34	0	0
23	310640	0.0624348	-0.0768696	-9.9513	34	5.17071e-05	-0.00580227	0.996468	34	0	0
23	310650	0.064087	-0.0829565	-9.95452	34	-0.000150689	-0.00606746	0.996652	34	0	0
23	310660	0.0554783	-0.0694783	-9.9287	34	-0.000190577	-0.00575057	0.996217	34	0	0
23	310670	0.050087	-0.081913	-9.92756	34	0.000118188	-0.00611842	0.996771	34	0	0
23	310680	0.0586087	-0.080087	-9.94843	34	-0.000138132	-0.00609553	0.996331	34	0	0
23	310690	0.0566087	-0.0826087	-9.90991	34	-9.0118e-05	-0.00541595	0.995921	34	0	0
23	310700	0.0513913	-0.0914783	-9.92913	34	3.69336e-06	-0.00551419	0.996523	34	0	0
23	310710	0.0535652	-0.0845217	-9.92122	34	5.09684e-05	-0.00571068	0.996875	34	0	0
23	310720	0.056	-0.0906956	-9.93426	34	2.43762e-05	-0.00599211	0.99645	34	0	0
23	310730	0.0585217	-0.077913	-9.94983	34	-5.39231e-05	-0.00620263	0.996745	34	0	0
23	310740	0.0548696	-0.0867826	-9.8713	34	0	-0.00606302	0.99686	34	0	0
23	310750	0.0765217	-0.0886956	-9.96226	34	9.15954e-05	-0.00566636	0.996852	34	0	0
23	310760	0.0864348	-0.0711304	-9.95348	34	-8.93794e-05	-0.00585546	0.996605	34	0	0
23	310770	0.0646087	-0.0718261	-9.93556	34	3.8411e-05	-0.00606081	0.996619	34	0	0
23	310780	0.0558261	-0.0967826	-9.93896	34	-9.23341e-05	-0.00600024	0.996533	34	0	0
23	310790	0.0794783	-0.112783	-9.97296	34	1.92055e-05	-0.00584216	0.996635	34	0	0
23	310800	0.0592174	-0.0953913	-9.95348	34	-5.09684e-05	-0.00587688	0.996358	34	0	0
23	310810	0.0698261	-0.0901739	-9.92922	34	-6.64805e-06	-0.00622405	0.996538	34	0	0
23	310820	0.0481739	-0.0998261	-9.90426	34	-4.35817e-05	-0.00591824	0.996341	34	0	0
23	310830	0.0767826	-0.0732174	-9.95174	34	-0.000153644	-0.00581335	0.996558	34	0	0
23	310840	0.0618261	-0.081913	-9.95913	34	-0.000259274	-0.0059441	0.99653	34	0	0
23	310850	0.0724348	-0.113391	-9.92417	34	-6.20485e-05	-0.00580153	0.996231	34	0	0
23	310860	0.0802609	-0.0914783	-9.92078	34	-0.000152167	-0.00586432	0.996395	34	0	0
23	310870	0.0757391	-0.0853043	-9.91435	34	-0.000107108	-0.00568039	0.996313	34	0	0
23	310880	0.0637391	-0.0877391	-9.94704	34	-0.000107846	-0.00578233	0.996621	34	0	0
23	310890	0.0638261	-0.0816522	-9.94548	34	3.10242e-05	-0.00556959	0.996349	34	0	0
23	310900	0.0751304	-0.0926087	-9.94965	34	3.25016e-05	-0.00578898	0.996336	34	0	0
23	310910	0.0330435	-0.0758261	-9.93652	34	-4.2843e-05	-0.00589978	0.996671	34	0	0
23	310920	0.0672174	-0.0827826	-9.93496	34	-0.000203135	-0.00605933	0.996719	34	0	0
23	310930	0.085913	-0.0823478	-9.97087	34	-1.40348e-05	-0.00612286	0.99638	34	0	0
23	310940	0.063913	-0.0725217	-9.95626	34	-0.000141825	-0.00563533	0.996547	34	0	0
23	310950	0.0651304	-0.0812174	-9.92739	34	0.000173588	-0.00569886	0.996574	34	0	0
23	310960	0.084	-0.091913	-9.92365	34	7.75606e-05	-0.00605711	0.99676	34	0	0
23	310970	0.0447826	-0.0743478	-9.96252	34	-0.000154383	-0.00599876	0.996482	34	0	0
23	310980	0.0562609	-0.0937391	-9.94356	34	-0.000100459	-0.00606746	0.996596	34	0	0
23	310990	0.0696522	-0.106435	-9.93826	34	-0.000110801	-0.00581557	0.996411	34	0	0
23	311000	0.060087	-0.101913	-9.9387	34	4.43203e-06	-0.00577642	0.996502	34	0	0
23	311010	0.0449565	-0.0763478	-9.9373	34	1.40348e-05	-0.00561982	0.996409	34	0	0
23	311020	0.048	-0.0809565	-9.93313	34	-0.000212738	-0.00599802	0.996425	34	0	0
23	311030	0.0790435	-0.0943478	-9.9287	34	-5.76165e-05	-0.00583182	0.996505	34	0	0
23	311040	0.0629565	-0.0795652	-9.94513	34	-0.000285866	-0.00554669	0.996147	34	0	0
23	311050	0.0683478	-0.0897391	-9.93426	34	-8.5686e-05	-0.00600245	0.996356	34	0	0
23	311060	0.0646087	-0.0918261	-9.90304	34	0	-0.00597069	0.996565	34	0	0
23	311070	0.0709565	-0.0793913	-9.96678	34	2.43762e-05	-0.00593228	0.996482	34	0	0
23	311080	0.064087	-0.0745217	-9.94383	34	-0.000236375	-0.00582	0.99653	34	0	0
23	311090	0.0664348	-0.0814783	-9.93548	34	-0.00016694	-0.00588648	0.996307	34	0	0
23	311100	0.0690435	-0.0851304	-9.93522	34	-0.000107108	-0.00598768	0.996479	34	0	0
23	311110	0.0614783	-0.103565	-9.95139	34	8.1254e-06	-0.00572397	0.99655	34	0	0
23	311120	0.056	-0.0793913	-9.91757	34	-0.000190577	-0.00587097	0.996217	34	0	0
23	311130	0.0727826	-0.0809565	-9.92209	34	-8.71634e-05	-0.00584733	0.996562	34	0	0
23	311140	0.0652174	-0.0876522	-9.934	34	-3.25016e-05	-0.0058104	0.996618	34	0	0
23	311150	0.0592174	-0.088087	-9.9347	34	-0.000317629	-0.00613615	0.996099	34	0	0
23	311160	0.0704348	-0.0928696	-9.95374	34	-0.000132961	-0.00580523	0.996544	34	0	0
23	311170	0.0701739	-0.0949565	-9.95461	34	-0.000151428	-0.0058333	0.996755	34	0	0
23	311180	0.0646956	-0.0801739	-9.938	34	-4.65364e-05	-0.00576903	0.996544	34	0	0
23	311190	0.0652174	-0.0948696	-9.92704	34	3.25016e-05	-0.00590864	0.996421	34	0	0
23	311200	0.065913	-0.107043	-9.91591	34	-6.94352e-05	-0.00592342	0.996438	34	0	0
23	311210	0.0648696	-0.0823478	-9.92035	34	-0.00022825	-0.00570403	0.996679	34	0	0
23	311220	0.0618261	-0.0994783	-9.9233	34	-0.00020609	-0.00595222	0.996529	34	0	0
23	311230	0.0796522	-0.0986087	-9.91739	34	3.02856e-05	-0.00592711	0.996935	34	0	0
23	311240	0.079913	-0.0971304	-9.92722	34	-0.000215692	-0.00612581	0.996822	34	0	0
23	311250	0.0692174	-0.0846957	-9.93113	34	-7.09126e-05	-0.00606229	0.996516	34	0	0
23	311260	0.0690435	-0.0948696	-9.96165	34	-0.00020018	-0.00602018	0.996392	34	0	0
23	311270	0.0465217	-0.0788696	-9.96374	34	-0.000110801	-0.00590495	0.996376	34	0	0
23	311280	0.0692174	-0.0846957	-9.94243	34	-0.00016694	-0.00565528	0.996495	34	0	0
23	311290	0.0854783	-0.101217	-9.92765	34	-0.000125574	-0.00579193	0.996528	34	0	0
23	311300	0.051913	-0.0764348	-9.94391	34	-0.000321323	-0.00586284	0.996629	34	0	0
23	311310	0.0729565	-0.0804348	-9.95122	34	-3.8411e-05	-0.00583994	0.996315	34	0	0
23	311320	0.0772174	-0.087913	-9.92374	34	-0.000219386	-0.00614575	0.996846	34	0	0
23	311330	0.0714783	-0.0945217	-9.93435	34	-2.73309e-05	-0.00585472	0.99664	34	0	0
23	311340	0.0654783	-0.0891304	-9.92487	34	-0.00020609	-0.00579119	0.996313	34	0	0
23	311350	0.0828696	-0.0833913	-9.93096	34	-0.000178759	-0.00567005	0.996087	34	0	0
23	311360	0.0664348	-0.088087	-9.9027	34	1.69895e-05	-0.00581409	0.996781	34	0	0
23	311370	0.0706087	-0.104435	-9.9287	34	-6.20485e-05	-0.00590495	0.996543	34	0	0
23	311380	0.0811304	-0.0795652	-9.94913	34	-1.62508e-05	-0.00576829	0.996954	34	0	0
23	311390	0.086087	-0.0810435	-9.90617	34	-0.000118926	-0.00567891	0.996627	34	0	0
23	311400	0.0770435	-0.0886087	-9.90748	34	-0.000130006	-0.00549498	0.996949	34	0	0
23	311410	0.0538261	-0.0946087	-9.92565	34	-0.00012262	-0.00559323	0.996646	34	0	0
23	311420	0.0652174	-0.108087	-9.95304	34	-5.61391e-05	-0.00585693	0.996691	34	0	0
23	311430	0.0511304	-0.0743478	-9.93191	34	-0.000101198	-0.00568999	0.996498	34	0	0
23	311440	0.0647826	-0.0813913	-9.94252	34	3.54563e-05	-0.00580301	0.996458	34	0	0
23	311450	0.0662609	-0.100261	-9.90078	34	-5.76165e-05	-0.0054189	0.996897	34	0	0
23	311460	0.0611304	-0.0990435	-9.90287	34	8.86407e-06	-0.00550311	0.996607	34	0	0
23	311470	0.0729565	-0.106261	-9.94557	34	-0.000226034	-0.00582369	0.99696	34	0	0
23	311480	0.0471304	-0.0801739	-9.91426	34	-0.000227511	-0.00584364	0.996461	34	0	0
23	311490	0.0637391	-0.101304	-9.93852	34	-1.32961e-05	-0.00604825	0.996491	34	0	0
23	311500	0.0653913	-0.0936522	-9.95661	34	-0.000108585	-0.00596035	0.996399	34	0	0
23	311510	0.0602609	-0.0721739	-9.96348	34	1.18188e-05	-0.00610734	0.996717	34	0	0
23	311520	0.0602609	-0.0993913	-9.91469	34	-2.65922e-05	-0.00583625	0.996776	34	0	0
23	311530	0.0586956	-0.0857391	-9.92296	34	-0.000141086	-0.00584807	0.996704	34	0	0
23	311540	0.074	-0.0877391	-9.92913	34	-0.000154383	-0.00594484	0.996073	34	0	0
23	311550	0.0642609	-0.0746087	-9.92887	34	-0.000120404	-0.005673	0.996376	34	0	0
23	311560	0.0789565	-0.100348	-9.94096	34	3.02856e-05	-0.00582222	0.996484	34	0	0
23	311570	0.0904348	-0.0816522	-9.95426	34	-6.86965e-05	-0.0059116	0.996433	34	0	0
23	311580	0.0791304	-0.0827826	-9.9233	34	-1.18188e-05	-0.00562056	0.99674	34	0	0
23	311590	0.0753043	-0.0669565	-9.93035	34	-4.0627e-05	-0.00579489	0.996598	34	0	0
23	311600	0.0598261	-0.0881739	-9.92635	34	3.39789e-05	-0.00577568	0.996325	34	0	0
23	311610	0.0643478	-0.075913	-9.92826	34	-0.000262229	-0.00586728	0.996535	34	0	0
23	311620	0.0585217	-0.0863478	-9.95696	34	-6.57418e-05	-0.00580375	0.996208	34	0	0
23	311630	0.0776522	-0.0893913	-9.92522	33.9375	5.17071e-06	-0.00587909	0.996386	33.9375	0	0
23	311640	0.0603478	-0.0861739	-9.92496	34	-0.000255581	-0.0059899	0.996528	34	0	0
23	311650	0.0742609	-0.0911304	-9.8873	34	-0.000198703	-0.00589608	0.99674	34	0	0
23	311660	0.0926957	-0.0913043	-9.95617	34	-0.000124836	-0.00578233	0.99661	34	0	0
23	311670	0.0751304	-0.0856522	-9.92626	34	-0.000212738	-0.00573431	0.996607	34	0	0
23	311680	0.0618261	-0.121652	-9.92409	34	-0.000146996	-0.00567448	0.996674	34	0	0
23	311690	0.065913	-0.076	-9.91504	34	-8.05153e-05	-0.00573136	0.996822	34	0	0
23	311700	0.0601739	-0.0773043	-9.90739	34	-0.00012779	-0.00582813	0.99668	34	0	0
23	311710	0.0841739	-0.0849565	-9.94504	34	-4.13657e-05	-0.00598177	0.996703	34	0	0
23	311720	0.0621739	-0.0824348	-9.94191	34	-6.20485e-05	-0.00598399	0.996638	34	0	0
23	311730	0.0668696	-0.0992174	-9.95635	34	-0.000163247	-0.00613837	0.996395	34	0	0
23	311740	0.0553043	-0.0834783	-9.9553	34	-0.000298424	-0.00614132	0.996207	34	0	0
23	311750	0.068087	-0.0836522	-9.94817	34	-0.000309504	-0.00574022	0.996689	34	0	0
23	311760	0.0797391	-0.0933043	-9.91643	34	-5.39231e-05	-0.00569738	0.996692	34	0	0
23	311770	0.0696522	-0.107043	-9.91165	34	-3.02856e-05	-0.00576312	0.996511	34	0	0
23	311780	0.0723478	-0.0854783	-9.95774	34	-0.00011154	-0.0059995	0.996683	34	0	0
23	311790	0.0671304	-0.0964348	-9.95678	34	-0.00030064	-0.00592563	0.996272	34	0	0
23	311800	0.0515652	-0.0825217	-9.91026	34	-0.000121881	-0.00565749	0.996042	34	0	0
23	311810	0.0416522	-0.0851304	-9.96183	34	1.32961e-05	-0.00577494	0.996313	34	0	0
23	311820	0.0643478	-0.0837391	-9.93661	34	1.10801e-05	-0.00589461	0.996751	34	0	0
23	311830	0.074	-0.0871304	-9.93809	34	-7.53446e-05	-0.0057513	0.996539	34	0	0
23	311840	0.052087	-0.0966087	-9.91191	34	-0.000424737	-0.00560283	0.996403	34	0	0
23	311850	0.0742609	-0.0840869	-9.93974	34	-0.00011671	-0.00592932	0.996796	34	0	0
23	311860	0.0675652	-0.0890435	-9.93556	34	0	-0.00614945	0.996486	34	0	0
23	311870	0.0726957	-0.0888696	-9.93496	34	3.76723e-05	-0.00564272	0.996609	34	0	0
23	311880	0.0843478	-0.0928696	-9.90365	34	-0.000285128	-0.00627798	0.99627	34	0	0
23	311890	0.0629565	-0.0833043	-9.93461	34	-3.32403e-05	-0.00596109	0.996528	34	0	0
23	311900	0.0516522	-0.0920869	-9.95217	34	9.0118e-05	-0.00598251	0.996397	34	0	0
23	311910	0.0766957	-0.079913	-9.93939	34	-0.000118188	-0.00599063	0.996904	34	0	0
23	311920	0.0738261	-0.0957391	-9.89904	34	-0.000188361	-0.00612877	0.996687	34	0	0
23	311930	0.0670435	-0.0923478	-9.93287	34	0.00020018	-0.00585102	0.996349	34	0	0
23	311940	0.0593043	-0.0772174	-9.93313	34	-2.28988e-05	-0.00572693	0.99677	34	0	0
23	311950	0.0569565	-0.110087	-9.94409	33.9375	1.40348e-05	-0.00577346	0.996691	33.9375	0	0
23	311960	0.0666957	-0.101652	-9.94287	34	-0.000219386	-0.00638213	0.996468	34	0	0
23	311970	0.0690435	-0.0783478	-9.93817	34	-6.13098e-05	-0.00600171	0.996389	34	0	0
23	311980	0.063913	-0.098087	-9.96678	34	-0.000158076	-0.00579858	0.996365	34	0	0
23	311990	0.0838261	-0.071913	-9.97435	34	-0.000244501	-0.00561613	0.996196	34	0	0
23	312000	0.0782609	-0.089913	-9.91365	34	-0.000197964	-0.00581335	0.996662	34	0	0
23	312010	0.0653043	-0.0726087	-9.938	33.9375	-6.42645e-05	-0.00608001	0.996484	33.9375	0	0
23	312020	0.0783478	-0.0805217	-9.95261	34	-0.000163985	-0.0059958	0.996731	34	0	0
23	312030	0.0527826	-0.086087	-9.95513	34	-0.000102675	-0.00623735	0.996503	34	0	0
23	312040	0.0636522	-0.0953913	-9.94704	34	-0.000226034	-0.00575352	0.99629	34	0	0
23	312050	0.0592174	-0.0866956	-9.9307	34	-0.000266661	-0.00603126	0.996775	34	0	0
23	312060	0.0641739	-0.0808696	-9.98539	34	-0.000252626	-0.00584955	0.996212	34	0	0
23	312070	0.068087	-0.0866956	-9.94765	34	-0.000144041	-0.00579562	0.996875	34	0	0
23	312080	0.0650435	-0.0687826	-9.92461	34	-5.90938e-05	-0.00585546	0.996675	34	0	0
23	312090	0.096087	-0.0851304	-9.91617	34	-0.000231204	-0.00586654	0.996344	34	0	0
23	312100	0.0775652	-0.0785217	-9.90139	34	-0.000328709	-0.00580449	0.9967	34	0	0
23	312110	0.0616522	-0.0901739	-9.94096	34	-4.57977e-05	-0.00596626	0.996722	34	0	0
23	312120	0.0710435	-0.0826957	-9.89165	34	-7.38672e-06	-0.00601427	0.996375	34	0	0
23	312130	0.0710435	-0.0730435	-9.9273	34	-7.23899e-05	-0.00547061	0.996435	34	0	0
23	312140	0.0473913	-0.0682609	-9.978	33.9375	-0.000149212	-0.00593745	0.996796	33.9375	0	0
23	312150	0.0833913	-0.0858261	-9.94843	34	-4.5059e-05	-0.00550902	0.996451	34	0	0
23	312160	0.0613043	-0.0875652	-9.94287	34	-0.000376723	-0.00559175	0.996395	34	0	0
23	312170	0.0568696	-0.0867826	-9.93635	34	-3.98883e-05	-0.00579267	0.996463	34	0	0
23	312180	0.0686956	-0.0726087	-9.94009	34	0	-0.00606672	0.996672	34	0	0
23	312190	0.0581739	-0.0583478	-9.9313	34	-0.000161031	-0.00570255	0.996538	34	0	0
23	312200	0.066	-0.0967826	-9.9087	34	-5.90938e-05	-0.00566192	0.996385	34	0	0
23	312210	0.074	-0.0790435	-9.9393	33.9375	-9.0118e-05	-0.00620337	0.996661	33.9375	0	0
23	312220	0.0832174	-0.0770435	-9.928	34	-0.000183929	-0.00583699	0.99687	34	0	0
23	312230	0.0453913	-0.0993913	-9.9133	33.9375	-0.000193532	-0.00579341	0.99656	33.9375	0	0
23	312240	0.0806087	-0.0955652	-9.93756	34	3.02856e-05	-0.00589091	0.996803	34	0	0
23	312250	0.0671304	-0.0953913	-9.91296	34	-0.000100459	-0.0056767	0.996916	34	0	0
23	312260	0.0624348	-0.0815652	-9.906	33.9375	-5.54004e-05	-0.0063186	0.996446	33.9375	0	0
23	312270	0.0773913	-0.0993913	-9.9	34	-0.000101937	-0.00582739	0.996765	34	0	0
23	312280	0.0554783	-0.0666087	-9.92391	34	-8.27313e-05	-0.00603717	0.996496	34	0	0
23	312290	0.0723478	-0.0876522	-9.93722	33.9375	-3.69336e-05	-0.00580006	0.996429	33.9375	0	0
23	312300	0.0655652	-0.104783	-9.95226	34	-0.000214954	-0.00585324	0.996392	34	0	0
23	312310	0.0893913	-0.0906956	-9.92017	34	-5.90938e-06	-0.00598103	0.996106	34	0	0
23	312320	0.0712174	-0.0604348	-9.97887	34	-5.31844e-05	-0.00542112	0.996437	34	0	0
23	312330	0.0695652	-0.0923478	-9.94226	34	-0.000102675	-0.0055851	0.996209	34	0	0
23	312340	0.0758261	-0.0642609	-9.954	34	-0.000396667	-0.00584881	0.996259	34	0	0
23	312350	0.0678261	-0.0617391	-9.91522	34	-0.000130006	-0.00615462	0.996819	34	0	0
23	312360	0.0692174	-0.0744348	-9.91417	34	-9.0118e-05	-0.0060778	0.996836	34	0	0
23	312370	0.0805217	-0.0786087	-9.90687	34	-2.58535e-05	-0.00566119	0.996543	34	0	0
23	312380	0.0645217	-0.113217	-9.95496	34	-0.000193532	-0.00564937	0.996521	34	0	0
23	312390	0.0567826	-0.0588696	-9.95348	34	-3.10242e-05	-0.00599654	0.996688	34	0	0
23	312400	0.054087	-0.0730435	-9.93861	34	-0.000310981	-0.00557624	0.996095	34	0	0
23	312410	0.0692174	-0.0889565	-9.94591	34	2.06828e-05	-0.00567744	0.996403	34	0	0
23	312420	0.0670435	-0.0796522	-9.94087	34	-0.000364166	-0.00560061	0.996677	34	0	0
23	312430	0.0613913	-0.0770435	-9.9133	34	-3.98883e-05	-0.00577716	0.99686	34	0	0
23	312440	0.0627826	-0.0985217	-9.9533	34	-6.64805e-06	-0.00570181	0.996878	34	0	0
23	312450	0.0757391	-0.0846087	-9.90948	34	-0.000184668	-0.00582739	0.996503	34	0	0
23	312460	0.0726087	-0.0833913	-9.90644	34	-0.000214954	-0.00560357	0.996547	34	0	0
23	312470	0.0843478	-0.0836522	-9.92322	34	-0.000115972	-0.0058658	0.996814	34	0	0
23	312480	0.09	-0.0766087	-9.92878	33.9375	-2.80696e-05	-0.00599359	0.996521	33.9375	0	0
23	312490	0.0541739	-0.0637391	-9.94087	33.9375	-1.25574e-05	-0.00585102	0.996612	33.9375	0	0
23	312500	0.0523478	-0.086087	-9.94296	34	-0.000152167	-0.00588574	0.996426	34	0	0
23	312510	0.0711304	-0.0813913	-9.95835	33.9375	-3.76723e-05	-0.00621224	0.99666	33.9375	0	0
23	312520	0.0583478	-0.0873913	-9.9233	34	-0.00021717	-0.00602609	0.996542	34	0	0
23	312530	0.0786087	-0.0768696	-9.95565	34	-3.8411e-05	-0.00620559	0.996316	34	0	0
23	312540	0.0687826	-0.0784348	-9.94626	33.9375	-0.000107846	-0.006032	0.996394	33.9375	0	0
23	312550	0.0761739	-0.0713913	-9.95504	33.9375	-8.27313e-05	-0.00564272	0.996403	33.9375	0	0
23	312560	0.0701739	-0.0905217	-9.94017	34	-0.000177281	-0.00595518	0.996544	34	0	0
23	312570	0.08	-0.0851304	-9.97739	34	-0.000254842	-0.00567522	0.996707	34	0	0
23	312580	0.0753913	-0.0849565	-9.93835	34	-0.000141825	-0.00599137	0.99637	34	0	0
23	312590	0.0525217	-0.0885217	-9.90713	33.9375	0.000103414	-0.00583773	0.996808	33.9375	0	0
23	312600	0.0789565	-0.0863478	-9.92748	34	-0.000192794	-0.0059345	0.996542	34	0	0
23	312610	0.0731304	-0.086087	-9.94087	34	-0.000161769	-0.00586801	0.996496	34	0	0
23	312620	0.0784348	-0.0749565	-9.964	34	-6.27872e-05	-0.00595592	0.996478	34	0	0
23	312630	0.0501739	-0.0644348	-9.95548	34	-0.000305072	-0.00602535	0.996627	34	0	0
23	312640	0.0587826	-0.082087	-9.92887	34	-3.25016e-05	-0.00553783	0.996584	34	0	0
23	312650	0.0727826	-0.0795652	-9.98	34	-7.46059e-05	-0.00581335	0.996365	34	0	0
23	312660	0.0670435	-0.101391	-9.91156	34	-1.32961e-05	-0.00607854	0.996558	34	0	0
23	312670	0.0866956	-0.0865217	-9.95374	34	-0.000184668	-0.00562056	0.996517	34	0	0
23	312680	0.0751304	-0.0706087	-9.88991	34	-0.000103414	-0.00554817	0.996683	34	0	0
23	312690	0.058	-0.0886956	-9.9573	34	0	-0.00598842	0.996571	34	0	0
23	312700	0.0795652	-0.104435	-9.95522	34	-4.5059e-05	-0.00585915	0.996235	34	0	0
23	312710	0.0578261	-0.0753913	-9.92435	34	-0.000165463	-0.00593228	0.99614	34	0	0
23	312720	0.0816522	-0.0841739	-9.92139	34	-7.68219e-05	-0.0059958	0.996452	34	0	0
23	312730	0.06	-0.0946957	-9.94522	34	-0.000159553	-0.00566857	0.996619	34	0	0
23	312740	0.068	-0.0802609	-9.94626	34	-0.000374507	-0.0058104	0.996451	34	0	0
23	312750	0.0653043	-0.0686087	-9.9247	34	-0.000143302	-0.00590642	0.996567	34	0	0
23	312760	0.0533043	-0.0694783	-9.93635	34	-0.000174327	-0.00589239	0.996468	34	0	0
23	312770	0.0554783	-0.0923478	-9.924	34	-0.000175065	-0.00541152	0.996437	34	0	0
23	312780	0.0726087	-0.0771304	-9.92704	34	-0.00012779	-0.00568999	0.996498	34	0	0
23	312790	0.0743478	-0.0793043	-9.94061	34	-4.94911e-05	-0.00603865	0.996882	34	0	0
23	312800	0.070087	-0.1	-9.9527	34	9.15954e-05	-0.00611695	0.996587	34	0	0
23	312810	0.0686087	-0.0826957	-9.95226	34	-1.40348e-05	-0.00571585	0.996451	34	0	0
23	312820	0.0774783	-0.0893913	-9.90939	34	-8.49473e-05	-0.00587466	0.996443	34	0	0
23	312830	0.0633043	-0.0654783	-9.93548	34	-0.00027848	-0.00628167	0.996636	34	0	0
23	312840	0.0663478	-0.074087	-9.91365	34	-7.60833e-05	-0.006032	0.996481	34	0	0
23	312850	0.0607826	-0.0811304	-9.93983	34	-0.000255581	-0.00577125	0.996706	34	0	0
23	312860	0.0605217	-0.0691304	-9.93713	34	-0.000240807	-0.00573653	0.996457	34	0	0
23	312870	0.0552174	-0.0862609	-9.92296	34	-1.25574e-05	-0.00580153	0.996451	34	0	0
23	312880	0.0656522	-0.0795652	-9.946	34	1.55121e-05	-0.00600024	0.996678	34	0	0
23	312890	0.0628696	-0.088087	-9.89583	34	8.64247e-05	-0.00604456	0.996772	34	0	0
23	312900	0.0586956	-0.0744348	-9.91774	34	-4.5059e-05	-0.00589608	0.996367	34	0	0
23	312910	0.0722609	-0.0855652	-9.94391	34	-0.000127052	-0.00596995	0.996645	34	0	0
23	312920	0.061913	-0.0803478	-9.93061	34	-3.02856e-05	-0.00585546	0.996827	34	0	0
23	312930	0.0989565	-0.0677391	-9.94043	34	-3.47176e-05	-0.00585472	0.996844	34	0	0
23	312940	0.0833043	-0.0896522	-9.97278	34	-0.000110801	-0.00592194	0.996235	34	0	0
23	312950	0.075913	-0.0830435	-9.96652	34	-0.000107846	-0.006179	0.996209	34	0	0
23	312960	0.0671304	-0.0811304	-9.92913	34	2.21602e-06	-0.00590642	0.996413	34	0	0
23	312970	0.0673913	-0.0703478	-9.93435	34	-0.000124097	-0.00571511	0.996783	34	0	0
23	312980	0.0762609	-0.0763478	-9.94765	34	-0.000130006	-0.00602461	0.996431	34	0	0
23	312990	0.0506087	-0.0849565	-9.95226	34	-7.38672e-06	-0.00602757	0.996587	34	0	0
23	313000	0.0526957	-0.0915652	-9.97704	34	0	-0.00581631	0.996752	34	0	0
23	313010	0.0673044	-0.070087	-9.95817	34	-0.000146996	-0.00608962	0.996327	34	0	0
23	313020	0.0773913	-0.0833913	-9.93226	34	-0.000101937	-0.00606081	0.996756	34	0	0
23	313030	0.0835652	-0.0753913	-9.95678	34	-7.23899e-05	-0.00635554	0.996595	34	0	0
23	313040	0.06	-0.08	-9.87522	34	-0.000192055	-0.0061982	0.996002	34	0	0
23	313050	0.0606957	-0.0776522	-9.94817	34	-5.68778e-05	-0.00617382	0.996646	34	0	0
23	313060	0.0627826	-0.0858261	-9.98348	34	-0.000177281	-0.00570625	0.996745	34	0	0
23	313070	0.068087	-0.0849565	-9.95356	34	-0.000329448	-0.00561613	0.996307	34	0	0
23	313080	0.0610435	-0.0874783	-9.92574	34	-0.000127052	-0.00600836	0.996542	34	0	0
23	313090	0.0663478	-0.0789565	-9.96426	34	-0.000132961	-0.00600615	0.99664	34	0	0
23	313100	0.0612174	-0.0742609	-9.94617	34	-0.000127052	-0.00609479	0.996421	34	0	0
23	313110	0.0715652	-0.0854783	-9.90522	34	3.69336e-05	-0.00591455	0.99665	34	0	0
23	313120	0.0677391	-0.0896522	-9.90156	34	1.99442e-05	-0.0062115	0.99683	34	0	0
23	313130	0.0614783	-0.0952174	-9.93696	34	-1.62508e-05	-0.00601575	0.996432	34	0	0
23	313140	0.0618261	-0.0926957	-9.934	34	-0.000137393	-0.00560948	0.996435	34	0	0
23	313150	0.0824348	-0.101565	-9.93635	34	-1.03414e-05	-0.00587983	0.996454	34	0	0
23	313160	0.0604348	-0.0801739	-9.94148	34	-9.89821e-05	-0.00612286	0.996706	34	0	0
23	313170	0.0717391	-0.0749565	-9.91722	34	-0.000182452	-0.00590864	0.996256	34	0	0
23	313180	0.0614783	-0.0722609	-9.95183	34	2.95469e-05	-0.00589904	0.996666	34	0	0
23	313190	0.0569565	-0.0898261	-9.92365	34	-4.65364e-05	-0.00592046	0.996599	34	0	0
23	313200	0.069913	-0.0888696	-9.90052	33.9375	-0.000104891	-0.00616496	0.99678	33.9375	0	0
23	313210	0.0837391	-0.0775652	-9.95087	34	-0.000130006	-0.00583625	0.996451	34	0	0
23	313220	0.0765217	-0.0755652	-9.904	33.9375	-6.20485e-05	-0.00589535	0.996367	33.9375	0	0
23	313230	0.0650435	-0.0950435	-9.94817	34	-0.000226034	-0.00599802	0.996362	34	0	0
23	313240	0.0669565	-0.0884348	-9.9527	34	-0.000146996	-0.00628019	0.996463	34	0	0
23	313250	0.0536522	-0.0967826	-9.95774	34	-8.1254e-06	-0.00610144	0.99624	34	0	0
23	313260	0.0586956	-0.0793913	-9.91974	34	4.43203e-05	-0.00600024	0.996445	34	0	0
23	313270	0.0506957	-0.0785217	-9.91974	34	-9.08567e-05	-0.0063223	0.996432	34	0	0
23	313280	0.060087	-0.0747826	-9.9407	34	3.6195e-05	-0.00613615	0.99624	34	0	0
23	313290	0.0713044	-0.0736522	-9.97965	34	0.000118926	-0.00594484	0.996525	34	0	0
23	313300	0.0624348	-0.106174	-9.92313	34	6.57418e-05	-0.00598399	0.996943	34	0	0
23	313310	0.0703478	-0.0818261	-9.95096	34	-0.000169156	-0.00606746	0.996787	34	0	0
23	313320	0.0694783	-0.0838261	-9.94383	34	-6.42645e-05	-0.0056442	0.996497	34	0	0
23	313330	0.0506957	-0.0671304	-9.95087	34	6.13098e-05	-0.00572397	0.996823	34	0	0
23	313340	0.07	-0.0674783	-9.924	34	0	-0.00616792	0.996507	34	0	0
23	313350	0.0857391	-0.0685217	-9.94139	34	-8.71634e-05	-0.00619303	0.996852	34	0	0
23	313360	0.061913	-0.0852174	-9.90887	34	-1.32961e-05	-0.00588205	0.996449	34	0	0
23	313370	0.0661739	-0.0834783	-9.95348	34	4.35817e-05	-0.00575204	0.996216	34	0	0
23	313380	0.0616522	-0.0813043	-9.95061	34	-0.000147734	-0.00618786	0.996784	34	0	0
23	313390	0.0486956	-0.0662609	-9.95087	34	-6.35258e-05	-0.00555186	0.996375	34	0	0
23	313400	0.07	-0.082087	-9.92	34	3.69336e-06	-0.00570403	0.996767	34	0	0
23	313410	0.0810435	-0.0828696	-9.95809	34	-0.000118926	-0.00601206	0.996341	34	0	0
23	313420	0.0406087	-0.076	-9.91461	34	5.90938e-05	-0.00607189	0.996451	34	0	0
23	313430	0.0689565	-0.0886956	-9.92991	34	4.43203e-05	-0.00592415	0.996948	34	0	0
23	313440	0.0625217	-0.0653043	-9.96826	34	-0.000178759	-0.0059537	0.996482	34	0	0
23	313450	0.0675652	-0.0698261	-9.94287	34	0.000102675	-0.00593745	0.99631	34	0	0
23	313460	0.0773043	-0.083913	-9.93965	34	-0.00011671	-0.00582296	0.996556	34	0	0
23	313470	0.0722609	-0.0681739	-9.95183	34	-8.64247e-05	-0.00564641	0.996706	34	0	0
23	313480	0.0746957	-0.0991304	-9.94078	34	1.99442e-05	-0.00599654	0.996743	34	0	0
23	313490	0.0575652	-0.107043	-9.97122	34	-7.23899e-05	-0.00590569	0.996624	34	0	0
23	313500	0.0758261	-0.0765217	-9.94896	34	0.000108585	-0.00622923	0.996638	34	0	0
23	313510	0.0610435	-0.0708696	-9.93243	34	-5.90938e-05	-0.00613246	0.996497	34	0	0
23	313520	0.0662609	-0.0594783	-9.93313	34	1.47734e-05	-0.00602092	0.996644	34	0	0
23	313530	0.0689565	-0.0813913	-9.92739	34	4.87524e-05	-0.00574613	0.996446	34	0	0
23	313540	0.066	-0.0721739	-9.94087	34	6.64805e-05	-0.00574539	0.996683	34	0	0
23	313550	0.0667826	-0.0725217	-9.91522	34	-1.40348e-05	-0.00609848	0.996389	34	0	0
23	313560	0.0529565	-0.0869565	-9.92139	34	-3.32403e-05	-0.00598399	0.996638	34	0	0
23	313570	0.0706087	-0.0686956	-9.97156	34	-0.000243023	-0.00603422	0.996421	34	0	0
23	313580	0.0706957	-0.0913913	-9.97548	34	1.47734e-05	-0.00579045	0.996265	34	0	0
23	313590	0.0626957	-0.0873913	-9.94226	34	-9.52887e-05	-0.00603348	0.996194	34	0	0
23	313600	0.0437391	-0.0934783	-9.9113	34	-5.31844e-05	-0.00582739	0.996536	34	0	0
23	313610	0.0529565	-0.076087	-9.93713	34	0	-0.00610217	0.996264	34	0	0
23	313620	0.0636522	-0.0872174	-9.932	34	-0.000101937	-0.00596035	0.996507	34	0	0
23	313630	0.057913	-0.084	-9.91539	34	-3.17629e-05	-0.00606081	0.996499	34	0	0
23	313640	0.059913	-0.0928696	-9.91409	34	-4.80137e-05	-0.00616496	0.996447	34	0	0
23	313650	0.0549565	-0.0867826	-9.93087	34	-2.65922e-05	-0.00597143	0.996392	34	0	0
23	313660	0.046087	-0.0842609	-9.9193	34	-0.000171372	-0.00576165	0.996397	34	0	0
23	313670	0.0683478	-0.064087	-9.92852	34	-3.47176e-05	-0.00578011	0.996475	34	0	0
23	313680	0.0651304	-0.0771304	-9.92522	34	-7.38672e-05	-0.00598251	0.996764	34	0	0
23	313690	0.0551304	-0.0894783	-9.91713	34	-0.000112278	-0.00572471	0.996497	34	0	0
23	313700	0.0666957	-0.0966087	-9.92	34	-7.53446e-05	-0.00571732	0.996688	34	0	0
23	313710	0.0698261	-0.0810435	-9.9247	34	-3.8411e-05	-0.00576091	0.996656	34	0	0
23	313720	0.0650435	-0.0877391	-9.98791	34	-7.31286e-05	-0.00576903	0.996587	34	0	0
23	313730	0.068	-0.0912174	-9.97583	34	7.75606e-05	-0.00590421	0.99667	34	0	0
23	313740	0.0697391	-0.096	-9.92409	34	5.61391e-05	-0.00588426	0.996268	34	0	0
23	313750	0.0645217	-0.0946087	-9.91722	34	-0.000180975	-0.00607115	0.996816	34	0	0
23	313760	0.0612174	-0.0786087	-9.92174	34	-0.000185407	-0.00630752	0.996485	34	0	0
23	313770	0.0573913	-0.0866956	-9.90678	34	3.39789e-05	-0.00597881	0.996618	34	0	0
23	313780	0.0662609	-0.0912174	-9.96652	34	4.94911e-05	-0.00553118	0.996586	34	0	0
23	313790	0.0713913	-0.0967826	-9.92635	34	-2.95469e-06	-0.00593893	0.996651	34	0	0
23	313800	0.0493043	-0.0947826	-9.95356	34	0.000108585	-0.00593228	0.99629	34	0	0
23	313810	0.0825217	-0.088087	-9.95739	34	-3.6195e-05	-0.00590347	0.996388	34	0	0
23	313820	0.0663478	-0.0786087	-9.94035	34	-6.64805e-06	-0.00599359	0.996501	34	0	0
23	313830	0.066	-0.0867826	-9.90983	34	-9.30727e-05	-0.00631565	0.996593	34	0	0
23	313840	0.0638261	-0.0977391	-9.96417	34	-5.17071e-06	-0.00571068	0.996555	34	0	0
23	313850	0.0642609	-0.0877391	-9.89139	33.9375	1.03414e-05	-0.0060224	0.996332	33.9375	0	0
23	313860	0.0526957	-0.0809565	-9.91504	34	-5.09684e-05	-0.00622849	0.996344	34	0	0
23	313870	0.0461739	-0.0864348	-9.95748	34	-2.28988e-05	-0.00581557	0.996718	34	0	0
23	313880	0.0634783	-0.0769565	-9.93226	34	-7.16512e-05	-0.00607632	0.996474	34	0	0
23	313890	0.0386087	-0.0849565	-9.97339	34	0.000138132	-0.00600541	0.996375	34	0	0
23	313900	0.0488696	-0.0910435	-9.9533	34	9.60274e-06	-0.0058983	0.9967	34	0	0
23	313910	0.0584348	-0.0828696	-9.97209	34	-4.0627e-05	-0.00581335	0.996277	34	0	0
23	313920	0.0625217	-0.0847826	-9.94443	34	-6.64805e-05	-0.00604308	0.996872	34	0	0
23	313930	0.0490435	-0.0872174	-9.9133	34	-5.17071e-06	-0.00628167	0.996766	34	0	0
23	313940	0.0486956	-0.0810435	-9.94304	34	3.10242e-05	-0.00626911	0.996647	34	0	0
23	313950	0.062	-0.0766957	-9.92652	34	-6.50032e-05	-0.00601501	0.996576	34	0	0
23	313960	0.0658261	-0.0992174	-9.93043	34	7.97766e-05	-0.00607336	0.99648	34	0	0
23	313970	0.0778261	-0.0646087	-9.95661	34	-3.17629e-05	-0.00565823	0.99634	34	0	0
23	313980	0.0712174	-0.0727826	-9.948	34	-3.47176e-05	-0.00578972	0.996549	34	0	0
23	313990	0.0814783	-0.0726087	-9.9507	34	-4.80137e-05	-0.00596183	0.996612	34	0	0
23	314000	0.0550435	-0.0804348	-9.93435	34	-0.00012779	-0.00593819	0.996571	34	0	0
23	314010	0.0627826	-0.0974783	-9.92765	34	-0.000101198	-0.00600098	0.996763	34	0	0
23	314020	0.061913	-0.0834783	-9.98043	34	0.000100459	-0.0058658	0.996779	34	0	0
23	314030	0.0523478	-0.0789565	-9.96635	34	1.47734e-05	-0.00572619	0.996754	34	0	0
23	314040	0.0673913	-0.0962609	-9.91765	34	-1.62508e-05	-0.0058525	0.996457	34	0	0
23	314050	0.0666087	-0.0838261	-9.92087	34	0.000168417	-0.00609257	0.996452	34	0	0
23	314060	0.068087	-0.103043	-9.93678	34	6.20485e-05	-0.00572397	0.996613	34	0	0
23	314070	0.0557391	-0.090087	-9.93765	34	0.000112278	-0.00587688	0.996279	34	0	0
23	314080	0.0626957	-0.0848696	-9.92122	34	0.000189839	-0.00593302	0.996777	34	0	0
23	314090	0.0749565	-0.0842609	-9.94304	34	-5.46618e-05	-0.0060778	0.996828	34	0	0
23	314100	0.0635652	-0.092	-9.95643	34	-6.57418e-05	-0.0059212	0.996502	34	0	0
23	314110	0.0527826	-0.0768696	-9.91513	34	-0.000101937	-0.00613172	0.996512	34	0	0
23	314120	0.061913	-0.0770435	-9.92904	34	8.49473e-05	-0.00588796	0.99633	34	0	0
23	314130	0.070087	-0.0809565	-9.93878	34	5.61391e-05	-0.00580966	0.996658	34	0	0
23	314140	0.078087	-0.0887826	-9.95183	34	-4.7275e-05	-0.006032	0.996465	34	0	0
23	314150	0.047913	-0.092	-9.94487	34	0	-0.0057417	0.996363	34	0	0
23	314160	0.0698261	-0.0741739	-9.94391	34	-0.000110062	-0.00591677	0.996323	34	0	0
23	314170	0.0516522	-0.102348	-9.94104	34	-4.43203e-05	-0.00562647	0.996352	34	0	0
23	314180	0.0572174	-0.104783	-9.94722	34	3.25016e-05	-0.00567005	0.996691	34	0	0
23	314190	0.0790435	-0.0824348	-9.97626	34	-8.1254e-06	-0.00580818	0.996264	34	0	0
23	314200	0.0597391	-0.0882609	-9.95678	34	0	-0.00548464	0.996137	34	0	0
23	314210	0.0636522	-0.0833043	-9.894	34	-5.39231e-05	-0.00568852	0.996423	34	0	0
23	314220	0.0646956	-0.0889565	-9.92096	34	-3.17629e-05	-0.00582665	0.996375	34	0	0
23	314230	0.0555652	-0.102783	-9.93513	34	-7.60833e-05	-0.00578233	0.996669	34	0	0
23	314240	0.0566087	-0.0998261	-9.95461	34	8.49473e-05	-0.00590273	0.996547	34	0	0
23	314250	0.0523478	-0.0826957	-9.92026	34	-5.09684e-05	-0.00572323	0.996339	34	0	0
23	314260	0.0673913	-0.0669565	-9.92313	34	-0.000132222	-0.00598399	0.996413	34	0	0
23	314270	0.073913	-0.100783	-9.9347	34	-5.90938e-06	-0.00575352	0.996251	34	0	0
23	314280	0.0749565	-0.074	-9.92661	34	-1.77281e-05	-0.00554669	0.996757	34	0	0
23	314290	0.0709565	-0.0829565	-9.93756	34	-0.000175804	-0.0060778	0.99674	34	0	0
23	314300	0.0649565	-0.0813913	-9.94374	34	-0.000203874	-0.00632082	0.99647	34	0	0
23	314310	0.0753043	-0.0770435	-9.922	34	1.03414e-05	-0.00570698	0.996675	34	0	0
23	314320	0.0703478	-0.0757391	-9.96835	34	2.06828e-05	-0.00605638	0.996395	34	0	0
23	314330	0.0762609	-0.0811304	-9.92965	34	2.58535e-05	-0.00546765	0.996555	34	0	0
23	314340	0.0467826	-0.0871304	-9.904	34	-8.42087e-05	-0.00603569	0.996375	34	0	0
23	314350	0.0697391	-0.101478	-9.95965	34	-0.000214215	-0.00583477	0.996545	34	0	0
23	314360	0.0566957	-0.082	-9.96078	34	-8.05153e-05	-0.00550163	0.996747	34	0	0
23	314370	0.0578261	-0.0856522	-9.95896	34	-0.00014478	-0.00595739	0.996437	34	0	0
23	314380	0.0562609	-0.0963478	-9.90939	34	-0.000124836	-0.00599876	0.99656	34	0	0
23	314390	0.0684348	-0.104957	-9.93843	34	-6.57418e-05	-0.00608444	0.996173	34	0	0
23	314400	0.084	-0.117217	-9.95461	34	0	-0.00583256	0.996688	34	0	0
23	314410	0.0802609	-0.0990435	-9.9213	34	-9.67661e-05	-0.00569664	0.996621	34	0	0
23	314420	0.0670435	-0.0829565	-9.96461	34	-0.00016694	-0.00568335	0.996589	34	0	0
23	314430	0.068	-0.0724348	-9.94878	34	9.08567e-05	-0.00567965	0.996172	34	0	0
23	314440	0.0766957	-0.0825217	-9.93191	34	6.79579e-05	-0.0055984	0.996842	34	0	0
23	314450	0.0711304	-0.0807826	-9.93339	34	2.21602e-05	-0.00568039	0.996677	34	0	0
23	314460	0.0706957	-0.0757391	-9.93626	33.9375	1.25574e-05	-0.00590347	0.996836	33.9375	0	0
23	314470	0.050087	-0.085913	-9.93043	34	0.000248194	-0.00609626	0.996092	34	0	0
23	314480	0.064087	-0.0944348	-9.9447	34	-8.5686e-05	-0.00573358	0.996867	34	0	0
23	314490	0.0646087	-0.075913	-9.94191	34	7.31286e-05	-0.00617087	0.996576	34	0	0
23	314500	0.0683478	-0.0916522	-9.92313	34	-3.39789e-05	-0.00617382	0.996511	34	0	0
23	314510	0.0437391	-0.102087	-9.93609	34	-0.000145518	-0.00620337	0.996466	34	0	0
23	314520	0.0629565	-0.0764348	-9.91078	34	5.39231e-05	-0.00575278	0.996352	34	0	0
23	314530	0.0826087	-0.0661739	-9.90774	34	-1.62508e-05	-0.00565454	0.996553	34	0	0
23	314540	0.0570435	-0.0842609	-9.90243	34	0	-0.0058562	0.996333	34	0	0
23	314550	0.0557391	-0.0896522	-9.97496	34	0	-0.00578898	0.996678	34	0	0
23	314560	0.0697391	-0.0938261	-9.93983	34	-5.90938e-06	-0.00562351	0.996697	34	0	0
23	314570	0.0687826	-0.104783	-9.92748	34	1.55121e-05	-0.0057779	0.996655	34	0	0
23	314580	0.0652174	-0.0811304	-9.94174	34	-0.000106369	-0.00604603	0.99648	34	0	0
23	314590	0.069913	-0.107478	-9.9507	34	-2.58535e-05	-0.00566266	0.996883	34	0	0
23	314600	0.0533043	-0.0736522	-9.94557	34	-7.09126e-05	-0.0057971	0.996675	34	0	0
23	314610	0.0572174	-0.0715652	-9.97296	34	-0.000109324	-0.00593302	0.99655	34	0	0
23	314620	0.0791304	-0.0856522	-9.91609	34	-0.00010563	-0.00587245	0.996675	34	0	0
23	314630	0.0828696	-0.0873043	-9.93965	34	-1.92055e-05	-0.00592563	0.996395	34	0	0
23	314640	0.0621739	-0.0857391	-9.97209	34	0.000142564	-0.00559249	0.996555	34	0	0
23	314650	0.060087	-0.0805217	-9.93965	34	0.000104153	-0.00614502	0.99632	34	0	0
23	314660	0.0678261	-0.0836522	-9.95217	34	-0.00014478	-0.0060187	0.996513	34	0	0
23	314670	0.0644348	-0.0921739	-10.001	34	3.69336e-06	-0.00566488	0.996322	34	0	0
23	314680	0.0626087	-0.0763478	-9.95896	34	-0.000107108	-0.00552527	0.996791	34	0	0
23	314690	0.0626957	-0.0901739	-9.95809	34	-7.01739e-05	-0.00542555	0.996814	34	0	0
23	314700	0.0664348	-0.0673044	-9.94722	33.9375	-8.49473e-05	-0.00557107	0.99653	33.9375	0	0
23	314710	0.0706957	-0.0932174	-9.92104	34	-0.000185407	-0.00588057	0.996722	34	0	0
23	314720	0.052	-0.0846087	-9.92235	34	-5.31844e-05	-0.00583921	0.996354	34	0	0
23	314730	0.0494783	-0.0797391	-9.97574	34	-0.000147734	-0.00620189	0.996519	34	0	0
23	314740	0.0517391	-0.106261	-9.93861	34	-0.000141825	-0.00567448	0.996836	34	0	0
23	314750	0.0442609	-0.0901739	-9.93296	34	-0.000183191	-0.00597069	0.996626	34	0	0
23	314760	0.058087	-0.114783	-9.92087	34	-2.06828e-05	-0.00604234	0.996153	34	0	0
23	314770	0.0693913	-0.0946957	-9.93591	34	6.50032e-05	-0.00580227	0.996385	34	0	0
23	314780	0.0492174	-0.0954783	-9.98965	34	0.000104153	-0.00554743	0.996643	34	0	0
23	314790	0.0567826	-0.083913	-9.94478	34	-0.000102675	-0.00572545	0.996519	34	0	0
23	314800	0.0690435	-0.0794783	-9.89626	34	-6.72192e-05	-0.00569664	0.996758	34	0	0
23	314810	0.0796522	-0.10513	-9.91609	34	-5.61391e-05	-0.0059441	0.996276	34	0	0
23	314820	0.0683478	-0.0788696	-9.94191	34	-0.000234159	-0.00565897	0.996677	34	0	0
23	314830	0.0662609	-0.0932174	-9.93078	34	-5.17071e-05	-0.00615831	0.996861	34	0	0
23	314840	0.0693043	-0.0930435	-9.9107	34	-1.32961e-05	-0.00583034	0.996824	34	0	0
23	314850	0.0544348	-0.0853043	-9.92965	34	3.91496e-05	-0.00586284	0.996632	34	0	0
23	314860	0.0552174	-0.0913913	-9.92861	34	-3.98883e-05	-0.00577642	0.996319	34	0	0
23	314870	0.0672174	-0.102	-9.93304	34	-5.98325e-05	-0.00587171	0.996813	34	0	0
23	314880	0.0525217	-0.102522	-9.92922	34	-0.000218647	-0.00571437	0.996699	34	0	0
23	314890	0.0558261	-0.0778261	-9.92043	34	-0.000192794	-0.00574539	0.996646	34	0	0
23	314900	0.0648696	-0.104783	-9.92183	34	-0.000221602	-0.00579119	0.996613	34	0	0
23	314910	0.0648696	-0.0890435	-9.93913	34	-6.50032e-05	-0.00608371	0.996397	34	0	0
23	314920	0.0613913	-0.0831304	-9.94348	34	3.76723e-05	-0.00586728	0.996341	34	0	0
23	314930	0.0656522	-0.0761739	-9.95243	34	-0.00020018	-0.00572693	0.996973	34	0	0
23	314940	0.0667826	-0.0793913	-9.96852	34	-0.000186884	-0.00573062	0.996673	34	0	0
23	314950	0.0785217	-0.0930435	-9.90922	34	-8.347e-05	-0.00574835	0.99658	34	0	0
23	314960	0.0569565	-0.0922609	-9.94626	34	-0.000145412	-0.00580818	0.996466	34	0	0
23	314970	0.0631304	-0.106348	-9.95035	34	5.17071e-06	-0.00556516	0.99665	34	0	0
23	314980	0.0613913	-0.100261	-9.94548	34	-0.000210522	-0.00578972	0.996535	34	0	0
23	314990	0.0706957	-0.0862609	-9.93574	34.0625	-3.39789e-05	-0.00572841	0.996606	34.0625	0	0
23	315000	0.0704348	-0.0787826	-9.92296	34	-7.01739e-05	-0.00598916	0.996785	34	0	0
23	315010	0.0756522	-0.0812174	-9.93452	34	-3.39789e-05	-0.00577051	0.996472	34	0	0
23	315020	0.0773913	-0.0778261	-9.95417	34	-0.000180975	-0.00585841	0.996621	34	0	0
23	315030	0.0753913	-0.0991304	-9.92722	34	-4.13657e-05	-0.00573875	0.996728	34	0	0
23	315040	0.0766087	-0.098	-9.91235	34	-0.000128529	-0.00580301	0.996644	34	0	0
23	315050	0.0767826	-0.0766957	-9.96061	34	-0.000114494	-0.0055201	0.996344	34	0	0
23	315060	0.0721739	-0.101478	-9.95252	34	-0.000254842	-0.00597364	0.996961	34	0	0
23	315070	0.0783478	-0.0991304	-9.94026	34	-3.39789e-05	-0.00567965	0.996215	34	0	0
23	315080	0.0373043	-0.0733913	-9.90148	34	-0.000155121	-0.00597512	0.996576	34	0	0
23	315090	0.0749565	-0.0990435	-9.91513	34	-0.000180975	-0.0059633	0.996338	34	0	0
23	315100	0.0726087	-0.0909565	-9.93722	34	8.1254e-06	-0.00599433	0.996355	34	0	0
23	315110	0.0827826	-0.0954783	-9.92591	34	-3.54563e-05	-0.00617161	0.996406	34	0	0
23	315120	0.056087	-0.0933913	-9.9353	34	-8.86407e-05	-0.00565897	0.996621	34	0	0
23	315130	0.0593043	-0.100957	-9.91591	34	-0.000172111	-0.00569073	0.996385	34	0	0
23	315140	0.06	-0.0954783	-9.96452	34	-5.61391e-05	-0.00582222	0.996487	34	0	0
23	315150	0.0882609	-0.102261	-9.97026	34	-0.000163985	-0.00572693	0.996419	34	0	0
23	315160	0.0608696	-0.102957	-9.97035	34	-0.000149212	-0.00593154	0.996337	34	0	0
23	315170	0.0665217	-0.101565	-9.93261	34	-0.000220124	-0.00620042	0.996308	34	0	0
23	315180	0.0844348	-0.0910435	-9.93243	34	-6.35258e-05	-0.00604825	0.99655	34	0	0
23	315190	0.0838261	-0.0909565	-9.89783	34	-0.00025041	-0.00577199	0.996339	34	0	0
23	315200	0.0738261	-0.0946087	-9.93661	34	1.40348e-05	-0.00571437	0.996577	34	0	0
23	315210	0.0676522	-0.113217	-9.96887	34	-4.43203e-06	-0.00572988	0.996516	34	0	0
23	315220	0.0542609	-0.0894783	-9.93652	34	-6.64805e-05	-0.00596995	0.996734	34	0	0
23	315230	0.078	-0.0947826	-9.92957	34	-0.000202396	-0.00589904	0.996583	34	0	0
23	315240	0.0730435	-0.0771304	-9.8753	34	-7.97766e-05	-0.00563164	0.99617	34	0	0
23	315250	0.0646087	-0.079913	-9.92852	34	-0.000151428	-0.0056863	0.996662	34	0	0
23	315260	0.0533043	-0.0653043	-9.97852	34	1.84668e-05	-0.00559101	0.996553	34	0	0
23	315270	0.0803478	-0.0950435	-9.95844	34	-8.71634e-05	-0.00601206	0.99654	34	0	0
23	315280	0.0646956	-0.0769565	-9.92426	34	-3.25016e-05	-0.00542481	0.996709	34	0	0
23	315290	0.0742609	-0.0613043	-9.94339	34	-0.000184668	-0.00575565	0.997079	34	0	0
23	315300	0.0528696	-0.0590435	-9.91939	34	4.35817e-05	-0.00581409	0.996575	34	0	0
23	315310	0.0628696	-0.0853913	-9.94209	34	-5.24457e-05	-0.00591012	0.996394	34	0	0
23	315320	0.0613043	-0.0798261	-9.90487	34	1.77281e-05	-0.00585102	0.996463	34	0	0
23	315330	0.0741739	-0.0771304	-9.91452	34	-0.000214954	-0.00590569	0.996283	34	0	0
23	315340	0.0487826	-0.0909565	-9.94409	34	-0.000181713	-0.00556811	0.996443	34	0	0
23	315350	0.0753043	-0.0938261	-9.96348	34	-9.30727e-05	-0.00582148	0.996825	34	0	0
23	315360	0.0777391	-0.0825217	-9.92009	34	-5.31844e-05	-0.00577125	0.996495	34	0	0
23	315370	0.0622609	-0.0635652	-9.94174	34	-8.64247e-05	-0.00588205	0.996652	34	0	0
23	315380	0.0563478	-0.0806087	-9.92522	34	-5.39231e-05	-0.00580523	0.996225	34	0	0
23	315390	0.0764348	-0.074	-9.92878	34	-0.000212738	-0.00582886	0.996426	34	0	0
23	315400	0.0726957	-0.0933043	-9.93322	34	8.42087e-05	-0.00590125	0.996525	34	0	0
23	315410	0.076087	-0.0975652	-9.92826	34	-0.000197964	-0.00615166	0.996568	34	0	0
23	315420	0.0733043	-0.0804348	-9.91878	34	-0.000128529	-0.00578454	0.996511	34	0	0
23	315430	0.0671304	-0.0795652	-9.94209	34	-3.17629e-05	-0.00608075	0.996347	34	0	0
23	315440	0.0946087	-0.0895652	-9.962	34	-0.00033388	-0.00566414	0.996309	34	0	0
23	315450	0.0562609	-0.100087	-9.90078	34	-0.00036195	-0.00607336	0.996677	34	0	0
23	315460	0.0592174	-0.0942609	-9.91522	34	-0.000131484	-0.00604825	0.996564	34	0	0
23	315470	0.0572174	-0.0865217	-9.9793	34	-0.00030064	-0.0055659	0.996669	34	0	0
23	315480	0.0835652	-0.0964348	-9.90956	34	-0.00022234	-0.00584807	0.99627	34	0	0
23	315490	0.066087	-0.0956522	-9.94339	34	-7.09126e-05	-0.00615462	0.996555	34	0	0
23	315500	0.0686956	-0.080087	-9.97522	34	-0.000158815	-0.0055851	0.996453	34	0	0
23	315510	0.0831304	-0.0853043	-9.94235	34	6.57418e-05	-0.00557993	0.996629	34	0	0
23	315520	0.0446957	-0.0930435	-9.93496	34	5.39231e-05	-0.00616201	0.996037	34	0	0
23	315530	0.0738261	-0.0997391	-9.92852	34	0	-0.00588648	0.996483	34	0	0
23	315540	0.0673044	-0.0826957	-9.94939	34	-8.1254e-05	-0.00589091	0.996484	34	0	0
23	315550	0.0691304	-0.106957	-9.96513	34	-0.000254103	-0.00533691	0.996374	34	0	0
23	315560	0.0433913	-0.0775652	-9.9107	34	-0.000223818	-0.00572102	0.996279	34	0	0
23	315570	0.0686087	-0.0874783	-9.90522	34	-2.14215e-05	-0.00561391	0.996767	34	0	0
23	315580	0.0731304	-0.0901739	-9.92678	34	-2.28988e-05	-0.00577716	0.996711	34	0	0
23	315590	0.0757391	-0.110522	-9.93374	34	-0.000267399	-0.00574392	0.996426	34	0	0
23	315600	0.0821739	-0.0973913	-9.94391	34	-5.17071e-06	-0.00564789	0.996228	34	0	0
23	315610	0.0684348	-0.0806956	-9.93756	34	-0.000146996	-0.00577273	0.996596	34	0	0
23	315620	0.0702609	-0.086087	-9.94391	34	-1.03414e-05	-0.00601427	0.996515	34	0	0
23	315630	0.0831304	-0.104435	-9.95852	34	-0.000226772	-0.00574318	0.996529	34	0	0
23	315640	0.085913	-0.0905217	-9.93452	34	-0.000101198	-0.00568335	0.996547	34	0	0
23	315650	0.0657391	-0.0808696	-9.95991	34	-5.54004e-05	-0.00586949	0.9967	34	0	0
23	315660	0.0764348	-0.0848696	-9.9593	34	-5.54004e-05	-0.00583108	0.99687	34	0	0
23	315670	0.0708696	-0.082087	-9.93522	34	3.91496e-05	-0.00596921	0.996652	34	0	0
23	315680	0.0846957	-0.0762609	-9.93635	34	-9.97208e-05	-0.00588648	0.996348	34	0	0
23	315690	0.0549565	-0.0854783	-9.92861	34	-0.000190577	-0.00548317	0.996625	34	0	0
23	315700	0.0638261	-0.0811304	-9.9473	34	-0.000143302	-0.00612803	0.996723	34	0	0
23	315710	0.0555652	-0.0861739	-9.95739	34	-0.000145518	-0.00621593	0.996661	34	0	0
23	315720	0.0624348	-0.0855652	-9.92617	34	-0.000135916	-0.00569295	0.996684	34	0	0
23	315730	0.0696522	-0.0824348	-9.94235	34	-4.35817e-05	-0.00628463	0.996679	34	0	0
23	315740	0.0782533	-0.0921739	-9.93243	34	-0.000182452	-0.00582665	0.996917	34	0	0
23	315750	0.072	-0.0888696	-9.93957	34	2.80696e-05	-0.00589461	0.996441	34	0	0
23	315760	0.080087	-0.0916522	-9.97574	34	-0.000425475	-0.0059862	0.996555	34	0	0
23	315770	0.0784348	-0.0753913	-9.92722	34	-3.69336e-06	-0.00568113	0.996098	34	0	0
23	315780	0.0663478	-0.0723478	-9.91365	34	-6.35258e-05	-0.00595148	0.996644	34	0	0
23	315790	0.0693913	-0.076087	-9.93609	34	-9.15954e-05	-0.00587392	0.996602	34	0	0
23	315800	0.0690435	-0.0693913	-9.90956	34	-6.13098e-05	-0.00587688	0.996571	34	0	0
23	315810	0.063913	-0.0932174	-9.93409	34	-0.000204612	-0.00574835	0.996413	34	0	0
23	315820	0.0869565	-0.0894783	-9.93148	34	-0.000160292	-0.00583847	0.996499	34	0	0
23	315830	0.0731304	-0.094087	-9.93774	34	-9.60274e-05	-0.00571142	0.996553	34	0	0
23	315840	0.0595652	-0.0889565	-9.93687	34	-0.000343483	-0.00587909	0.996523	34	0	0
23	315850	0.055913	-0.0987773	-9.93826	34	-0.000182452	-0.00599359	0.996691	34	0	0
23	315860	0.0583478	-0.0886956	-9.95148	34	-0.000152167	-0.0059537	0.996674	34	0	0
23	315870	0.0746957	-0.105739	-9.91026	34	-2.95469e-06	-0.00599137	0.996734	34	0	0
23	315880	0.0650435	-0.0766957	-9.93339	34	-3.91496e-05	-0.00611621	0.996568	34	0	0
23	315890	0.078087	-0.0972174	-9.91148	34	-0.000192794	-0.00580744	0.99622	34	0	0
23	315900	0.0733043	-0.0785217	-9.95043	34	-8.05153e-05	-0.00559175	0.996178	34	0	0
23	315910	0.0706087	-0.100783	-9.94243	34.0625	-0.000217908	-0.00572323	0.996681	34.0625	0	0
23	315920	0.0625217	-0.0842609	-9.90791	34	-1.62508e-05	-0.00572914	0.996565	34	0	0
23	315930	0.0741739	-0.0882609	-9.95435	34	-0.000531844	-0.00596847	0.996556	34	0	0
23	315940	0.073913	-0.07	-9.92556	34	-0.000192055	-0.00594631	0.996873	34	0	0
23	315950	0.0571304	-0.0693913	-9.93217	34	-9.30727e-05	-0.00568852	0.996589	34	0	0
23	315960	0.0505217	-0.103913	-9.91748	34	-0.000147734	-0.00588353	0.996813	34	0	0
23	315970	0.07	-0.0872174	-9.92626	34	-0.000255581	-0.00582369	0.99637	34	0	0
23	315980	0.0670435	-0.0822609	-9.89817	34	-0.000223818	-0.00619377	0.996231	34	0	0
23	315990	0.0835652	-0.089913	-9.9227	34	-0.000199442	-0.00605268	0.99639	34	0	0
23	316000	0.0704348	-0.0827826	-9.93052	34	-0.000367859	-0.00613098	0.996516	34	0	0
23	316010	0.063913	-0.0893044	-9.90748	34	-9.82434e-05	-0.00603569	0.996434	34	0	0
23	316020	0.0611304	-0.0886087	-9.96974	34	-0.000322061	-0.00575795	0.996417	34	0	0
23	316030	0.0574783	-0.0967826	-9.94817	34	-0.00025041	-0.00602535	0.996751	34	0	0
23	316040	0.0536522	-0.0755652	-9.9387	34	-0.000301378	-0.00551936	0.996358	34	0	0
23	316050	0.0808696	-0.08	-9.92252	34	8.1254e-06	-0.00587097	0.996618	34	0	0
23	316060	0.068	-0.08	-9.94226	34	-0.000121881	-0.00583921	0.996584	34	0	0
23	316070	0.0542609	-0.0856522	-9.9687	34	-0.000242285	-0.00548317	0.996683	34	0	0
23	316080	0.0685217	-0.0844348	-9.94704	34	-0.000132222	-0.00606819	0.99672	34	0	0
23	316090	0.0735652	-0.0755652	-9.90617	34	-3.98883e-05	-0.00578011	0.996672	34	0	0
23	316100	0.078087	-0.0849565	-9.92791	34	-0.000221602	-0.00576977	0.996359	34	0	0
23	316110	0.079913	-0.087913	-9.90896	34	2.43762e-05	-0.00597512	0.996652	34	0	0
23	316120	0.0714783	-0.086	-9.9173	34	-0.000245239	-0.00576165	0.996411	34	0	0
23	316130	0.0590435	-0.0647826	-9.94096	34	-0.000184668	-0.00604382	0.996575	34	0	0
23	316140	0.0717391	-0.0728696	-9.9253	34	-0.000128529	-0.0061753	0.99706	34	0	0
23	316150	0.0665217	-0.0810435	-9.96583	34	-0.000186145	-0.00608592	0.996494	34	0	0
23	316160	0.0853913	-0.0602609	-9.92087	34	-9.52887e-05	-0.00571289	0.996435	34	0	0
23	316170	0.063913	-0.0835652	-9.95174	34	-1.47734e-05	-0.00585176	0.996344	34	0	0
23	316180	0.0823478	-0.0701739	-9.95748	34.0625	-0.000129268	-0.0061982	0.996716	34.0625	0	0
23	316190	0.0733043	-0.0743478	-9.93104	34	-0.000217908	-0.00604973	0.996741	34	0	0
23	316200	0.0547826	-0.0789565	-9.90878	34	2.65922e-05	-0.00625656	0.996501	34	0	0
23	316210	0.0550435	-0.0722609	-9.95574	34	-8.05153e-05	-0.00599876	0.996109	34	0	0
23	316220	0.0743478	-0.0705217	-9.90983	34	-0.000161031	-0.0059441	0.99646	34	0	0
23	316230	0.0895652	-0.0587826	-9.97026	34	-0.000209783	-0.00604973	0.996861	34	0	0
23	316240	0.0824348	-0.0751304	-9.92522	34	-0.00019501	-0.00580449	0.996354	34	0	0
23	316250	0.0727826	-0.0794783	-9.94278	34	-1.55121e-05	-0.00606967	0.996728	34	0	0
23	316260	0.0927826	-0.0775652	-9.91844	34	-1.69895e-05	-0.00555925	0.996737	34	0	0
23	316270	0.0688696	-0.111913	-9.90557	34	-0.000178759	-0.00568261	0.996177	34	0	0
23	316280	0.068	-0.101478	-9.93835	34	-0.000220863	-0.00598325	0.996692	34	0	0
23	316290	0.0650435	-0.0931304	-9.91409	34	-4.7275e-05	-0.00622553	0.996723	34	0	0
23	316300	0.0714783	-0.08	-9.89861	34	-0.000112278	-0.00615905	0.996506	34	0	0
23	316310	0.0866956	-0.0814783	-9.958	34	-6.20485e-05	-0.00603126	0.996397	34	0	0
23	316320	0.0821739	-0.077913	-9.88774	34	-7.01739e-05	-0.00560357	0.996551	34	0	0
23	316330	0.0702609	-0.108435	-9.92913	34	-0.000163985	-0.00607336	0.996612	34	0	0
23	316340	0.061913	-0.0904348	-9.94496	34	-1.25574e-05	-0.00557181	0.996613	34	0	0
23	316350	0.072	-0.0750435	-9.92974	34	-0.000271831	-0.00584216	0.996401	34	0	0
23	316360	0.0595652	-0.0928696	-9.90043	34	-0.000316891	-0.00587392	0.996596	34	0	0
23	316370	0.076	-0.074087	-9.92678	34	2.95469e-06	-0.00599876	0.996904	34	0	0
23	316380	0.0728696	-0.0662609	-9.95478	34	0.000113017	-0.0061982	0.996561	34	0	0
23	316390	0.0810435	-0.0755652	-9.94557	34	-0.000260013	-0.00595001	0.996491	34	0	0
23	316400	0.0798261	-0.0953043	-9.90557	34	-0.000304333	-0.00571068	0.996838	34	0	0
23	316410	0.0784348	-0.0753043	-9.94409	34	-2.80696e-05	-0.00593228	0.996711	34	0	0
23	316420	0.0631304	-0.0806087	-9.98974	34	-0.000336835	-0.00593597	0.996471	34	0	0
23	316430	0.0833913	-0.0557391	-9.92052	34	2.21602e-06	-0.00592711	0.9962	34	0	0
23	316440	0.0633043	-0.0802609	-9.93287	34	-3.54563e-05	-0.00622923	0.996728	34	0	0
23	316450	0.0575652	-0.0806956	-9.92487	34	-0.000149212	-0.00606672	0.996356	34	0	0
23	316460	0.0795652	-0.0863478	-9.94861	34	-0.000130006	-0.00597291	0.996621	34	0	0
23	316470	0.07	-0.0797391	-9.94304	34	-0.000282912	-0.00571806	0.996115	34	0	0
23	316480	0.0752174	-0.0654783	-9.89165	34	-0.000178759	-0.0059995	0.996574	34	0	0
23	316490	0.0649565	-0.0729565	-9.92356	34	-0.000209044	-0.00633855	0.996471	34	0	0
23	316500	0.0622609	-0.0975652	-9.94296	34	-0.000280696	-0.00562573	0.996773	34	0	0
23	316510	0.0709565	-0.10313	-9.9493	34	-6.42645e-05	-0.00566414	0.996362	34	0	0
23	316520	0.0747826	-0.0888696	-9.93713	34	-0.000265922	-0.00601132	0.996474	34	0	0
23	316530	0.0691304	-0.102957	-9.94009	34.0625	-0.000355301	-0.00609183	0.996791	34.0625	0	0
23	316540	0.0574783	-0.0817391	-9.98496	34	-9.38114e-05	-0.0060741	0.996622	34	0	0
23	316550	0.0653913	-0.0592174	-9.96339	34	-0.000126313	-0.0056959	0.996324	34	0	0
23	316560	0.062087	-0.091913	-9.9533	34	-2.14215e-05	-0.00612729	0.99646	34	0	0
23	316570	0.0786087	-0.0707826	-9.92591	34	-3.8411e-05	-0.0061332	0.996507	34	0	0
23	316580	0.0612174	-0.0904348	-9.90504	34	-7.38672e-06	-0.00610956	0.99638	34	0	0
23	316590	0.0636522	-0.0730435	-9.95017	34	-0.000207567	-0.00594262	0.996494	34	0	0
23	316600	0.0858261	-0.0926957	-9.91096	34	-9.08567e-05	-0.0057417	0.996222	34	0	0
23	316610	0.0744348	-0.08	-9.92878	34.0625	-0.000277741	-0.00601501	0.99627	34.0625	0	0
23	316620	0.0691304	-0.0962609	-9.92478	34.0625	-1.10801e-05	-0.00592268	0.996505	34.0625	0	0
23	316630	0.0724348	-0.0941739	-9.94574	34.0625	-3.76723e-05	-0.00604308	0.996791	34.0625	0	0
23	316640	0.0630435	-0.0851304	-9.95617	34	-0.000277741	-0.0065993	0.996409	34	0	0
23	316650	0.0505217	-0.0778261	-9.96913	34	-7.97766e-05	-0.00624548	0.99657	34	0	0
23	316660	0.0677391	-0.10687	-9.9293	34	9.60274e-06	-0.00572619	0.996695	34	0	0
23	316670	0.0630435	-0.072	-9.91496	34	-0.000152167	-0.00598546	0.996813	34	0	0
23	316680	0.0765217	-0.0946957	-9.92678	34	-0.000123358	-0.00590347	0.996316	34	0	0
23	316690	0.0722609	-0.088087	-9.98043	34	-0.000186884	-0.00568113	0.99624	34	0	0
23	316700	0.074087	-0.085913	-9.90922	34	-1.99442e-05	-0.00649145	0.996704	34	0	0
23	316710	0.0717391	-0.0673044	-9.93122	34	-7.75606e-05	-0.00563681	0.996559	34	0	0
23	316720	0.0734783	-0.094	-9.928	34	-1.10801e-05	-0.0057513	0.996469	34	0	0
23	316730	0.0718261	-0.0648696	-9.95504	34	-7.23899e-05	-0.0058887	0.996602	34	0	0
23	316740	0.0745217	-0.0997391	-9.94643	34	-7.46059e-05	-0.00561908	0.996495	34	0	0
23	316750	0.0613913	-0.0787826	-9.97904	34	-5.31844e-05	-0.00644344	0.996426	34	0	0
23	316760	0.0646956	-0.0884348	-9.95443	34	-0.00030064	-0.00589535	0.996514	34	0	0
23	316770	0.0570435	-0.0838261	-10.0019	34	-7.16512e-05	-0.00594336	0.996368	34	0	0
23	316780	0.070087	-0.0768696	-9.91461	34	-8.19926e-05	-0.00600762	0.996432	34	0	0
23	316790	0.0555652	-0.0968696	-9.93722	34	4.43203e-05	-0.00653725	0.996701	34	0	0
23	316800	0.0773043	-0.0931304	-9.89965	34	-1.18188e-05	-0.00581926	0.996475	34	0	0
23	316810	0.079913	-0.0746087	-9.92939	34	-0.000207567	-0.00630974	0.996786	34	0	0
23	316820	0.0609565	-0.0834783	-9.91896	34	-0.000158815	-0.00613098	0.996029	34	0	0
23	316830	0.0729565	-0.0955652	-9.90078	34	-9.67661e-05	-0.00592637	0.996914	34	0	0
23	316840	0.072	-0.0873913	-9.95443	34	-0.00017802	-0.00589682	0.996622	34	0	0
23	316850	0.0758261	-0.0746087	-9.94174	34	-0.000118926	-0.00601206	0.996544	34	0	0
23	316860	0.0376522	-0.092	-9.93435	34	-2.58535e-05	-0.00575574	0.996474	34	0	0
23	316870	0.0657391	-0.0672174	-9.93861	34	-3.47176e-05	-0.00598842	0.996666	34	0	0
23	316880	0.0611304	-0.0846957	-9.91817	34	-1.69895e-05	-0.00580744	0.996306	34	0	0
23	316890	0.0568696	-0.0844348	-9.93783	34	-0.000165463	-0.00617161	0.996487	34	0	0
23	316900	0.0743478	-0.0798261	-9.91583	34	-0.000209783	-0.00586875	0.9964	34	0	0
23	316910	0.0644348	-0.075913	-9.96757	34	-3.6195e-05	-0.00578307	0.996528	34	0	0
23	316920	0.0628696	-0.0867826	-9.92704	34	-0.000169895	-0.00617456	0.996779	34	0	0
23	316930	0.0655652	-0.0588696	-9.946	34	-4.21043e-05	-0.0062669	0.996854	34	0	0
23	316940	0.055913	-0.0832174	-9.93504	34	-0.000197964	-0.00545953	0.996251	34	0	0
23	316950	0.0571304	-0.0778261	-9.95183	34	-0.000177281	-0.00574835	0.996177	34	0	0
23	316960	0.0553043	-0.0764348	-9.94513	34	-0.000114494	-0.00614945	0.996427	34	0	0
23	316970	0.0645217	-0.0766957	-9.93922	34	-6.57418e-05	-0.00602831	0.996448	34	0	0
23	316980	0.0524348	-0.0866087	-9.94948	34.0625	2.28988e-05	-0.00615388	0.996598	34.0625	0	0
23	316990	0.0549565	-0.0777391	-9.94991	34	-6.27872e-05	-0.00575869	0.996212	34	0	0
23	317000	0.0531304	-0.0788696	-9.92496	34	1.10801e-05	-0.00639912	0.996378	34	0	0
23	317010	0.0695652	-0.0796522	-9.93843	34	2.28988e-05	-0.00623957	0.99664	34	0	0
23	317020	0.0756522	-0.0843478	-9.95565	34	-3.02856e-05	-0.00580375	0.996283	34	0	0
23	317030	0.0414783	-0.0752174	-9.94835	34	8.42087e-05	-0.00593228	0.99641	34	0	0
23	317040	0.0736522	-0.0763478	-9.918	34	-0.000257797	-0.00611769	0.996629	34	0	0
23	317050	0.0702609	-0.0769565	-9.95826	34	5.98325e-05	-0.00594853	0.996459	34	0	0
23	317060	0.0729565	-0.074	-9.90165	34	-0.000107846	-0.00589165	0.996606	34	0	0
23	317070	0.0790435	-0.0726957	-9.42009	34	-0.000301378	-0.00567965	0.996517	34	0	0
23	317080	0.0644348	-0.0809565	-8.52235	34	-0.00017802	-0.0057321	0.996578	34	0	0
23	317090	0.051913	-0.0868696	-7.57391	34	-0.000177281	-0.0057646	0.996683	34	0	0
23	317100	0.059913	-0.0824348	-6.58061	34.0625	-0.000321323	-0.00569443	0.996451	34.0625	0	0
23	317110	0.0346087	-0.0708696	-5.5627	34	-0.000280696	-0.00570255	0.996715	34	0	0
23	317120	0.0223478	-0.0930435	-4.56217	34	-8.42087e-05	-0.00573653	0.996285	34	0	0
23	317130	0.0155652	-0.0811304	-3.57087	34	-0.000392974	-0.00592268	0.996655	34	0	0
23	317140	0.0269565	-0.0762609	-2.58304	34	-0.000146257	-0.00552749	0.996957	34	0	0
23	317150	0.0133043	-0.0514783	-1.58409	34	-6.94352e-05	-0.00571437	0.996801	34	0	0
23	317160	0.0288696	-0.0942609	-1.07496	34	2.21602e-05	-0.00609183	0.996773	34	0	0
23	317170	0.0136522	-0.0988696	-0.961304	34	4.57977e-05	-0.00590125	0.996627	34	0	0
23	317180	0.010087	-0.0901739	-0.927478	34	-1.84668e-05	-0.0061886	0.996773	34	0	0
23	317190	0.0193043	-0.082	-0.753652	34	-0.000119665	-0.00587171	0.996529	34	0	0
23	317200	0.00704348	-0.0750435	-0.0822609	34	-0.000140348	-0.00599063	0.99656	34	0	0
23	317210	0.0154783	-0.0728696	0.0468696	34	4.21043e-05	-0.00560357	0.996631	34	0	0
23	317220	0.0236522	-0.0696522	0.0788696	34	-1.92055e-05	-0.00578824	0.996745	34	0	0
23	317230	0.0173043	-0.0864348	0.08	34	-3.98883e-05	-0.00596552	0.996593	34	0	0
23	317240	-0.00130435	-0.0694783	0.0884348	34	0.00012262	-0.00561465	0.996378	34	0	0
23	317250	0.0173913	-0.0826087	0.0871304	34	0.000179497	-0.00592046	0.996748	34	0	0
23	317260	0.0162609	-0.0995652	0.0526087	34	0.000109324	-0.00597881	0.996419	34	0	0
23	317270	0.0127826	-0.0789565	0.0742609	34	-0.000245239	-0.00590199	0.996423	34	0	0
23	317280	0.020087	-0.0890435	0.0905217	34	-4.43203e-06	-0.00579932	0.996451	34	0	0
23	317290	0.00321739	-0.0774783	0.0755652	34	-7.01739e-05	-0.00576312	0.996676	34	0	0
23	317300	0.0256522	-0.0902609	0.0872174	34	-0.00014478	-0.00594705	0.996443	34	0	0
23	317310	0.00669565	-0.0770435	0.0706957	34	4.0627e-05	-0.00576165	0.9967	34	0	0
23	317320	0.0105217	-0.0852174	0.116609	34	0	-0.0055888	0.996439	34	0	0
23	317330	0.020087	-0.0762609	0.0920869	34	-0.000172849	-0.00540191	0.99643	34	0	0
23	317340	0.0118261	-0.0773043	0.101043	34	8.1254e-06	-0.00608371	0.996558	34	0	0
23	317350	0.00565217	-0.0715652	0.111565	34	-2.36375e-05	-0.0059345	0.996488	34	0	0
23	317360	0.0167826	-0.0856522	0.0932174	34	-0.00012779	-0.00567965	0.996428	34	0	0
23	317370	0.00826087	-0.074087	0.0515652	34	2.58535e-05	-0.00565158	0.996523	34	0	0
23	317380	0.0232174	-0.0723478	0.107565	34	-2.73309e-05	-0.00551862	0.996729	34	0	0
23	317390	0.00582609	-0.0673913	0.0625217	34	-2.28988e-05	-0.0059212	0.996629	34	0	0
23	317400	0.00652174	-0.0825217	0.102348	34	-0.000237853	-0.00555777	0.997246	34	0	0
23	317410	0.0106087	-0.0610435	0.0709565	34	-0.000161031	-0.00579119	0.996431	34	0	0
23	317420	0.00026087	-0.0682609	0.0746957	34	-7.31286e-05	-0.00564641	0.996368	34	0	0
23	317430	0.00834783	-0.085913	0.072	34	-5.68778e-05	-0.00580818	0.996574	34	0	0
23	317440	0.012087	-0.0816522	0.0889565	34	-0.000101198	-0.00599876	0.996459	34	0	0
23	317450	0.0209565	-0.0747826	0.118087	34	2.58535e-05	-0.0061524	0.996734	34	0	0
23	317460	0.000869565	-0.090087	0.0690435	34	0.000161769	-0.00602831	0.996466	34	0	0
23	317470	0.0246957	-0.084	0.0705217	34	-6.13098e-05	-0.00601353	0.996458	34	0	0
23	317480	0.0177391	-0.0715652	0.0733043	34	-1.92055e-05	-0.00589387	0.996427	34	0	0
23	317490	0.0173043	-0.0946957	0.061913	34	-3.25016e-05	-0.00582074	0.996231	34	0	0
23	317500	0.00591304	-0.0854783	0.0727826	34	-7.60833e-05	-0.00559544	0.996365	34	0	0
23	317510	0.004	-0.0992174	0.0457391	34	-7.16512e-05	-0.00582369	0.996776	34	0	0
23	317520	0.0108696	-0.0811304	0.0676522	34	9.60274e-05	-0.00592637	0.996292	34	0	0
23	317530	0.0286957	-0.0773913	0.0312174	34.0625	-0.00011671	-0.00576312	0.996774	34.0625	0	0
23	317540	0.0242609	-0.0812174	0.0890435	34.0625	5.17071e-05	-0.00580597	0.99662	34.0625	0	0
23	317550	0.016	-0.0847826	0.100609	34	3.25016e-05	-0.00600245	0.996917	34	0	0
23	317560	0.0126957	-0.0865217	0.114174	34	0	-0.00574022	0.996495	34	0	0
23	317570	0.0182609	-0.0774783	0.100522	34	-2.95469e-05	-0.00604825	0.996533	34	0	0
23	317580	-0.00278261	-0.0643478	0.083913	34	-1.32961e-05	-0.00613911	0.996863	34	0	0
23	317590	0.0254783	-0.0791304	0.0573913	34	4.43203e-05	-0.00624326	0.996921	34	0	0
23	317600	-0.0013913	-0.0664348	0.0872174	34	3.69336e-06	-0.00606376	0.996575	34	0	0
23	317610	0.0193913	-0.0813043	0.073913	34	0	-0.0059633	0.99653	34	0	0
23	317620	0.016	-0.0772174	0.0731304	34	1.10801e-05	-0.00574318	0.996434	34	0	0
23	317630	0.01	-0.0917391	0.0932174	34	-0.000123358	-0.00574909	0.996574	34	0	0
23	317640	0.0170435	-0.0871304	0.0816522	34	1.40348e-05	-0.00557845	0.996692	34	0	0
23	317650	0.00756522	-0.0617391	0.107652	34	0	-0.00595739	0.996676	34	0	0
23	317660	0.0143478	-0.072	0.104087	34	9.08567e-05	-0.00569664	0.996737	34	0	0
23	317670	0.0132174	-0.0868696	0.0866087	34	-5.90938e-06	-0.00632673	0.996785	34	0	0
23	317680	0.00765217	-0.0573913	0.0747826	34	1.25574e-05	-0.00570255	0.996596	34	0	0
23	317690	0.0232174	-0.0871304	0.0717391	34	-4.65364e-05	-0.00574909	0.996693	34	0	0
23	317700	0.0210435	-0.0934783	0.072087	34	1.18188e-05	-0.00578824	0.996607	34	0	0
23	317710	0.0086087	-0.102348	0.0765217	34	-9.45501e-05	-0.00601796	0.996559	34	0	0
23	317720	0.00243478	-0.0743478	0.0966956	34	3.91496e-05	-0.0059079	0.996748	34	0	0
23	317730	0.00730435	-0.0907826	0.11113	34	-0.000110062	-0.00592711	0.996426	34	0	0
23	317740	0.02	-0.0729565	0.0646087	34	-0.000139609	-0.00574318	0.99622	34	0	0
23	317750	0.0167826	-0.0833913	0.0876522	34	3.10242e-05	-0.00575352	0.996544	34	0	0
23	317760	0.00834783	-0.0706957	0.0696522	34	2.21602e-06	-0.00613689	0.99659	34	0	0
23	317770	0.02	-0.0806087	0.0993043	34	0	-0.005967	0.996763	34	0	0
23	317780	0.0210435	-0.0773913	0.0654783	34	2.95469e-05	-0.00556294	0.996794	34	0	0
23	317790	0.0217391	-0.0842609	0.104087	34	0.000136654	-0.00585841	0.996549	34	0	0
23	317800	0.0141739	-0.089913	0.081913	34.0625	-7.16512e-05	-0.00585324	0.996426	34.0625	0	0
23	317810	0.00834783	-0.0841739	0.0937391	34.0625	-2.58535e-05	-0.00590199	0.996628	34.0625	0	0
23	317820	0.0206087	-0.07	0.0658261	34	2.73309e-05	-0.00572397	0.996634	34	0	0
23	317830	0.00269565	-0.0496522	0.0905217	34	-5.54004e-05	-0.00562056	0.996397	34	0	0
23	317840	0.00295652	-0.0706087	0.0793043	34	-4.7275e-05	-0.00591898	0.996758	34	0	0
23	317850	0.0138261	-0.1	0.0729565	34	-0.000102675	-0.00608149	0.996338	34	0	0
23	317860	0.0229565	-0.0853913	0.0774783	34	-8.86407e-05	-0.0054514	0.996727	34	0	0
23	317870	0.0126087	-0.0829565	0.11313	34	5.24457e-05	-0.0058067	0.996435	34	0	0
23	317880	0.0164348	-0.106522	0.102783	34	3.10242e-05	-0.00602092	0.996564	34	0	0
23	317890	0.0184348	-0.093913	0.115826	34	-0.000101198	-0.00608223	0.996655	34	0	0
23	317900	0.00208696	-0.0795652	0.102174	34	7.97766e-05	-0.00578159	0.996737	34	0	0
23	317910	0.0194783	-0.0923478	0.0966956	34	0	-0.00591012	0.99647	34	0	0
23	317920	0.0216522	-0.0866087	0.095913	34	0.000292514	-0.00592785	0.996414	34	0	0
23	317930	0.0161739	-0.0693913	0.0973043	34	0	-0.00577863	0.99663	34	0	0
23	317940	0.0116522	-0.0868696	0.112609	34	0	-0.00568852	0.996297	34	0	0
23	317950	0.0232174	-0.0621739	0.0837391	34	-0.000160292	-0.00580006	0.996734	34	0	0
23	317960	0.00826087	-0.0769565	0.0863478	34	0.000110062	-0.00593376	0.996583	34	0	0
23	317970	0.012087	-0.0765217	0.0822609	34	7.53446e-05	-0.00563681	0.996662	34	0	0
23	317980	0.0156522	-0.0846957	0.0975652	34	-7.16512e-05	-0.00602609	0.996599	34	0	0
