23	601920	0.707739	-0.0813043	-119.781	34.125	-0.00477182	-0.0119997	0.996507	34.125	0	0
23	601930	0.720696	-0.0789565	-119.7	34.125	-0.00477626	-0.0119813	0.996439	34.125	0	0
23	601940	0.714	-0.0954585	-119.794	34.125	-0.00501115	-0.0120684	0.996579	34.125	0	0
23	601950	0.732261	-0.115739	-119.918	34.125	-0.00512122	-0.0117973	0.996225	34.125	0	0
23	601960	0.726174	-0.0982609	-119.807	34.125	-0.00498308	-0.0121179	0.996775	34.125	0	0
23	601970	0.725304	-0.0971304	-119.808	34.125	-0.00493212	-0.0118579	0.996675	34.125	0	0
23	601980	0.739565	-0.108348	-119.835	34.125	-0.00508281	-0.0121031	0.996287	34.125	0	0
23	601990	0.717565	-0.0750435	-119.779	34.125	-0.00502445	-0.0117545	0.996691	34.125	0	0
23	602000	0.711478	-0.0895652	-119.825	34.125	-0.00488853	-0.0119576	0.996478	34.125	0	0
23	602010	0.703826	-0.0802609	-119.794	34.125	-0.00500894	-0.0120655	0.996543	34.125	0	0
23	602020	0.701304	-0.0974783	-119.819	34.125	-0.0048841	-0.0121534	0.996502	34.125	0	0
23	602030	0.73113	-0.0773913	-119.858	34.125	-0.00504439	-0.0120788	0.996528	34.125	0	0
23	602040	0.736957	-0.0871304	-119.907	34.125	-0.0049624	-0.0118409	0.996734	34.125	0	0
23	602050	0.707391	-0.0950435	-119.794	34.125	-0.00497939	-0.0116518	0.996702	34.125	0	0
23	602060	0.731043	-0.0874783	-119.768	34.125	-0.00502667	-0.0119303	0.996493	34.125	0	0
23	602070	0.72913	-0.106	-119.819	34.125	-0.00488706	-0.0116681	0.996428	34.125	0	0
23	602080	0.722609	-0.0941739	-119.842	34.125	-0.00463517	-0.0120241	0.99636	34.125	0	0
23	602090	0.721478	-0.107304	-119.821	34.125	-0.00493729	-0.0120271	0.996574	34.125	0	0
23	602100	0.714609	-0.102609	-119.851	34.125	-0.00515372	-0.0117863	0.996687	34.125	0	0
23	602110	0.709739	-0.0816522	-119.804	34.125	-0.00508281	-0.0121785	0.996421	34.125	0	0
23	602120	0.717304	-0.0862609	-119.785	34.125	-0.00504292	-0.0124946	0.996619	34.125	0	0
23	602130	0.716609	-0.0871304	-119.843	34.125	-0.00526969	-0.0121312	0.996851	34.125	0	0
23	602140	0.718348	-0.0967826	-119.857	34.125	-0.00512195	-0.0124119	0.996539	34.125	0	0
23	602150	0.71713	-0.0996522	-119.795	34.125	-0.00475927	-0.012061	0.996822	34.125	0	0
23	602160	0.733043	-0.0876522	-119.786	34.125	-0.00509832	-0.0123787	0.996441	34.125	0	0
23	602170	0.72113	-0.0913913	-119.858	34.125	-0.00520247	-0.0121209	0.996754	34.125	0	0
23	602180	0.702	-0.103565	-119.859	34.125	-0.00511014	-0.0119754	0.996397	34.125	0	0
23	602190	0.699304	-0.103565	-119.766	34.125	-0.00513747	-0.0121563	0.996596	34.125	0	0
23	602200	0.736522	-0.0774783	-119.817	34.125	-0.00484791	-0.0124385	0.996554	34.125	0	0
23	602210	0.712	-0.0706957	-119.791	34.125	-0.00481836	-0.012061	0.99676	34.125	0	0
23	602220	0.715304	-0.0866956	-119.793	34.125	-0.00481467	-0.0123159	0.996346	34.125	0	0
23	602230	0.724609	-0.100087	-119.804	34.125	-0.00493285	-0.0125663	0.996768	34.125	0	0
23	602240	0.721826	-0.083913	-119.815	34.125	-0.00472824	-0.0121519	0.996427	34.125	0	0
23	602250	0.715913	-0.0688696	-119.817	34.125	-0.00501928	-0.0120492	0.996466	34.125	0	0
23	602260	0.71313	-0.0823478	-119.787	34.125	-0.00525565	-0.0118276	0.996485	34.125	0	0
23	602270	0.730435	-0.0795652	-119.847	34.125	-0.0050082	-0.0120566	0.996648	34.125	0	0
23	602280	0.707565	-0.0876522	-119.804	34.125	-0.0049661	-0.0122309	0.99674	34.125	0	0
23	602290	0.72	-0.0630435	-119.837	34.125	-0.00484421	-0.0119909	0.996719	34.125	0	0
23	602300	0.716783	-0.0773913	-119.871	34.125	-0.00519065	-0.0120441	0.996678	34.125	0	0
23	602310	0.721217	-0.094	-119.78	34.125	-0.00492399	-0.012177	0.996462	34.125	0	0
23	602320	0.717391	-0.0926957	-119.773	34.125	-0.00482722	-0.0123521	0.996447	34.125	0	0
23	602330	0.709044	-0.108087	-119.804	34.125	-0.00500894	-0.0119406	0.996623	34.125	0	0
23	602340	0.707913	-0.107565	-119.811	34.125	-0.00491587	-0.01229	0.996432	34.125	0	0
23	602350	0.700261	-0.0806956	-119.835	34.125	-0.00495797	-0.012112	0.996731	34.125	0	0
23	602360	0.721478	-0.107304	-119.796	34.125	-0.00489814	-0.0120625	0.996372	34.125	0	0
23	602370	0.709826	-0.105478	-119.925	34.125	-0.00489223	-0.0117803	0.996634	34.125	0	0
23	602380	0.738957	-0.0895652	-119.842	34.125	-0.0050082	-0.0120559	0.996423	34.125	0	0
23	602390	0.735478	-0.0990435	-119.781	34.1875	-0.00514707	-0.0119067	0.996378	34.1875	0	0
23	602400	0.720435	-0.095913	-119.781	34.125	-0.00486194	-0.0120965	0.996975	34.125	0	0
23	602410	0.720957	-0.0973043	-119.834	34.1875	-0.00500968	-0.0123683	0.99682	34.1875	0	0
23	602420	0.720522	-0.0886956	-119.77	34.1875	-0.00517662	-0.0117959	0.996523	34.1875	0	0
23	602430	0.731652	-0.0821739	-119.801	34.1875	-0.00474375	-0.0119288	0.996508	34.1875	0	0
23	602440	0.714435	-0.107217	-119.834	34.1875	-0.00509906	-0.0116208	0.996617	34.1875	0	0
23	602450	0.721565	-0.102174	-119.82	34.125	-0.00504366	-0.0120042	0.996783	34.125	0	0
23	602460	0.735391	-0.094087	-119.773	34.125	-0.00496388	-0.0120537	0.996216	34.125	0	0
23	602470	0.723913	-0.0806087	-119.801	34.125	-0.00494763	-0.0124378	0.996731	34.125	0	0
23	602480	0.724609	-0.0881739	-119.728	34.125	-0.00494246	-0.0118047	0.996305	34.125	0	0
23	602490	0.721652	-0.0822609	-119.837	34.125	-0.00520321	-0.0120913	0.996503	34.125	0	0
23	602500	0.730261	-0.0714783	-119.791	34.125	-0.00504809	-0.0121778	0.997032	34.125	0	0
23	602510	0.725304	-0.0833913	-119.834	34.125	-0.0048324	-0.0120367	0.9965	34.125	0	0
23	602520	0.71913	-0.0945217	-119.866	34.125	-0.00498604	-0.0118195	0.996297	34.125	0	0
23	602530	0.72	-0.0907826	-119.786	34.125	-0.00476222	-0.0120189	0.996835	34.125	0	0
23	602540	0.71887	-0.0953913	-119.791	34.1875	-0.00503184	-0.012112	0.996905	34.1875	0	0
23	602550	0.721739	-0.0906087	-119.812	34.125	-0.00474671	-0.0119148	0.996855	34.125	0	0
23	602560	0.732522	-0.0783478	-119.816	34.125	-0.00488041	-0.0122088	0.996908	34.125	0	0
23	602570	0.704348	-0.0888696	-119.791	34.125	-0.00515372	-0.0120485	0.996537	34.125	0	0
23	602580	0.716522	-0.100609	-119.828	34.125	-0.00488336	-0.0118365	0.996545	34.125	0	0
23	602590	0.721826	-0.100696	-119.764	34.125	-0.00485751	-0.012016	0.996496	34.125	0	0
23	602600	0.727913	-0.0878261	-119.801	34.125	-0.00485751	-0.0120566	0.996378	34.125	0	0
23	602610	0.70687	-0.0946957	-119.851	34.125	-0.00484421	-0.0119687	0.996707	34.125	0	0
23	602620	0.734087	-0.0851304	-119.986	34.125	-0.00493285	-0.0121726	0.996116	34.125	0	0
23	602630	0.710956	-0.110435	-119.802	34.125	-0.00503627	-0.012081	0.996607	34.125	0	0
23	602640	0.722957	-0.0978261	-119.846	34.125	-0.0046721	-0.0118638	0.996767	34.125	0	0
23	602650	0.719478	-0.0828696	-119.859	34.125	-0.00505547	-0.0122479	0.996222	34.125	0	0
23	602660	0.697043	-0.0923478	-119.821	34.125	-0.00500968	-0.0117464	0.996518	34.125	0	0
23	602670	0.707043	-0.122261	-120.011	34.125	-0.00503405	-0.0115669	0.996193	34.125	0	0
23	602680	0.714783	-0.0927826	-119.765	34.1875	-0.0050732	-0.0119273	0.996254	34.1875	0	0
23	602690	0.727565	-0.105826	-119.801	34.125	-0.00479768	-0.0119443	0.996714	34.125	0	0
23	602700	0.719826	-0.0938261	-119.865	34.125	-0.00488189	-0.0120477	0.99681	34.125	0	0
23	602710	0.714	-0.0986087	-119.774	34.125	-0.00494246	-0.0121696	0.996714	34.125	0	0
23	602720	0.71913	-0.106348	-119.808	34.125	-0.00463665	-0.0121046	0.996824	34.125	0	0
23	602730	0.73313	-0.0967826	-119.826	34.125	-0.00506803	-0.0119894	0.99677	34.125	0	0
23	602740	0.707826	-0.09	-119.865	34.125	-0.00507837	-0.0122435	0.99692	34.125	0	0
23	602750	0.705304	-0.0981739	-119.865	34.125	-0.00514116	-0.0120729	0.99678	34.125	0	0
23	602760	0.72313	-0.0708696	-119.779	34.125	-0.00505843	-0.0120064	0.99694	34.125	0	0
23	602770	0.728	-0.0818261	-119.843	34.125	-0.00497939	-0.0121682	0.996755	34.125	0	0
23	602780	0.71	-0.1	-119.79	34.125	-0.00505252	-0.0119126	0.996642	34.125	0	0
23	602790	0.722522	-0.105304	-119.817	34.125	-0.00511752	-0.0121386	0.996734	34.125	0	0
23	602800	0.726348	-0.110696	-119.838	34.125	-0.00505474	-0.0119658	0.996592	34.125	0	0
23	602810	0.717043	-0.0924348	-119.89	34.125	-0.00517071	-0.0123151	0.996416	34.125	0	0
23	602820	0.732609	-0.0984348	-119.768	34.125	-0.00499416	-0.0123063	0.996406	34.125	0	0
23	602830	0.721652	-0.103043	-119.872	34.125	-0.00482132	-0.0121231	0.996796	34.125	0	0
23	602840	0.708609	-0.120087	-119.864	34.125	-0.00521503	-0.0120345	0.996748	34.125	0	0
23	602850	0.724174	-0.107043	-119.761	34.125	-0.00500968	-0.0125131	0.996496	34.125	0	0
23	602860	0.702348	-0.11	-119.804	34.125	-0.00486194	-0.0120529	0.996675	34.125	0	0
23	602870	0.695652	-0.088	-119.844	34.125	-0.00467358	-0.011914	0.996387	34.125	0	0
23	602880	0.705652	-0.101565	-119.805	34.125	-0.00493655	-0.0122361	0.996389	34.125	0	0
23	602890	0.704	-0.0928696	-119.794	34.125	-0.00475705	-0.0120064	0.99657	34.125	0	0
23	602900	0.702522	-0.0825217	-119.815	34.125	-0.00454875	-0.011999	0.996369	34.125	0	0
23	602910	0.72	-0.116783	-119.802	34.125	-0.00463665	-0.011985	0.996208	34.125	0	0
23	602920	0.714522	-0.0951304	-119.837	34.125	-0.00473785	-0.011917	0.996446	34.125	0	0
23	602930	0.711478	-0.0840869	-119.826	34.125	-0.00507173	-0.0117131	0.99668	34.125	0	0
23	602940	0.727913	-0.0802609	-119.776	34.125	-0.00474302	-0.0118764	0.996802	34.125	0	0
23	602950	0.709565	-0.0930435	-119.782	34.125	-0.00506582	-0.0119635	0.996576	34.125	0	0
23	602960	0.715652	-0.103652	-119.822	34.125	-0.00520986	-0.0121054	0.996796	34.125	0	0
23	602970	0.727913	-0.0905217	-119.762	34.125	-0.0048058	-0.0120086	0.996504	34.125	0	0
23	602980	0.703304	-0.114783	-119.888	34.125	-0.00499343	-0.0118409	0.996658	34.125	0	0
23	602990	0.718348	-0.118609	-119.821	34.125	-0.00489149	-0.0121128	0.99627	34.125	0	0
23	603000	0.706957	-0.0873043	-119.791	34.125	-0.00495575	-0.0117634	0.996361	34.125	0	0
23	603010	0.735304	-0.0684348	-119.834	34.125	-0.00478808	-0.0122154	0.996584	34.125	0	0
23	603020	0.729652	-0.100783	-119.78	34.125	-0.00493285	-0.0118047	0.996521	34.125	0	0
23	603030	0.72313	-0.0953043	-119.813	34.125	-0.00488336	-0.0115735	0.996589	34.125	0	0
23	603040	0.731739	-0.0829565	-119.874	34.125	-0.00502297	-0.0118498	0.996682	34.125	0	0
23	603050	0.723043	-0.0767826	-119.924	34.125	-0.00497053	-0.0118779	0.996865	34.125	0	0
23	603060	0.732783	-0.0870435	-119.736	34.125	-0.00490109	-0.0124001	0.996744	34.125	0	0
23	603070	0.70313	-0.0910435	-119.832	34.125	-0.00492621	-0.0119414	0.996277	34.125	0	0
23	603080	0.720522	-0.107478	-119.894	34.125	-0.0049949	-0.0122826	0.996753	34.125	0	0
23	603090	0.717304	-0.0813043	-119.855	34.125	-0.00502593	-0.0117936	0.996544	34.125	0	0
23	603100	0.717826	-0.0854783	-119.832	34.125	-0.00495354	-0.0122812	0.996824	34.125	0	0
23	603110	0.717739	-0.0951304	-119.838	34.125	-0.00500894	-0.0120913	0.996472	34.125	0	0
23	603120	0.704783	-0.0775652	-119.851	34.125	-0.00467063	-0.0121253	0.996294	34.125	0	0
23	603130	0.723826	-0.081913	-119.946	34.125	-0.00519804	-0.0121305	0.996782	34.125	0	0
23	603140	0.716348	-0.0823478	-119.946	34.125	-0.00490109	-0.0120012	0.996506	34.125	0	0
23	603150	0.703304	-0.10687	-119.812	34.125	-0.00484126	-0.0121822	0.996642	34.125	0	0
23	603160	0.70687	-0.094087	-119.811	34.125	-0.00465216	-0.012276	0.996414	34.125	0	0
23	603170	0.726174	-0.10113	-119.825	34.125	-0.00476739	-0.0120012	0.996468	34.125	0	0
23	603180	0.703478	-0.0941739	-119.814	34.125	-0.00467432	-0.0121689	0.996519	34.125	0	0
23	603190	0.720348	-0.0968696	-119.816	34.125	-0.00476001	-0.012095	0.996603	34.125	0	0
23	603200	0.71687	-0.112957	-119.769	34.125	-0.00465068	-0.0118734	0.996751	34.125	0	0
23	603210	0.702956	-0.0874783	-119.839	34.125	-0.00487081	-0.0119835	0.996324	34.125	0	0
23	603220	0.721739	-0.102522	-119.82	34.125	-0.00489149	-0.0120101	0.996424	34.125	0	0
23	603230	0.714869	-0.0873043	-119.916	34.125	-0.00497053	-0.0118557	0.996388	34.125	0	0
23	603240	0.714783	-0.0906087	-119.911	34.125	-0.00500672	-0.0121519	0.996896	34.125	0	0
23	603250	0.722261	-0.111739	-119.81	34.125	-0.00474893	-0.0121408	0.996695	34.125	0	0
23	603260	0.714174	-0.0823478	-119.827	34.125	-0.00493729	-0.0119754	0.996644	34.125	0	0
23	603270	0.726087	-0.0868696	-119.868	34.125	-0.00485308	-0.0116688	0.996329	34.125	0	0
23	603280	0.714609	-0.0954783	-119.828	34.125	-0.00482722	-0.0115543	0.996678	34.125	0	0
23	603290	0.72513	-0.0728696	-119.867	34.125	-0.00492325	-0.0118417	0.996377	34.125	0	0
23	603300	0.730956	-0.102435	-119.847	34.125	-0.00513008	-0.0121334	0.996424	34.125	0	0
23	603310	0.718957	-0.096087	-119.787	34.125	-0.00491365	-0.0120248	0.996798	34.125	0	0
23	603320	0.727478	-0.106609	-119.849	34.125	-0.00489297	-0.0118513	0.996559	34.125	0	0
23	603330	0.724783	-0.102609	-119.774	34.125	-0.00508207	-0.0120197	0.996262	34.125	0	0
23	603340	0.723391	-0.0956522	-119.765	34.125	-0.00495501	-0.012064	0.996385	34.125	0	0
23	603350	0.723913	-0.0944348	-119.772	34.125	-0.00487819	-0.0121837	0.996316	34.125	0	0
23	603360	0.705826	-0.0681739	-119.806	34.125	-0.00507763	-0.011999	0.996239	34.125	0	0
23	603370	0.709913	-0.0926957	-119.914	34.125	-0.00501928	-0.0122612	0.996532	34.125	0	0
23	603380	0.709652	-0.106522	-119.868	34.125	-0.00511531	-0.0120921	0.996573	34.125	0	0
23	603390	0.72	-0.0930435	-119.866	34.125	-0.00497053	-0.0118727	0.996906	34.125	0	0
23	603400	0.734	-0.0868696	-119.826	34.125	-0.00487376	-0.0116814	0.996782	34.125	0	0
23	603410	0.714	-0.088	-119.808	34.125	-0.00511309	-0.0118985	0.99666	34.125	0	0
23	603420	0.720174	-0.0762609	-119.803	34.125	-0.00485234	-0.0121652	0.99655	34.125	0	0
23	603430	0.708696	-0.0895652	-119.824	34.125	-0.0050082	-0.0123587	0.996677	34.125	0	0
23	603440	0.700696	-0.087913	-119.877	34.125	-0.00493655	-0.0118956	0.996656	34.125	0	0
23	603450	0.707652	-0.094	-119.76	34.125	-0.00482427	-0.0121416	0.996472	34.125	0	0
23	603460	0.722348	-0.106609	-119.862	34.125	-0.00488927	-0.0121327	0.99687	34.125	0	0
23	603470	0.716174	-0.0936522	-119.777	34.125	-0.00455761	-0.0121135	0.996642	34.125	0	0
23	603480	0.714174	-0.106522	-119.745	34.125	-0.00507394	-0.011736	0.996322	34.125	0	0
23	603490	0.702174	-0.083913	-119.786	34.125	-0.00476739	-0.0120854	0.996378	34.125	0	0
23	603500	0.712435	-0.102	-119.807	34.125	-0.00483978	-0.0124149	0.996596	34.125	0	0
23	603510	0.716087	-0.100348	-119.833	34.125	-0.0051094	-0.0117597	0.996787	34.125	0	0
23	603520	0.712	-0.116522	-119.808	34.125	-0.00503184	-0.012245	0.996602	34.125	0	0
23	603530	0.709391	-0.103217	-119.797	34.125	-0.00509167	-0.0121541	0.996362	34.125	0	0
23	603540	0.721043	-0.0947826	-119.794	34.125	-0.00487672	-0.0121489	0.996607	34.125	0	0
23	603550	0.725565	-0.10313	-119.82	34.125	-0.00473711	-0.0119857	0.996507	34.125	0	0
23	603560	0.72287	-0.111217	-119.84	34.125	-0.00508576	-0.0117131	0.996501	34.125	0	0
23	603570	0.737043	-0.0934783	-119.805	34.125	-0.00513451	-0.0122272	0.9962	34.125	0	0
23	603580	0.710522	-0.0982609	-119.863	34.125	-0.00466102	-0.0122162	0.996717	34.125	0	0
23	603590	0.718174	-0.100435	-119.783	34.125	-0.00495132	-0.0122996	0.99669	34.125	0	0
23	603600	0.714957	-0.108261	-119.771	34.125	-0.00509906	-0.0117375	0.996632	34.125	0	0
23	603610	0.730956	-0.10113	-119.83	34.125	-0.00511974	-0.0120463	0.996284	34.125	0	0
23	603620	0.714696	-0.0912174	-119.85	34.125	-0.0048516	-0.0123779	0.996366	34.125	0	0
23	603630	0.711391	-0.0962609	-119.807	34.125	-0.00521429	-0.0118402	0.996478	34.125	0	0
23	603640	0.715565	-0.0870435	-119.835	34.125	-0.0048745	-0.0120551	0.99682	34.125	0	0
23	603650	0.720696	-0.103826	-119.832	34.125	-0.00503258	-0.0119628	0.997066	34.125	0	0
23	603660	0.716696	-0.0901739	-119.808	34.125	-0.00499121	-0.0119643	0.996571	34.125	0	0
23	603670	0.709391	-0.090087	-119.817	34.125	-0.0051744	-0.0120662	0.996549	34.125	0	0
23	603680	0.700609	-0.0876522	-119.877	34.125	-0.00513673	-0.012324	0.996043	34.125	0	0
23	603690	0.71687	-0.0996522	-119.779	34.125	-0.00474154	-0.0121253	0.996526	34.125	0	0
23	603700	0.713043	-0.0781739	-119.783	34.125	-0.00466841	-0.0121194	0.996587	34.125	0	0
23	603710	0.717565	-0.0917391	-119.851	34.125	-0.00500377	-0.0118823	0.99651	34.125	0	0
23	603720	0.710522	-0.0993043	-119.829	34.125	-0.00473267	-0.0117301	0.997039	34.125	0	0
23	603730	0.717652	-0.0894783	-119.772	34.125	-0.00497348	-0.012228	0.996379	34.125	0	0
23	603740	0.717826	-0.080087	-119.789	34.125	-0.00515815	-0.0120012	0.996384	34.125	0	0
23	603750	0.71913	-0.0965217	-119.909	34.125	-0.00465733	-0.0121925	0.99667	34.125	0	0
23	603760	0.725478	-0.0914783	-119.799	34.125	-0.00470904	-0.0122501	0.996554	34.125	0	0
23	603770	0.698956	-0.0835652	-119.814	34.125	-0.00510053	-0.012002	0.996369	34.125	0	0
23	603780	0.721913	-0.0991304	-119.837	34.125	-0.00500303	-0.0121851	0.996552	34.125	0	0
23	603790	0.713043	-0.0977391	-119.797	34.125	-0.00510201	-0.0125331	0.996736	34.125	0	0
23	603800	0.717391	-0.0816522	-119.819	34.125	-0.00480359	-0.0120455	0.99674	34.125	0	0
23	603810	0.725478	-0.0925217	-119.933	34.125	-0.00502519	-0.0122982	0.996513	34.125	0	0
23	603820	0.725304	-0.105652	-119.814	34.125	-0.00482132	-0.0117131	0.996631	34.125	0	0
23	603830	0.699739	-0.0902609	-119.784	34.125	-0.00492695	-0.0117744	0.996837	34.125	0	0
23	603840	0.699826	-0.1	-119.79	34.125	-0.00498604	-0.0116415	0.996615	34.125	0	0
23	603850	0.728522	-0.105739	-119.873	34.0625	-0.00460341	-0.0124621	0.996679	34.0625	0	0
23	603860	0.715304	-0.111478	-119.783	34.0625	-0.00455835	-0.012245	0.996194	34.0625	0	0
23	603870	0.717565	-0.0735652	-119.813	34.125	-0.00490848	-0.0119562	0.996634	34.125	0	0
23	603880	0.703826	-0.0945217	-119.851	34.0625	-0.00500377	-0.0119702	0.996398	34.0625	0	0
23	603890	0.720696	-0.096087	-119.803	34.125	-0.00508207	-0.0119938	0.996939	34.125	0	0
23	603900	0.720609	-0.095913	-119.766	34.125	-0.00489888	-0.0119355	0.996709	34.125	0	0
23	603910	0.722348	-0.0828696	-119.79	34.125	-0.00513894	-0.0119621	0.996307	34.125	0	0
23	603920	0.72913	-0.0846957	-119.776	34.0625	-0.00489814	-0.011849	0.996382	34.0625	0	0
23	603930	0.715913	-0.0884348	-119.803	34.125	-0.00499564	-0.0118919	0.996367	34.125	0	0
23	603940	0.737304	-0.098	-119.799	34.125	-0.00503775	-0.0120891	0.996308	34.125	0	0
23	603950	0.707478	-0.0965217	-119.837	34.125	-0.00509315	-0.0120743	0.996449	34.125	0	0
23	603960	0.707304	-0.108087	-119.849	34.125	-0.00502814	-0.0120906	0.996484	34.125	0	0
23	603970	0.72	-0.0911304	-119.827	34.125	-0.00514412	-0.0115728	0.996417	34.125	0	0
23	603980	0.719913	-0.0928696	-119.787	34.125	-0.00513451	-0.0121386	0.996297	34.125	0	0
23	603990	0.718087	-0.0937391	-119.833	34.125	-0.00493803	-0.0121489	0.996751	34.125	0	0
23	604000	0.719565	-0.090087	-119.947	34.125	-0.0049853	-0.0118446	0.996728	34.125	0	0
23	604010	0.735391	-0.0726957	-119.815	34.125	-0.0047504	-0.0120706	0.996582	34.125	0	0
23	604020	0.738522	-0.093913	-119.767	34.0625	-0.00496979	-0.0123425	0.996589	34.0625	0	0
23	604030	0.741304	-0.0857391	-119.836	34.125	-0.00469352	-0.0118424	0.996546	34.125	0	0
23	604040	0.727739	-0.0993913	-119.857	34.125	-0.00491808	-0.0118077	0.996398	34.125	0	0
23	604050	0.715478	-0.110696	-119.815	34.125	-0.00508428	-0.0117183	0.996889	34.125	0	0
23	604060	0.715826	-0.109217	-119.725	34.0625	-0.00498087	-0.0119983	0.996418	34.0625	0	0
23	604070	0.722696	-0.0828696	-119.776	34.125	-0.00497865	-0.0120189	0.996287	34.125	0	0
23	604080	0.722174	-0.093913	-119.847	34.125	-0.0050503	-0.0122324	0.996399	34.125	0	0
23	604090	0.712957	-0.0964348	-119.822	34.125	-0.00485825	-0.0119569	0.996444	34.125	0	0
23	604100	0.725565	-0.107391	-119.972	34.125	-0.00518031	-0.0117959	0.996367	34.125	0	0
23	604110	0.734	-0.0913043	-119.84	34.125	-0.00474523	-0.0118151	0.995932	34.125	0	0
23	604120	0.718348	-0.111565	-119.765	34.125	-0.00474745	-0.0123218	0.996483	34.125	0	0
23	604130	0.726174	-0.108348	-119.848	34.125	-0.00513156	-0.0121837	0.996544	34.125	0	0
23	604140	0.706348	-0.0833913	-119.819	34.125	-0.00491143	-0.0119177	0.996848	34.125	0	0
23	604150	0.702956	-0.0933913	-119.852	34.125	-0.00462704	-0.012078	0.996624	34.125	0	0
23	604160	0.723043	-0.100348	-119.819	34.125	-0.00481024	-0.0121187	0.996745	34.125	0	0
23	604170	0.720174	-0.10287	-119.839	34.125	-0.00499343	-0.0122243	0.99653	34.125	0	0
23	604180	0.724174	-0.0962609	-119.771	34.125	-0.00492104	-0.0119229	0.996622	34.125	0	0
23	604190	0.727739	-0.0871304	-119.758	34.125	-0.00507911	-0.01216	0.996423	34.125	0	0
23	604200	0.72513	-0.0986087	-119.819	34.125	-0.00512195	-0.0119089	0.996302	34.125	0	0
23	604210	0.719217	-0.111652	-119.774	34.125	-0.00493507	-0.0119155	0.996277	34.125	0	0
23	604220	0.693478	-0.122696	-119.901	34.125	-0.00495206	-0.0118269	0.996596	34.125	0	0
23	604230	0.715217	-0.0877391	-119.845	34.125	-0.00495575	-0.0123166	0.996617	34.125	0	0
23	604240	0.717391	-0.0870435	-119.833	34.125	-0.0051094	-0.0119266	0.996372	34.125	0	0
23	604250	0.728435	-0.110696	-119.723	34.125	-0.00520986	-0.0122487	0.996553	34.125	0	0
23	604260	0.728957	-0.0808696	-119.828	34.125	-0.00512639	-0.0117168	0.996359	34.125	0	0
23	604270	0.730174	-0.0915652	-119.89	34.125	-0.00484274	-0.0120825	0.99655	34.125	0	0
23	604280	0.709217	-0.085913	-119.826	34.125	-0.00456573	-0.0123115	0.996613	34.125	0	0
23	604290	0.726957	-0.102174	-119.812	34.125	-0.00522315	-0.0116799	0.996467	34.125	0	0
23	604300	0.726783	-0.0805217	-119.83	34.0625	-0.00516554	-0.0120544	0.996511	34.0625	0	0
23	604310	0.737913	-0.106957	-119.741	34.125	-0.00476739	-0.0122125	0.99622	34.125	0	0
23	604320	0.726522	-0.0916522	-119.847	34.125	-0.00502076	-0.0119451	0.996775	34.125	0	0
23	604330	0.704522	-0.106	-119.822	34.125	-0.00501189	-0.0118357	0.996306	34.125	0	0
23	604340	0.722435	-0.0903478	-119.783	34.125	-0.00485899	-0.011985	0.996242	34.125	0	0
23	604350	0.726087	-0.096087	-119.819	34.125	-0.00506212	-0.0117781	0.996711	34.125	0	0
23	604360	0.706348	-0.0943478	-119.871	34.125	-0.00475557	-0.0120116	0.996548	34.125	0	0
23	604370	0.725913	-0.0771304	-119.769	34.125	-0.00489297	-0.0120322	0.996478	34.125	0	0
23	604380	0.722348	-0.0769565	-119.843	34.125	-0.00467506	-0.0122169	0.996861	34.125	0	0
23	604390	0.725391	-0.0864348	-119.774	34.0625	-0.00478364	-0.01216	0.996497	34.0625	0	0
23	604400	0.720348	-0.110174	-119.82	34.125	-0.00513673	-0.0119	0.996282	34.125	0	0
23	604410	0.716522	-0.0937391	-119.809	34.0625	-0.00495723	-0.0122959	0.997183	34.0625	0	0
23	604420	0.727478	-0.107652	-119.75	34.125	-0.0049661	-0.012064	0.996697	34.125	0	0
23	604430	0.707043	-0.0912174	-119.812	34.0625	-0.00511088	-0.011869	0.996496	34.0625	0	0
23	604440	0.727304	-0.0855652	-119.781	34.125	-0.00499047	-0.0118705	0.996544	34.125	0	0
23	604450	0.714261	-0.090087	-119.818	34.0625	-0.00491291	-0.0121408	0.996669	34.0625	0	0
23	604460	0.721391	-0.0701739	-119.875	34.125	-0.00484421	-0.0115255	0.996761	34.125	0	0
23	604470	0.728261	-0.068	-119.807	34.125	-0.00486194	-0.0118904	0.99648	34.125	0	0
23	604480	0.714783	-0.099913	-119.783	34.125	-0.00478881	-0.0122117	0.996373	34.125	0	0
23	604490	0.721217	-0.100783	-119.837	34.125	-0.0048612	-0.0122745	0.996795	34.125	0	0
23	604500	0.731826	-0.110087	-119.841	34.125	-0.00493433	-0.0121386	0.996537	34.125	0	0
23	604510	0.725043	-0.105304	-119.811	34.125	-0.0054285	-0.0117176	0.996644	34.125	0	0
23	604520	0.718783	-0.0966087	-119.745	34.125	-0.00504883	-0.0121157	0.996523	34.125	0	0
23	604530	0.72	-0.11513	-119.796	34.125	-0.00497274	-0.012132	0.996565	34.125	0	0
23	604540	0.731652	-0.110087	-119.793	34.125	-0.00513451	-0.0118513	0.996218	34.125	0	0
23	604550	0.698783	-0.0892174	-119.807	34.125	-0.00503627	-0.0117117	0.996413	34.125	0	0
23	604560	0.712087	-0.0902609	-119.798	34.125	-0.00481762	-0.0117294	0.996588	34.125	0	0
23	604570	0.731826	-0.088	-119.84	34.125	-0.00518917	-0.0122332	0.996392	34.125	0	0
23	604580	0.732	-0.0958261	-119.807	34.125	-0.00484865	-0.0119495	0.996582	34.125	0	0
23	604590	0.713043	-0.0915652	-119.802	34.125	-0.00509979	-0.0122236	0.996618	34.125	0	0
23	604600	0.723478	-0.0837391	-119.828	34.125	-0.00511161	-0.0119901	0.996523	34.125	0	0
23	604610	0.710956	-0.0867826	-119.838	34.125	-0.00518548	-0.0117442	0.996636	34.125	0	0
23	604620	0.721652	-0.0732174	-119.758	34.0625	-0.00492399	-0.0121718	0.99618	34.0625	0	0
23	604630	0.714957	-0.0951304	-119.717	34.125	-0.00495649	-0.0122627	0.996446	34.125	0	0
23	604640	0.728609	-0.0944348	-119.811	34.0625	-0.00517218	-0.0120507	0.996726	34.0625	0	0
23	604650	0.704522	-0.109565	-119.856	34.0625	-0.00518105	-0.0120677	0.996548	34.0625	0	0
23	604660	0.706609	-0.117826	-119.808	34.0625	-0.00485529	-0.0118771	0.996827	34.0625	0	0
23	604670	0.714957	-0.0806087	-119.812	34.0625	-0.00510718	-0.0120086	0.996313	34.0625	0	0
23	604680	0.70487	-0.109478	-119.834	34.0625	-0.00464034	-0.0122184	0.996563	34.0625	0	0
23	604690	0.699913	-0.103478	-119.787	34.0625	-0.00464773	-0.0114642	0.996715	34.0625	0	0
23	604700	0.701217	-0.09	-119.815	34.125	-0.00515667	-0.0120743	0.996488	34.125	0	0
23	604710	0.715478	-0.111217	-119.859	34.0625	-0.00494911	-0.0122007	0.996307	34.0625	0	0
23	604720	0.733304	-0.0757391	-119.994	34.125	-0.00497053	-0.0120477	0.996211	34.125	0	0
23	604730	0.71313	-0.109217	-119.742	34.125	-0.00501263	-0.0121283	0.996582	34.125	0	0
23	604740	0.711652	-0.0950435	-119.809	34.125	-0.00493138	-0.0120167	0.996705	34.125	0	0
23	604750	0.719565	-0.101652	-119.817	34.125	-0.00509462	-0.0121334	0.996807	34.125	0	0
23	604760	0.736	-0.0998261	-119.857	34.125	-0.00505178	-0.0116363	0.996471	34.125	0	0
23	604770	0.731478	-0.0994783	-119.893	34.125	-0.00496905	-0.0119421	0.99638	34.125	0	0
23	604780	0.735217	-0.0923478	-119.786	34.125	-0.00506286	-0.0119842	0.996729	34.125	0	0
23	604790	0.727652	-0.0853043	-119.748	34.125	-0.00520764	-0.0116954	0.996616	34.125	0	0
23	604800	0.73487	-0.116696	-119.786	34.125	-0.00498899	-0.0117264	0.996523	34.125	0	0
23	604810	0.736783	-0.0985217	-119.82	34.125	-0.00491365	-0.0122479	0.996517	34.125	0	0
23	604820	0.706348	-0.0786087	-119.834	34.125	-0.00493581	-0.0118786	0.996298	34.125	0	0
23	604830	0.722348	-0.0918261	-119.83	34.0625	-0.00507394	-0.0121068	0.996579	34.0625	0	0
23	604840	0.704348	-0.0803478	-119.807	34.125	-0.0049395	-0.0123676	0.997	34.125	0	0
23	604850	0.716	-0.0806087	-119.834	34.125	-0.00500155	-0.0122236	0.996627	34.125	0	0
23	604860	0.721652	-0.0913913	-119.752	34.0625	-0.00503553	-0.0123026	0.996807	34.0625	0	0
23	604870	0.717217	-0.0866956	-119.853	34.125	-0.00482944	-0.0121541	0.996332	34.125	0	0
23	604880	0.72913	-0.105565	-119.84	34.125	-0.00502814	-0.0121563	0.996589	34.125	0	0
23	604890	0.725565	-0.0954783	-119.823	34.125	-0.00520321	-0.0118926	0.996468	34.125	0	0
23	604900	0.710348	-0.103739	-119.759	34.0625	-0.00508502	-0.0122657	0.996537	34.0625	0	0
23	604910	0.730696	-0.1	-119.798	34.125	-0.0051094	-0.0120684	0.996386	34.125	0	0
23	604920	0.724174	-0.0926957	-119.799	34.125	-0.00509019	-0.0121423	0.996385	34.125	0	0
23	604930	0.714522	-0.0975652	-119.816	34.125	-0.00502297	-0.012262	0.996986	34.125	0	0
23	604940	0.706609	-0.0981739	-119.809	34.125	-0.00497791	-0.0122125	0.996585	34.125	0	0
23	604950	0.728348	-0.0810435	-119.83	34.125	-0.00498826	-0.0120492	0.996449	34.125	0	0
23	604960	0.722435	-0.0930435	-119.853	34.125	-0.00496536	-0.0121113	0.996757	34.125	0	0
23	604970	0.72687	-0.0694783	-119.802	34.125	-0.00477182	-0.0120943	0.996322	34.125	0	0
23	604980	0.716783	-0.0929565	-119.783	34.125	-0.00498013	-0.0120507	0.996596	34.125	0	0
23	604990	0.719565	-0.0996522	-119.796	34.125	-0.00493212	-0.0117146	0.996355	34.125	0	0
23	605000	0.697391	-0.104957	-119.829	34.125	-0.00470608	-0.0118069	0.996424	34.125	0	0
23	605010	0.715478	-0.0846957	-119.899	34.125	-0.00484348	-0.0120152	0.996455	34.125	0	0
23	605020	0.711043	-0.108	-119.789	34.125	-0.00486416	-0.0121541	0.996522	34.125	0	0
23	605030	0.707739	-0.0842609	-119.832	34.125	-0.00489592	-0.0120204	0.996455	34.125	0	0
23	605040	0.731043	-0.0930435	-119.782	34.125	-0.00494689	-0.011804	0.996545	34.125	0	0
23	605050	0.734696	-0.0945217	-119.797	34.125	-0.00492325	-0.0119731	0.996649	34.125	0	0
23	605060	0.713565	-0.0956522	-119.894	34.125	-0.00494541	-0.0117146	0.996562	34.125	0	0
23	605070	0.705565	-0.0964348	-119.785	34.125	-0.00500007	-0.0118298	0.99672	34.125	0	0
23	605080	0.723652	-0.106174	-119.783	34.125	-0.00475853	-0.0120876	0.996521	34.125	0	0
23	605090	0.731652	-0.108957	-119.884	34.125	-0.00513451	-0.0119473	0.996355	34.125	0	0
23	605100	0.735304	-0.10087	-119.795	34.125	-0.00517883	-0.0118505	0.996601	34.125	0	0
23	605110	0.713217	-0.097913	-119.803	34.125	-0.00475853	-0.0120027	0.996361	34.125	0	0
23	605120	0.735217	-0.0964348	-119.812	34.125	-0.00502371	-0.0120418	0.996587	34.125	0	0
23	605130	0.725739	-0.111391	-119.894	34.125	-0.0049757	-0.012327	0.996283	34.125	0	0
23	605140	0.729826	-0.082	-119.895	34.125	-0.00483092	-0.0123912	0.99676	34.125	0	0
23	605150	0.72513	-0.0997391	-119.77	34.125	-0.00493803	-0.0123092	0.996772	34.125	0	0
23	605160	0.719304	-0.0938261	-119.788	34.125	-0.00490479	-0.0121608	0.99688	34.125	0	0
23	605170	0.721304	-0.0829565	-119.803	34.125	-0.00514485	-0.0123802	0.996617	34.125	0	0
23	605180	0.723826	-0.0831304	-119.775	34.125	-0.00497496	-0.0122014	0.996621	34.125	0	0
23	605190	0.71113	-0.0937391	-119.731	34.125	-0.00509389	-0.0122405	0.99644	34.125	0	0
23	605200	0.713913	-0.100609	-119.828	34.125	-0.00491882	-0.0123883	0.99652	34.125	0	0
23	605210	0.721913	-0.101565	-119.775	34.125	-0.00519508	-0.0119052	0.996498	34.125	0	0
23	605220	0.730609	-0.0728696	-119.778	34.125	-0.0050769	-0.0118084	0.996597	34.125	0	0
23	605230	0.737391	-0.0991304	-119.813	34.125	-0.00478881	-0.0123425	0.996732	34.125	0	0
23	605240	0.709826	-0.108609	-119.779	34.125	-0.00493581	-0.0119827	0.996812	34.125	0	0
23	605250	0.70513	-0.0826957	-119.825	34.125	-0.00504218	-0.0121512	0.996527	34.125	0	0
23	605260	0.709304	-0.0962609	-119.85	34.125	-0.00486046	-0.012327	0.996688	34.125	0	0
23	605270	0.727739	-0.0811304	-119.83	34.125	-0.00474006	-0.0120197	0.9961	34.125	0	0
23	605280	0.731565	-0.0787826	-119.789	34.125	-0.00451107	-0.0119296	0.996409	34.125	0	0
23	605290	0.72113	-0.0824348	-119.827	34.125	-0.00495428	-0.0119606	0.996321	34.125	0	0
23	605300	0.713739	-0.100957	-119.853	34.125	-0.00471569	-0.0121091	0.996629	34.125	0	0
23	605310	0.732696	-0.0954783	-119.778	34.125	-0.0048649	-0.01231	0.996609	34.125	0	0
23	605320	0.712348	-0.0985217	-119.894	34.125	-0.00522315	-0.0118586	0.996644	34.125	0	0
23	605330	0.74313	-0.102087	-119.887	34.125	-0.00496757	-0.0120537	0.99652	34.125	0	0
23	605340	0.714609	-0.101217	-119.787	34.125	-0.00487893	-0.0119369	0.996389	34.125	0	0
23	605350	0.724957	-0.0942609	-119.802	34.125	-0.00492399	-0.0121334	0.996191	34.125	0	0
23	605360	0.729217	-0.127391	-119.822	34.125	-0.00463074	-0.0122952	0.996756	34.125	0	0
23	605370	0.732609	-0.0976522	-119.874	34.125	-0.0047829	-0.0122228	0.996536	34.125	0	0
23	605380	0.714	-0.104783	-119.806	34.125	-0.00475114	-0.0119879	0.996264	34.125	0	0
23	605390	0.726522	-0.094	-119.788	34.125	-0.00509758	-0.0120574	0.996019	34.125	0	0
23	605400	0.732	-0.106435	-119.777	34.125	-0.00488706	-0.01216	0.996675	34.125	0	0
23	605410	0.706087	-0.0821739	-119.792	34.125	-0.00481541	-0.011968	0.996494	34.125	0	0
23	605420	0.716696	-0.0829565	-119.808	34.125	-0.0050178	-0.011866	0.996607	34.125	0	0
23	605430	0.719652	-0.0953043	-119.835	34.125	-0.00518917	-0.0118409	0.99671	34.125	0	0
23	605440	0.727391	-0.101304	-119.79	34.125	-0.00511678	-0.0118889	0.996361	34.125	0	0
23	605450	0.722	-0.0852174	-119.805	34.125	-0.00499269	-0.0120832	0.996485	34.125	0	0
23	605460	0.730261	-0.0852174	-119.823	34.125	-0.00498826	-0.0119185	0.99666	34.125	0	0
23	605470	0.71087	-0.0838261	-119.842	34.125	-0.00495058	-0.0119185	0.996578	34.125	0	0
23	605480	0.728	-0.11087	-119.857	34.125	-0.00495649	-0.0121283	0.99631	34.125	0	0
23	605490	0.724087	-0.0626087	-119.836	34.125	-0.00491217	-0.0121933	0.996598	34.125	0	0
23	605500	0.72687	-0.106348	-119.835	34.125	-0.00493507	-0.0122908	0.996421	34.125	0	0
23	605510	0.70913	-0.0721739	-119.812	34.125	-0.00506729	-0.0121068	0.996139	34.125	0	0
23	605520	0.721391	-0.0856522	-119.816	34.125	-0.00480063	-0.0122583	0.996677	34.125	0	0
23	605530	0.700696	-0.0884348	-119.797	34.125	-0.00503848	-0.0122649	0.99638	34.125	0	0
23	605540	0.70713	-0.0613913	-119.846	34.125	-0.0049624	-0.0119813	0.996302	34.125	0	0
23	605550	0.716348	-0.0944348	-119.795	34.125	-0.0050311	-0.0116806	0.996355	34.125	0	0
23	605560	0.720435	-0.0705217	-119.808	34.125	-0.00499786	-0.0121128	0.996172	34.125	0	0
23	605570	0.714435	-0.0793913	-119.756	34.125	-0.00501042	-0.0121091	0.996378	34.125	0	0
23	605580	0.726783	-0.0884348	-119.909	34.125	-0.00506877	-0.0121578	0.996389	34.125	0	0
23	605590	0.706609	-0.109913	-119.855	34.125	-0.00497422	-0.0119916	0.996502	34.125	0	0
23	605600	0.735304	-0.0947826	-119.775	34.125	-0.00476148	-0.0120248	0.99674	34.125	0	0
23	605610	0.731739	-0.082	-119.806	34.125	-0.00484791	-0.0118845	0.996487	34.125	0	0
23	605620	0.734261	-0.118174	-119.766	34.125	-0.00508871	-0.0122922	0.996718	34.125	0	0
23	605630	0.709391	-0.0953913	-119.868	34.0625	-0.00464182	-0.0121556	0.99683	34.0625	0	0
23	605640	0.712783	-0.0901739	-119.736	34.125	-0.00473341	-0.0123698	0.996751	34.125	0	0
23	605650	0.708087	-0.0947826	-119.794	34.125	-0.00509167	-0.0119709	0.996602	34.125	0	0
23	605660	0.732522	-0.0971304	-119.799	34.125	-0.00501706	-0.0122871	0.996598	34.125	0	0
23	605670	0.724348	-0.105391	-119.821	34.125	-0.00500746	-0.0118919	0.996841	34.125	0	0
23	605680	0.724957	-0.107826	-119.789	34.125	-0.00507025	-0.0120189	0.996799	34.125	0	0
23	605690	0.720087	-0.121565	-119.808	34.125	-0.0049853	-0.0118254	0.996597	34.125	0	0
23	605700	0.717391	-0.102348	-119.762	34.125	-0.00499121	-0.0118357	0.997001	34.125	0	0
23	605710	0.726348	-0.0926087	-119.833	34.125	-0.00499047	-0.011999	0.996581	34.125	0	0
23	605720	0.718261	-0.089913	-119.801	34.125	-0.00494098	-0.0118764	0.996472	34.125	0	0
23	605730	0.724783	-0.104174	-119.889	34.125	-0.00500303	-0.0118734	0.996479	34.125	0	0
23	605740	0.73487	-0.0850435	-119.841	34.0625	-0.00473563	-0.0120042	0.996362	34.0625	0	0
23	605750	0.722435	-0.097913	-119.813	34.125	-0.00511826	-0.0120086	0.996256	34.125	0	0
23	605760	0.718696	-0.0777391	-119.823	34.0625	-0.00507025	-0.0119628	0.996294	34.0625	0	0
23	605770	0.720957	-0.0802609	-119.857	34.125	-0.00501633	-0.0118239	0.996756	34.125	0	0
23	605780	0.725652	-0.10087	-119.815	34.0625	-0.0047866	-0.0121549	0.996442	34.0625	0	0
23	605790	0.725565	-0.0943478	-119.801	34.125	-0.0050961	-0.0122597	0.99671	34.125	0	0
23	605800	0.724957	-0.0630435	-119.904	34.125	-0.00518917	-0.0118646	0.996319	34.125	0	0
23	605810	0.709478	-0.089913	-119.798	34.125	-0.00513377	-0.0120817	0.996518	34.125	0	0
23	605820	0.728348	-0.0848696	-119.768	34.125	-0.00464477	-0.0121726	0.996763	34.125	0	0
23	605830	0.726	-0.0840869	-119.831	34.125	-0.00496462	-0.0124924	0.996376	34.125	0	0
23	605840	0.726435	-0.100174	-119.85	34.125	-0.00480063	-0.0119894	0.996848	34.125	0	0
23	605850	0.713565	-0.0837391	-119.809	34.125	-0.00489888	-0.0120743	0.996451	34.125	0	0
23	605860	0.717739	-0.0849565	-119.802	34.125	-0.00491956	-0.0120854	0.99631	34.125	0	0
23	605870	0.730783	-0.0835652	-119.858	34.125	-0.00502076	-0.0118875	0.996443	34.125	0	0
23	605880	0.71113	-0.081913	-119.829	34.125	-0.00494911	-0.0117922	0.996804	34.125	0	0
23	605890	0.712	-0.110957	-119.834	34.125	-0.00492621	-0.0122487	0.996645	34.125	0	0
23	605900	0.706174	-0.098	-119.803	34.125	-0.00485234	-0.0120042	0.996892	34.125	0	0
23	605910	0.709044	-0.076	-119.776	34.125	-0.00499786	-0.0124156	0.996671	34.125	0	0
23	605920	0.708522	-0.108522	-119.818	34.125	-0.00492621	-0.0119887	0.99657	34.125	0	0
23	605930	0.702348	-0.091913	-119.79	34.125	-0.00495206	-0.0120448	0.996624	34.125	0	0
23	605940	0.725913	-0.0825217	-119.903	34.125	-0.00472307	-0.0121083	0.996568	34.125	0	0
23	605950	0.71	-0.10513	-119.809	34.125	-0.00507246	-0.0118934	0.996991	34.125	0	0
23	605960	0.713913	-0.0950435	-119.819	34.125	-0.00506655	-0.0121526	0.996658	34.125	0	0
23	605970	0.728174	-0.098	-119.786	34.125	-0.0049624	-0.0119251	0.996286	34.125	0	0
23	605980	0.736522	-0.0965217	-119.799	34.125	-0.00493803	-0.0118867	0.996436	34.125	0	0
23	605990	0.722348	-0.0893913	-119.794	34.125	-0.00497718	-0.0118513	0.99653	34.125	0	0
23	606000	0.723478	-0.082087	-119.792	34.125	-0.00489666	-0.0120987	0.996445	34.125	0	0
23	606010	0.720348	-0.111913	-119.828	34.125	-0.00510053	-0.0121297	0.9962	34.125	0	0
23	606020	0.707478	-0.102609	-119.811	34.125	-0.00489223	-0.0118808	0.996745	34.125	0	0
23	606030	0.741304	-0.0841739	-119.804	34.125	-0.00495132	-0.0122368	0.996565	34.125	0	0
23	606040	0.740174	-0.100087	-119.81	34.125	-0.0049624	-0.012013	0.99643	34.125	0	0
23	606050	0.731391	-0.0941739	-119.847	34.125	-0.00500007	-0.0121999	0.996445	34.125	0	0
23	606060	0.737913	-0.0889565	-119.809	34.125	-0.00511235	-0.0121164	0.996624	34.125	0	0
23	606070	0.718522	-0.0831304	-119.887	34.0625	-0.005054	-0.0121955	0.996541	34.0625	0	0
23	606080	0.743565	-0.0838261	-119.764	34.125	-0.00479103	-0.0120537	0.996538	34.125	0	0
23	606090	0.734087	-0.0848696	-119.821	34.125	-0.00483535	-0.0120514	0.996589	34.125	0	0
23	606100	0.729217	-0.102522	-119.804	34.125	-0.00491291	-0.0120256	0.997211	34.125	0	0
23	606110	0.705826	-0.0885217	-119.834	34.125	-0.00531623	-0.0122184	0.996356	34.125	0	0
23	606120	0.72687	-0.0810435	-119.824	34.125	-0.00496462	-0.0122501	0.99656	34.125	0	0
23	606130	0.722087	-0.0866956	-119.787	34.125	-0.00500377	-0.0123248	0.996735	34.125	0	0
23	606140	0.718087	-0.111391	-119.804	34.125	-0.00480876	-0.0122206	0.996689	34.125	0	0
23	606150	0.712261	-0.0994783	-119.821	34.125	-0.00508281	-0.011948	0.996503	34.125	0	0
23	606160	0.709217	-0.084	-119.855	34.125	-0.00503922	-0.0120677	0.996322	34.125	0	0
23	606170	0.71287	-0.0978261	-119.816	34.125	-0.00503553	-0.0119148	0.996858	34.125	0	0
23	606180	0.714522	-0.1	-119.807	34.125	-0.00513008	-0.0117538	0.996613	34.125	0	0
23	606190	0.706609	-0.102087	-119.753	34.0625	-0.00495501	-0.0120492	0.996214	34.0625	0	0
23	606200	0.731304	-0.104609	-119.756	34.0625	-0.00505917	-0.0121748	0.996447	34.0625	0	0
23	606210	0.694435	-0.0867826	-119.727	34.0625	-0.00485751	-0.0119502	0.99664	34.0625	0	0
23	606220	0.702696	-0.0990435	-119.807	34.125	-0.00484495	-0.0126675	0.996643	34.125	0	0
23	606230	0.717826	-0.115217	-119.777	34.125	-0.00495354	-0.0121608	0.996583	34.125	0	0
23	606240	0.727391	-0.0776522	-119.824	34.125	-0.00518696	-0.0119318	0.996374	34.125	0	0
23	606250	0.717217	-0.107478	-119.86	34.125	-0.00468171	-0.0121423	0.996855	34.125	0	0
23	606260	0.726	-0.0930435	-119.802	34.0625	-0.00464994	-0.0121482	0.996513	34.0625	0	0
23	606270	0.722087	-0.0990435	-119.83	34.125	-0.00472824	-0.0119709	0.996615	34.125	0	0
23	606280	0.727826	-0.0885217	-119.867	34.125	-0.00488632	-0.0124452	0.996056	34.125	0	0
23	606290	0.706696	-0.111217	-119.805	34.125	-0.00481614	-0.0120655	0.996535	34.125	0	0
23	606300	0.728174	-0.0898261	-119.799	34.125	-0.00529111	-0.0116599	0.996612	34.125	0	0
23	606310	0.726696	-0.0853913	-119.927	34.125	-0.00505104	-0.0120463	0.996251	34.125	0	0
23	606320	0.717565	-0.0738261	-119.832	34.125	-0.00494467	-0.0121497	0.996489	34.125	0	0
23	606330	0.716348	-0.0908696	-119.784	34.125	-0.0048516	-0.0120034	0.996302	34.125	0	0
23	606340	0.722	-0.0803478	-119.819	34.125	-0.00500746	-0.0120662	0.996684	34.125	0	0
23	606350	0.72313	-0.0894783	-119.901	34.125	-0.0049166	-0.011914	0.996855	34.125	0	0
23	606360	0.70887	-0.0983478	-119.835	34.125	-0.00498161	-0.0125958	0.996424	34.125	0	0
23	606370	0.716957	-0.110174	-119.865	34.125	-0.00516554	-0.0121733	0.996553	34.125	0	0
23	606380	0.71113	-0.100261	-119.852	34.125	-0.00507468	-0.0118948	0.996635	34.125	0	0
23	606390	0.733304	-0.0876522	-119.806	34.125	-0.00483092	-0.0121009	0.996317	34.125	0	0
23	606400	0.728435	-0.0893913	-119.77	34.125	-0.00497939	-0.01192	0.996503	34.125	0	0
23	606410	0.71113	-0.0871304	-119.812	34.125	-0.00506655	-0.0122908	0.996788	34.125	0	0
23	606420	0.716348	-0.0944348	-119.85	34.125	-0.00496757	-0.0121593	0.996138	34.125	0	0
23	606430	0.713739	-0.0869565	-119.78	34.125	-0.00485456	-0.0119392	0.996728	34.125	0	0
23	606440	0.727043	-0.105913	-119.801	34.125	-0.00478734	-0.0120396	0.996567	34.125	0	0
23	606450	0.718087	-0.089913	-119.847	34.125	-0.00494467	-0.0117515	0.996423	34.125	0	0
23	606460	0.713739	-0.0997391	-119.806	34.125	-0.00507985	-0.0118675	0.996478	34.125	0	0
23	606470	0.702522	-0.098087	-119.825	34.125	-0.00499712	-0.0121763	0.996581	34.125	0	0
23	606480	0.709217	-0.0974783	-119.799	34.125	-0.00486711	-0.0123041	0.996323	34.125	0	0
23	606490	0.70887	-0.0945217	-119.77	34.0625	-0.0051744	-0.0118734	0.996182	34.0625	0	0
23	606500	0.711826	-0.119304	-119.843	34.125	-0.00497718	-0.0124813	0.996239	34.125	0	0
23	606510	0.706696	-0.0946957	-119.797	34.125	-0.00487155	-0.0121615	0.99685	34.125	0	0
23	606520	0.698783	-0.094	-119.876	34.125	-0.00486268	-0.0118247	0.996495	34.125	0	0
23	606530	0.698087	-0.084	-119.833	34.0625	-0.00500746	-0.012262	0.996302	34.0625	0	0
23	606540	0.712609	-0.110348	-119.815	34.125	-0.00485308	-0.012177	0.996671	34.125	0	0
23	606550	0.707304	-0.094	-119.793	34.125	-0.00503553	-0.0117944	0.996375	34.125	0	0
23	606560	0.718	-0.0926087	-119.821	34.125	-0.00500894	-0.0120817	0.996589	34.125	0	0
23	606570	0.721478	-0.107826	-119.809	34.125	-0.0047504	-0.0116378	0.99644	34.125	0	0
23	606580	0.715217	-0.0942609	-119.875	34.125	-0.00465807	-0.0121401	0.996508	34.125	0	0
23	606590	0.723043	-0.0936522	-119.876	34.125	-0.00468688	-0.0121667	0.996583	34.125	0	0
23	606600	0.723391	-0.112957	-119.838	34.125	-0.00484643	-0.0121911	0.996821	34.125	0	0
23	606610	0.733565	-0.0937391	-119.781	34.125	-0.00496757	-0.0122428	0.996516	34.125	0	0
23	606620	0.715739	-0.103304	-119.84	34.125	-0.00483387	-0.0118911	0.996573	34.125	0	0
23	606630	0.734609	-0.101043	-119.819	34.125	-0.00502002	-0.012228	0.996454	34.125	0	0
23	606640	0.705391	-0.0997391	-119.847	34.125	-0.00459011	-0.0121571	0.996543	34.125	0	0
23	606650	0.701652	-0.0730435	-119.801	34.0625	-0.00490405	-0.012132	0.996677	34.0625	0	0
23	606660	0.702696	-0.0846087	-119.836	34.125	-0.00485899	-0.0122339	0.996533	34.125	0	0
23	606670	0.726435	-0.120696	-119.805	34.125	-0.00501559	-0.0118742	0.996496	34.125	0	0
23	606680	0.72913	-0.11087	-119.812	34.125	-0.00508945	-0.0119251	0.996666	34.125	0	0
23	606690	0.724609	-0.1	-119.823	34.125	-0.00498678	-0.0118439	0.996744	34.125	0	0
23	606700	0.719217	-0.0897391	-119.91	34.125	-0.00503848	-0.012403	0.996597	34.125	0	0
23	606710	0.709304	-0.09	-119.789	34.125	-0.00495501	-0.0119761	0.996463	34.125	0	0
23	606720	0.711304	-0.096	-119.824	34.125	-0.00489149	-0.0116792	0.996243	34.125	0	0
23	606730	0.713565	-0.0958261	-119.813	34.125	-0.00495354	-0.012273	0.99618	34.125	0	0
23	606740	0.750174	-0.0971304	-119.901	34.125	-0.0049986	-0.0120832	0.996528	34.125	0	0
23	606750	0.716348	-0.09	-119.799	34.125	-0.00492399	-0.0122428	0.996635	34.125	0	0
23	606760	0.704956	-0.0955652	-119.768	34.125	-0.00484126	-0.0121179	0.99676	34.125	0	0
23	606770	0.71287	-0.101043	-119.713	34.0625	-0.00492399	-0.0124422	0.996456	34.0625	0	0
23	606780	0.721826	-0.105565	-119.835	34.125	-0.00493729	-0.0119635	0.996584	34.125	0	0
23	606790	0.7	-0.0984348	-119.882	34.125	-0.00468614	-0.0118158	0.99652	34.125	0	0
23	606800	0.701913	-0.094087	-119.771	34.125	-0.00491143	-0.0122479	0.996575	34.125	0	0
23	606810	0.710348	-0.0937391	-119.804	34.125	-0.00478808	-0.0119702	0.996341	34.125	0	0
23	606820	0.704348	-0.097913	-119.805	34.125	-0.00502814	-0.0119901	0.996725	34.125	0	0
23	606830	0.708174	-0.106609	-119.765	34.0625	-0.00501115	-0.0117959	0.996749	34.0625	0	0
23	606840	0.716	-0.0945217	-119.826	34.125	-0.0049986	-0.0120721	0.996409	34.125	0	0
23	606850	0.73087	-0.0855652	-119.837	34.125	-0.00485751	-0.0116097	0.996805	34.125	0	0
23	606860	0.728957	-0.098	-119.788	34.125	-0.00487007	-0.01203	0.996606	34.125	0	0
23	606870	0.729304	-0.0904348	-119.839	34.125	-0.00524236	-0.0119473	0.996554	34.125	0	0
23	606880	0.728348	-0.0976522	-119.833	34.125	-0.00503775	-0.0119628	0.996589	34.125	0	0
23	606890	0.699652	-0.063913	-119.846	34.125	-0.00498752	-0.0114849	0.996329	34.125	0	0
23	606900	0.717565	-0.100609	-119.79	34.125	-0.00517514	-0.0120729	0.996425	34.125	0	0
23	606910	0.720174	-0.107913	-119.836	34.125	-0.00490922	-0.0122509	0.99629	34.125	0	0
23	606920	0.696696	-0.089913	-119.783	34.125	-0.00517292	-0.0117471	0.996299	34.125	0	0
23	606930	0.711565	-0.0946087	-119.803	34.125	-0.00490774	-0.0120352	0.996573	34.125	0	0
23	606940	0.72313	-0.1	-119.915	34.125	-0.00510497	-0.0115174	0.996341	34.125	0	0
23	606950	0.701739	-0.0874783	-119.841	34.125	-0.00504809	-0.0120411	0.996375	34.125	0	0
23	606960	0.696783	-0.0963478	-119.757	34.125	-0.00478069	-0.0116526	0.996533	34.125	0	0
23	606970	0.70487	-0.105043	-119.865	34.125	-0.00492842	-0.012016	0.996445	34.125	0	0
23	606980	0.725043	-0.0946957	-119.918	34.125	-0.00496092	-0.0121911	0.996553	34.125	0	0
23	606990	0.711217	-0.0984348	-119.759	34.0625	-0.00485677	-0.0122871	0.996229	34.0625	0	0
23	607000	0.687913	-0.0753913	-119.818	34.125	-0.00516628	-0.0124607	0.99683	34.125	0	0
23	607010	0.69713	-0.0931304	-119.847	34.125	-0.0051515	-0.0117818	0.996432	34.125	0	0
23	607020	0.71087	-0.0935652	-119.821	34.125	-0.00467136	-0.012132	0.996607	34.125	0	0
23	607030	0.721304	-0.0775652	-119.818	34.125	-0.00516332	-0.0123573	0.996608	34.125	0	0
23	607040	0.715913	-0.0869565	-119.846	34.125	-0.00493729	-0.0121371	0.996722	34.125	0	0
23	607050	0.714087	-0.087913	-119.828	34.125	-0.00477478	-0.0124252	0.996378	34.125	0	0
23	607060	0.72	-0.101043	-119.789	34.125	-0.00481171	-0.0123521	0.996675	34.125	0	0
23	607070	0.713478	-0.106087	-119.778	34.125	-0.00487155	-0.012098	0.996361	34.125	0	0
23	607080	0.720087	-0.0813913	-119.795	34.125	-0.00482353	-0.0118483	0.996456	34.125	0	0
23	607090	0.72	-0.0877391	-119.808	34.125	-0.00475188	-0.012208	0.996518	34.125	0	0
23	607100	0.722435	-0.105217	-119.93	34.125	-0.00491069	-0.0120219	0.996107	34.125	0	0
23	607110	0.718261	-0.107652	-119.777	34.125	-0.00490774	-0.0119074	0.996698	34.125	0	0
23	607120	0.709652	-0.107391	-119.8	34.125	-0.00476591	-0.0118993	0.996506	34.125	0	0
23	607130	0.708	-0.0842609	-119.805	34.125	-0.00492325	-0.0118077	0.996788	34.125	0	0
23	607140	0.716696	-0.100087	-119.942	34.125	-0.00493585	-0.0115787	0.996728	34.125	0	0
23	607150	0.711391	-0.0885217	-119.923	34.125	-0.00472086	-0.0120374	0.996392	34.125	0	0
23	607160	0.710956	-0.0805217	-119.792	34.125	-0.00477773	-0.0120485	0.996484	34.125	0	0
23	607170	0.708435	-0.113217	-119.821	34.125	-0.00486268	-0.011801	0.996532	34.125	0	0
23	607180	0.721043	-0.10313	-119.807	34.125	-0.00487228	-0.0120677	0.996493	34.125	0	0
23	607190	0.713043	-0.0833043	-119.807	34.125	-0.00497865	-0.0117279	0.996666	34.125	0	0
23	607200	0.725217	-0.100087	-119.904	34.125	-0.0049661	-0.0114841	0.996558	34.125	0	0
23	607210	0.705913	-0.0997391	-119.902	34.125	-0.00497939	-0.0120463	0.996752	34.125	0	0
23	607220	0.723739	-0.0895652	-119.763	34.125	-0.00492547	-0.0119044	0.996595	34.125	0	0
23	607230	0.729565	-0.092	-119.794	34.125	-0.00509906	-0.0120433	0.996665	34.125	0	0
23	607240	0.711739	-0.108957	-119.834	34.0625	-0.00504735	-0.0118099	0.996627	34.0625	0	0
23	607250	0.732609	-0.0603478	-119.786	34.125	-0.00518548	-0.0119702	0.996358	34.125	0	0
23	607260	0.727739	-0.0831304	-119.823	34.125	-0.00487302	-0.0123085	0.996423	34.125	0	0
23	607270	0.71887	-0.0793043	-119.816	34.0625	-0.0050274	-0.0121689	0.996776	34.0625	0	0
23	607280	0.707478	-0.0873043	-119.851	34.125	-0.00500968	-0.0120108	0.99681	34.125	0	0
23	607290	0.714696	-0.0713913	-119.79	34.125	-0.0049986	-0.0118875	0.996678	34.125	0	0
23	607300	0.73087	-0.0931304	-119.782	34.125	-0.00485603	-0.0122317	0.996318	34.125	0	0
23	607310	0.734174	-0.0950435	-119.778	34.125	-0.00477847	-0.0119539	0.996362	34.125	0	0
23	607320	0.725652	-0.0891304	-119.752	34.125	-0.00491956	-0.0124053	0.996384	34.125	0	0
23	607330	0.717391	-0.0666087	-119.763	34.0625	-0.00494024	-0.0121238	0.996087	34.0625	0	0
23	607340	0.730522	-0.091913	-119.795	34.125	-0.00469057	-0.0121009	0.996613	34.125	0	0
23	607350	0.703913	-0.0805217	-119.926	34.0625	-0.00491439	-0.012067	0.996303	34.0625	0	0
23	607360	0.695043	-0.11313	-119.771	34.0625	-0.00478069	-0.012522	0.996414	34.0625	0	0
23	607370	0.710087	-0.109652	-119.777	34.125	-0.00490996	-0.0120256	0.996471	34.125	0	0
23	607380	0.71513	-0.0826957	-119.787	34.0625	-0.00500894	-0.0121556	0.996644	34.0625	0	0
23	607390	0.715217	-0.107826	-119.807	34.125	-0.00486637	-0.011931	0.996794	34.125	0	0
23	607400	0.72513	-0.118957	-119.826	34.0625	-0.00487081	-0.0119155	0.996463	34.0625	0	0
23	607410	0.718261	-0.109304	-119.815	34.125	-0.00499786	-0.0120758	0.996562	34.125	0	0
23	607420	0.703217	-0.0963478	-119.824	34.125	-0.00495428	-0.0124577	0.996785	34.125	0	0
23	607430	0.699826	-0.104174	-119.811	34.0625	-0.00482944	-0.0122716	0.996776	34.0625	0	0
23	607440	0.736348	-0.0938261	-119.843	34.125	-0.00508207	-0.0118793	0.996479	34.125	0	0
23	607450	0.720435	-0.110348	-119.782	34.125	-0.00489518	-0.0117574	0.996398	34.125	0	0
23	607460	0.72287	-0.116	-119.889	34.125	-0.00500746	-0.0119473	0.996749	34.125	0	0
23	607470	0.70887	-0.107217	-119.765	34.125	-0.00508281	-0.0123637	0.996764	34.125	0	0
23	607480	0.702609	-0.0913913	-119.838	34.125	-0.00512934	-0.0121593	0.9962	34.125	0	0
23	607490	0.71	-0.119565	-119.819	34.0625	-0.00516258	-0.0118749	0.996488	34.0625	0	0
23	607500	0.722261	-0.0823478	-119.749	34.0625	-0.00501337	-0.0120492	0.996668	34.0625	0	0
23	607510	0.715913	-0.0873043	-119.798	34.125	-0.00510718	-0.0118232	0.996474	34.125	0	0
23	607520	0.712174	-0.0846087	-119.805	34.125	-0.00484865	-0.0120285	0.996457	34.125	0	0
23	607530	0.712174	-0.0936522	-119.87	34.125	-0.00484643	-0.01216	0.996672	34.125	0	0
23	607540	0.703913	-0.0803478	-119.798	34.125	-0.00491808	-0.0121512	0.996884	34.125	0	0
23	607550	0.720522	-0.0975652	-119.768	34.0625	-0.00488706	-0.0120485	0.996493	34.0625	0	0
23	607560	0.735652	-0.101478	-119.857	34.125	-0.0048324	-0.0122465	0.997008	34.125	0	0
23	607570	0.705391	-0.0989565	-119.883	34.125	-0.00495797	-0.0116917	0.99621	34.125	0	0
23	607580	0.724348	-0.101652	-119.825	34.0625	-0.00515889	-0.0121002	0.996584	34.0625	0	0
23	607590	0.716261	-0.0874783	-119.836	34.0625	-0.00500377	-0.0121763	0.99647	34.0625	0	0
23	607600	0.719826	-0.0797391	-119.79	34.0625	-0.00499269	-0.0120322	0.996446	34.0625	0	0
23	607610	0.731652	-0.1	-119.866	34.125	-0.00507246	-0.0120647	0.996457	34.125	0	0
23	607620	0.728783	-0.0973913	-119.832	34.125	-0.00501042	-0.0123609	0.996221	34.125	0	0
23	607630	0.715478	-0.0725217	-119.834	34.0625	-0.00459602	-0.0117057	0.99636	34.0625	0	0
23	607640	0.714	-0.0833043	-119.808	34.0625	-0.00488706	-0.0121209	0.996753	34.0625	0	0
23	607650	0.730348	-0.0968696	-119.833	34.0625	-0.00496166	-0.0121386	0.996516	34.0625	0	0
23	607660	0.726435	-0.101565	-119.812	34.0625	-0.00516775	-0.0122679	0.996686	34.0625	0	0
23	607670	0.716957	-0.101826	-119.803	34.0625	-0.00492325	-0.0116688	0.996764	34.0625	0	0
23	607680	0.711478	-0.0863478	-119.809	34.125	-0.00478364	-0.0120773	0.996327	34.125	0	0
23	607690	0.722696	-0.0733043	-119.832	34.125	-0.0046167	-0.0120056	0.996526	34.125	0	0
23	607700	0.732348	-0.0885217	-119.806	34.125	-0.00483092	-0.0123092	0.996517	34.125	0	0
23	607710	0.71713	-0.0961739	-119.771	34.125	-0.00487598	-0.011914	0.996598	34.125	0	0
23	607720	0.728174	-0.0958261	-119.77	34.125	-0.00499934	-0.0119909	0.996474	34.125	0	0
23	607730	0.727391	-0.0982609	-119.803	34.125	-0.00512269	-0.0119547	0.996799	34.125	0	0
23	607740	0.703043	-0.0770435	-119.789	34.0625	-0.00506582	-0.0118365	0.996282	34.0625	0	0
23	607750	0.728	-0.118522	-119.871	34.0625	-0.00523349	-0.0119392	0.996358	34.0625	0	0
23	607760	0.734087	-0.0904348	-119.781	34.0625	-0.00479103	-0.0122361	0.996567	34.0625	0	0
23	607770	0.717913	-0.095913	-119.807	34.0625	-0.00502445	-0.0116267	0.996401	34.0625	0	0
23	607780	0.726261	-0.0897391	-119.765	34.0625	-0.00493064	-0.0119052	0.996264	34.0625	0	0
23	607790	0.734783	-0.0937391	-119.839	34.0625	-0.00492399	-0.0119355	0.996142	34.0625	0	0
23	607800	0.716261	-0.0932174	-119.93	34.0625	-0.00508354	-0.0119273	0.996467	34.0625	0	0
23	607810	0.713478	-0.0950435	-119.776	34.125	-0.00501928	-0.0120928	0.996756	34.125	0	0
23	607820	0.710522	-0.115043	-119.809	34.125	-0.00484865	-0.0120566	0.996435	34.125	0	0
23	607830	0.707391	-0.0937391	-119.83	34.125	-0.00489814	-0.0124008	0.997088	34.125	0	0
23	607840	0.697304	-0.0965217	-119.834	34.125	-0.00482575	-0.0117405	0.996482	34.125	0	0
23	607850	0.714869	-0.0813913	-119.815	34.0625	-0.00532435	-0.0118653	0.996552	34.0625	0	0
23	607860	0.724	-0.0775652	-119.778	34.125	-0.00521798	-0.0121386	0.996378	34.125	0	0
23	607870	0.73313	-0.0877391	-119.807	34.125	-0.00525048	-0.0124548	0.996658	34.125	0	0
23	607880	0.711565	-0.0821739	-119.861	34.0625	-0.00520173	-0.012126	0.996519	34.0625	0	0
23	607890	0.720957	-0.0832174	-119.663	34.0625	-0.0052165	-0.0121822	0.996224	34.0625	0	0
23	607900	0.707043	-0.0736522	-119.822	34.0625	-0.00522537	-0.0122405	0.99674	34.0625	0	0
23	607910	0.716943	-0.0826957	-119.833	34.0625	-0.00496462	-0.0118151	0.996706	34.0625	0	0
23	607920	0.732087	-0.0853043	-119.813	34.0625	-0.00495206	-0.0118801	0.996474	34.0625	0	0
23	607930	0.706783	-0.0977391	-119.854	34.125	-0.00480876	-0.012067	0.996418	34.125	0	0
23	607940	0.706261	-0.0915652	-119.76	34.125	-0.00495206	-0.0119074	0.996587	34.125	0	0
23	607950	0.711217	-0.0904348	-119.751	34.0625	-0.00486785	-0.0120522	0.996664	34.0625	0	0
23	607960	0.721565	-0.0812174	-119.819	34.125	-0.00491587	-0.0120817	0.996532	34.125	0	0
23	607970	0.716348	-0.104609	-119.813	34.125	-0.00469131	-0.0121851	0.996386	34.125	0	0
23	607980	0.711652	-0.0981739	-119.794	34.125	-0.00482279	-0.0122524	0.996512	34.125	0	0
23	607990	0.719826	-0.0975652	-119.896	34.0625	-0.00485382	-0.0124444	0.996497	34.0625	0	0
23	608000	0.697739	-0.0963478	-119.788	34.0625	-0.00470608	-0.0126512	0.996451	34.0625	0	0
23	608010	0.701217	-0.0929565	-119.855	34.125	-0.00492399	-0.0121888	0.996137	34.125	0	0
23	608020	0.727391	-0.08	-119.763	34.0625	-0.00479546	-0.0122287	0.996352	34.0625	0	0
23	608030	0.709565	-0.089083	-119.761	34.125	-0.00470608	-0.0120596	0.996712	34.125	0	0
23	608040	0.706261	-0.0856522	-119.807	34.0625	-0.00485973	-0.0120891	0.996437	34.0625	0	0
23	608050	0.70313	-0.0826957	-119.806	34.0625	-0.00488041	-0.0123432	0.996884	34.0625	0	0
23	608060	0.708609	-0.0810435	-119.85	34.125	-0.00501633	-0.0121113	0.996614	34.125	0	0
23	608070	0.735043	-0.0703478	-119.756	34.125	-0.00490922	-0.0119975	0.996533	34.125	0	0
23	608080	0.722087	-0.0862609	-119.755	34.0625	-0.00503184	-0.0124592	0.996026	34.0625	0	0
23	608090	0.719565	-0.092	-119.823	34.125	-0.00492399	-0.0118018	0.996557	34.125	0	0
23	608100	0.710609	-0.104609	-119.786	34.125	-0.00511457	-0.011849	0.99636	34.125	0	0
23	608110	0.728348	-0.101652	-119.776	34.125	-0.00513451	-0.0118365	0.996644	34.125	0	0
23	608120	0.73113	-0.0920869	-119.779	34.0625	-0.00510053	-0.0116718	0.996533	34.0625	0	0
23	608130	0.709391	-0.10687	-119.812	34.125	-0.0049986	-0.0120345	0.996699	34.125	0	0
23	608140	0.709826	-0.101217	-119.866	34.125	-0.00510792	-0.012197	0.996547	34.125	0	0
23	608150	0.723043	-0.0944348	-119.792	34.0625	-0.00500229	-0.0120411	0.99666	34.0625	0	0
23	608160	0.70487	-0.0831304	-119.79	34.0625	-0.0051744	-0.0120145	0.996538	34.0625	0	0
23	608170	0.734087	-0.112348	-119.85	34.125	-0.00481762	-0.0118941	0.996243	34.125	0	0
23	608180	0.720522	-0.0805217	-119.909	34.125	-0.00507099	-0.0119443	0.996348	34.125	0	0
23	608190	0.727478	-0.097913	-119.892	34.125	-0.0052394	-0.0119362	0.996564	34.125	0	0
23	608200	0.714261	-0.108	-119.82	34.125	-0.00505695	-0.012358	0.996711	34.125	0	0
23	608210	0.725478	-0.0961739	-119.809	34.125	-0.00515889	-0.0121061	0.996849	34.125	0	0
23	608220	0.715913	-0.0737391	-119.825	34.125	-0.00510866	-0.0121645	0.9968	34.125	0	0
23	608230	0.724348	-0.0963478	-119.837	34.125	-0.00477478	-0.012245	0.996479	34.125	0	0
23	608240	0.702696	-0.0983478	-119.829	34.125	-0.00481762	-0.0123447	0.996745	34.125	0	0
23	608250	0.71687	-0.0914783	-119.792	34.125	-0.00507099	-0.0123115	0.996301	34.125	0	0
23	608260	0.706348	-0.0833913	-119.824	34.125	-0.00507985	-0.0118328	0.996593	34.125	0	0
23	608270	0.71887	-0.100522	-119.827	34.125	-0.00475631	-0.0119473	0.99655	34.125	0	0
23	608280	0.715304	-0.108261	-119.833	34.125	-0.00510792	-0.0122199	0.996879	34.125	0	0
23	608290	0.707565	-0.0966087	-119.79	34.125	-0.00482722	-0.0120448	0.996339	34.125	0	0
23	608300	0.719652	-0.086	-119.817	34.125	-0.00506212	-0.0125175	0.996518	34.125	0	0
23	608310	0.704261	-0.0997391	-119.751	34.0625	-0.00475557	-0.0122361	0.996381	34.0625	0	0
23	608320	0.736174	-0.088087	-119.784	34.125	-0.00482944	-0.0122959	0.996585	34.125	0	0
23	608330	0.702522	-0.0967826	-119.845	34.125	-0.0049528	-0.0121327	0.996505	34.125	0	0
23	608340	0.7	-0.101826	-119.852	34.125	-0.00497496	-0.011739	0.996631	34.125	0	0
23	608350	0.699826	-0.0953913	-119.839	34.125	-0.00507616	-0.012098	0.996722	34.125	0	0
23	608360	0.727304	-0.09	-119.772	34.125	-0.00491956	-0.0119576	0.996341	34.125	0	0
23	608370	0.708261	-0.0826957	-119.761	34.125	-0.00474302	-0.0120995	0.996977	34.125	0	0
23	608380	0.736261	-0.10513	-119.778	34.125	-0.00504218	-0.0120086	0.996602	34.125	0	0
23	608390	0.730087	-0.0853913	-119.789	34.125	-0.00513377	-0.0122405	0.99668	34.125	0	0
23	608400	0.728348	-0.102	-119.844	34.125	-0.00503701	-0.0119458	0.996238	34.125	0	0
23	608410	0.729565	-0.11887	-119.861	34.125	-0.00500155	-0.0115499	0.99645	34.125	0	0
23	608420	0.718	-0.110957	-119.782	34.0625	-0.00492916	-0.0118372	0.996443	34.0625	0	0
23	608430	0.72	-0.0916522	-119.83	34.0625	-0.0049432	-0.0115647	0.996611	34.0625	0	0
23	608440	0.700348	-0.105217	-119.803	34.0625	-0.00487524	-0.0120441	0.996491	34.0625	0	0
23	608450	0.706	-0.124	-119.83	34.0625	-0.00517957	-0.0119672	0.996452	34.0625	0	0
23	608460	0.72313	-0.0793913	-119.888	34.125	-0.00502371	-0.0119576	0.996644	34.125	0	0
23	608470	0.723739	-0.106696	-119.809	34.0625	-0.00491513	-0.0123705	0.996457	34.0625	0	0
23	608480	0.71687	-0.100609	-119.793	34.0625	-0.0050274	-0.0118601	0.996692	34.0625	0	0
23	608490	0.736087	-0.0961739	-119.806	34.0625	-0.00509315	-0.0119613	0.996409	34.0625	0	0
23	608500	0.715217	-0.0857391	-119.871	34.0625	-0.00476518	-0.0123203	0.99682	34.0625	0	0
23	608510	0.715478	-0.0870435	-119.806	34.0625	-0.00508576	-0.0120847	0.996414	34.0625	0	0
23	608520	0.722261	-0.0846087	-119.819	34.0625	-0.00530662	-0.0115233	0.996597	34.0625	0	0
23	608530	0.728261	-0.0853043	-119.785	34.0625	-0.00490552	-0.0122871	0.996768	34.0625	0	0
23	608540	0.729478	-0.0972174	-119.85	34.125	-0.00476296	-0.0123137	0.996768	34.125	0	0
23	608550	0.703391	-0.104609	-119.81	34.0625	-0.00498308	-0.0122287	0.996446	34.0625	0	0
23	608560	0.723304	-0.105739	-119.862	34.125	-0.00489149	-0.0121024	0.996697	34.125	0	0
23	608570	0.733304	-0.0905217	-119.91	34.0625	-0.00514855	-0.0121334	0.996645	34.0625	0	0
23	608580	0.717652	-0.0883478	-119.774	34.0625	-0.00477478	-0.0119635	0.996397	34.0625	0	0
23	608590	0.712783	-0.101565	-119.843	34.0625	-0.00484939	-0.0122007	0.996569	34.0625	0	0
23	608600	0.707217	-0.0796522	-119.816	34.125	-0.00494246	-0.0118409	0.996533	34.125	0	0
23	608610	0.71	-0.0997391	-119.795	34.125	-0.00472898	-0.0121593	0.99646	34.125	0	0
23	608620	0.698	-0.0615652	-119.796	34.0625	-0.00476813	-0.0122287	0.996756	34.0625	0	0
23	608630	0.703043	-0.110609	-119.819	34.0625	-0.00513747	-0.011968	0.996178	34.0625	0	0
23	608640	0.709913	-0.0818261	-119.787	34.0625	-0.00488853	-0.0119377	0.996717	34.0625	0	0
23	608650	0.718783	-0.0783478	-119.82	34.125	-0.00495132	-0.0119672	0.99653	34.125	0	0
23	608660	0.707304	-0.0994783	-119.832	34.0625	-0.0049299	-0.0120714	0.996699	34.0625	0	0
23	608670	0.707478	-0.1	-119.788	34.0625	-0.00454284	-0.0124141	0.99648	34.0625	0	0
23	608680	0.721826	-0.104957	-119.811	34.125	-0.00495058	-0.012016	0.996084	34.125	0	0
23	608690	0.70713	-0.0911304	-119.827	34.125	-0.00502371	-0.0116112	0.996762	34.125	0	0
23	608700	0.717304	-0.103826	-119.791	34.0625	-0.00496388	-0.0118468	0.996638	34.0625	0	0
23	608710	0.723304	-0.10713	-119.799	34.0625	-0.00512491	-0.0120005	0.996419	34.0625	0	0
23	608720	0.726174	-0.0966087	-119.879	34.0625	-0.00528003	-0.0121342	0.996543	34.0625	0	0
23	608730	0.726	-0.0829565	-119.872	34.0625	-0.00500081	-0.0116688	0.996649	34.0625	0	0
23	608740	0.721913	-0.106609	-119.856	34.125	-0.00511974	-0.0122339	0.996529	34.125	0	0
23	608750	0.729826	-0.0966087	-119.763	34.0625	-0.00499416	-0.0123048	0.996581	34.0625	0	0
23	608760	0.708783	-0.0918261	-119.833	34.0625	-0.00485382	-0.012047	0.996641	34.0625	0	0
23	608770	0.725478	-0.117913	-119.772	34.0625	-0.00500451	-0.0121682	0.996511	34.0625	0	0
23	608780	0.713304	-0.0898261	-119.787	34.125	-0.00511014	-0.0121645	0.996819	34.125	0	0
23	608790	0.694435	-0.0749565	-119.904	34.125	-0.00512195	-0.0117973	0.996492	34.125	0	0
23	608800	0.714348	-0.0764348	-119.893	34.0625	-0.00523202	-0.0118298	0.996453	34.0625	0	0
23	608810	0.717391	-0.0906956	-119.817	34.125	-0.00508798	-0.0117501	0.996599	34.125	0	0
23	608820	0.708348	-0.0766957	-119.818	34.0625	-0.00496388	-0.0121755	0.996501	34.0625	0	0
23	608830	0.720348	-0.0835652	-119.811	34.0625	-0.00484126	-0.0119717	0.996563	34.0625	0	0
23	608840	0.717043	-0.0954783	-119.836	34.125	-0.00498752	-0.0120463	0.996875	34.125	0	0
23	608850	0.704174	-0.100609	-119.799	34.125	-0.00504366	-0.0122051	0.99659	34.125	0	0
23	608860	0.716174	-0.0643478	-119.798	34.125	-0.00477626	-0.0115358	0.99634	34.125	0	0
23	608870	0.714348	-0.104	-119.785	34.125	-0.00472012	-0.0120042	0.996495	34.125	0	0
23	608880	0.725739	-0.0957391	-119.788	34.0625	-0.00498899	-0.0117309	0.996267	34.0625	0	0
23	608890	0.717565	-0.0849565	-119.737	34.125	-0.00472455	-0.0120241	0.996409	34.125	0	0
23	608900	0.725739	-0.0876522	-119.788	34.125	-0.00471051	-0.0121305	0.996635	34.125	0	0
23	608910	0.712435	-0.0963478	-119.794	34.0625	-0.00472529	-0.0119126	0.996417	34.0625	0	0
23	608920	0.714869	-0.0915652	-119.84	34.125	-0.00486637	-0.0121416	0.996592	34.125	0	0
23	608930	0.716261	-0.0830435	-119.816	34.125	-0.00495206	-0.0119096	0.996629	34.125	0	0
23	608940	0.708261	-0.100609	-119.84	34.125	-0.00497274	-0.0123041	0.996805	34.125	0	0
23	608950	0.722435	-0.0916522	-119.827	34.125	-0.00509241	-0.0122184	0.996432	34.125	0	0
23	608960	0.730087	-0.10913	-119.773	34.125	-0.00484865	-0.0119754	0.996358	34.125	0	0
23	608970	0.723652	-0.0983478	-119.798	34.125	-0.00493064	-0.0119576	0.996349	34.125	0	0
23	608980	0.711826	-0.112348	-119.887	34.125	-0.00483535	-0.0118564	0.99659	34.125	0	0
23	608990	0.72487	-0.100348	-119.836	34.125	-0.00498752	-0.0121157	0.996466	34.125	0	0
23	609000	0.729739	-0.0835652	-119.858	34.0625	-0.00523571	-0.0119421	0.996625	34.0625	0	0
23	609010	0.727478	-0.0738261	-119.813	34.0625	-0.00500303	-0.0118919	0.99657	34.0625	0	0
23	609020	0.718435	-0.0972174	-119.809	34.0625	-0.00510866	-0.0119229	0.996734	34.0625	0	0
23	609030	0.738783	-0.088087	-119.819	34.0625	-0.00470978	-0.0120485	0.996971	34.0625	0	0
23	609040	0.722174	-0.109304	-119.761	34.125	-0.00509758	-0.0121091	0.996518	34.125	0	0
23	609050	0.736261	-0.0883478	-119.787	34.125	-0.00510718	-0.0118623	0.996553	34.125	0	0
23	609060	0.727652	-0.0937391	-119.801	34.0625	-0.00517071	-0.0121999	0.996482	34.0625	0	0
23	609070	0.707913	-0.083913	-119.835	34.125	-0.00507542	-0.011787	0.996371	34.125	0	0
23	609080	0.712	-0.0906087	-119.874	34.0625	-0.00490479	-0.012406	0.996442	34.0625	0	0
23	609090	0.73113	-0.091913	-119.788	34.0625	-0.00489371	-0.0123957	0.996027	34.0625	0	0
23	609100	0.709304	-0.0877391	-119.77	34.0625	-0.00509389	-0.0124296	0.996511	34.0625	0	0
23	609110	0.711913	-0.0840869	-119.842	34.125	-0.00506582	-0.0121578	0.996386	34.125	0	0
23	609120	0.70887	-0.103043	-119.907	34.125	-0.00497939	-0.0120773	0.996829	34.125	0	0
23	609130	0.71313	-0.0951304	-119.757	34.125	-0.00466398	-0.0123669	0.996729	34.125	0	0
23	609140	0.715478	-0.101565	-119.821	34.125	-0.0049203	-0.0122228	0.996605	34.125	0	0
23	609150	0.714435	-0.0813913	-119.798	34.0625	-0.00485012	-0.0120721	0.996682	34.0625	0	0
23	609160	0.710522	-0.0925217	-119.782	34.0625	-0.00459454	-0.0120448	0.996374	34.0625	0	0
23	609170	0.69487	-0.0949565	-119.812	34.125	-0.00479768	-0.012064	0.996577	34.125	0	0
23	609180	0.725478	-0.0804348	-119.883	34.125	-0.0048878	-0.0122317	0.996686	34.125	0	0
23	609190	0.720783	-0.0746957	-119.78	34.0625	-0.00481836	-0.0121201	0.996403	34.0625	0	0
23	609200	0.709391	-0.102783	-119.843	34.125	-0.00490922	-0.0119879	0.996731	34.125	0	0
23	609210	0.7	-0.0992174	-119.848	34.0625	-0.00493359	-0.0119694	0.996321	34.0625	0	0
23	609220	0.694522	-0.101565	-119.789	34.125	-0.00493064	-0.01218	0.996829	34.125	0	0
23	609230	0.723739	-0.100783	-119.809	34.0625	-0.00491439	-0.0122029	0.996848	34.0625	0	0
23	609240	0.738783	-0.0872174	-119.786	34.0625	-0.00473711	-0.0116156	0.99647	34.0625	0	0
23	609250	0.706957	-0.111565	-119.814	34.0625	-0.00486564	-0.01179	0.996367	34.0625	0	0
