23	534980	0.199391	-0.0686463	-29.9546	34.0625	-0.000305072	-0.00595222	0.996774	34.0625	0	0
23	534990	0.19513	-0.0906087	-29.9909	34.0625	-0.000232682	-0.0060416	0.996395	34.0625	0	0
23	535000	0.205217	-0.094	-29.9563	34.125	-0.0003782	-0.00599211	0.996895	34.125	0	0
23	535010	0.188435	-0.092	-29.9997	34.125	-0.000309504	-0.00616274	0.996245	34.125	0	0
23	535020	0.189826	-0.087913	-29.9511	34.0625	-0.000258535	-0.00633633	0.996358	34.0625	0	0
23	535030	0.20287	-0.0898261	-30.0154	34.0625	-0.000323539	-0.00640134	0.996572	34.0625	0	0
23	535040	0.19113	-0.0734783	-29.9823	34.125	-0.000454284	-0.00634815	0.99646	34.125	0	0
23	535050	0.194783	-0.0846957	-29.9959	34.0625	-0.000532583	-0.00621297	0.996462	34.0625	0	0
23	535060	0.200261	-0.0931304	-30.0048	34.125	-0.000384848	-0.0060741	0.996251	34.125	0	0
23	535070	0.192261	-0.0837391	-30.0108	34.125	-0.000426214	-0.00624695	0.996446	34.125	0	0
23	535080	0.202	-0.0806087	-30.011	34.0625	-0.000246717	-0.00671896	0.996448	34.0625	0	0
23	535090	0.192261	-0.0868696	-29.9799	34.125	-0.000446897	-0.00614575	0.996474	34.125	0	0
23	535100	0.173391	-0.0813913	-29.9725	34.125	-0.000491217	-0.00624843	0.996607	34.125	0	0
23	535110	0.20713	-0.0756522	-29.9895	34.125	-0.000452806	-0.00620706	0.996618	34.125	0	0
23	535120	0.19513	-0.0750435	-29.9882	34.0625	-0.000613098	-0.00633707	0.996505	34.0625	0	0
23	535130	0.204609	-0.0836522	-29.9537	34.0625	-0.000503775	-0.00607189	0.99691	34.0625	0	0
23	535140	0.196957	-0.0858261	-29.9856	34.0625	-0.000371552	-0.00604456	0.996798	34.0625	0	0
23	535150	0.178	-0.0867826	-30.0326	34.125	-0.000343483	-0.00586654	0.996432	34.125	0	0
23	535160	0.189913	-0.103478	-29.9992	34.0625	-0.000570255	-0.00616274	0.996398	34.0625	0	0
23	535170	0.17713	-0.0894783	-29.9746	34.0625	-0.000328709	-0.00674334	0.996669	34.0625	0	0
23	535180	0.210174	-0.0541739	-29.9945	34.0625	-0.000379678	-0.00623809	0.996392	34.0625	0	0
23	535190	0.182	-0.0643478	-29.9961	34.125	-0.000412179	-0.00644344	0.996516	34.125	0	0
23	535200	0.189652	-0.0838261	-30.0101	34.125	-0.000394451	-0.00637474	0.996445	34.125	0	0
23	535210	0.188348	-0.0715652	-29.9913	34.0625	-0.000193532	-0.00613911	0.99652	34.0625	0	0
23	535220	0.193826	-0.072087	-29.9716	34.0625	-0.00063452	-0.00645083	0.99642	34.0625	0	0
23	535230	0.188087	-0.0866956	-29.9844	34.0625	-0.000667021	-0.00615831	0.996752	34.0625	0	0
23	535240	0.197913	-0.111304	-29.9674	34.0625	-0.000325016	-0.00630161	0.996537	34.0625	0	0
23	535250	0.195391	-0.072	-30.0235	34.0625	-0.000469057	-0.00652322	0.996412	34.0625	0	0
23	535260	0.190174	-0.0763478	-30.0182	34.0625	-0.000291037	-0.00605933	0.996704	34.0625	0	0
23	535270	0.180609	-0.0833043	-29.9731	34.0625	-0.000124097	-0.00645009	0.997085	34.0625	0	0
23	535280	0.176957	-0.0725217	-29.9977	34.0625	-0.000269615	-0.00631639	0.996282	34.0625	0	0
23	535290	0.194435	-0.0890435	-29.9698	34.0625	-0.000392235	-0.00644639	0.996611	34.0625	0	0
23	535300	0.202174	-0.0906087	-29.9725	34.0625	-0.000366382	-0.00586875	0.996372	34.0625	0	0
23	535310	0.187913	-0.0713913	-29.9823	34.0625	-0.000570994	-0.00618121	0.996294	34.0625	0	0
23	535320	0.19313	-0.0744348	-30.0037	34.0625	-0.00036195	-0.00607484	0.996745	34.0625	0	0
23	535330	0.178522	-0.0589565	-29.9964	34.0625	-0.000350131	-0.0063223	0.996279	34.0625	0	0
23	535340	0.182957	-0.0916522	-29.9857	34.0625	-0.000441726	-0.00650032	0.996354	34.0625	0	0
23	535350	0.193391	-0.0872174	-29.9459	34.0625	-0.000613098	-0.00612729	0.996457	34.0625	0	0
23	535360	0.185652	-0.0843478	-30.0113	34.0625	-0.000548095	-0.00620928	0.996684	34.0625	0	0
23	535370	0.19513	-0.0892174	-30.005	34.0625	-0.000232682	-0.00631196	0.99683	34.0625	0	0
23	535380	0.188783	-0.0781739	-29.9863	34.125	-0.000387803	-0.00696864	0.996851	34.125	0	0
23	535390	0.18513	-0.0932174	-29.9793	34.0625	-0.000295469	-0.00603569	0.996898	34.0625	0	0
23	535400	0.184261	-0.0817391	-29.9963	34.125	-0.000237114	-0.00622258	0.996299	34.125	0	0
23	535410	0.19	-0.0769565	-30.0237	34.0625	-0.000624917	-0.0061103	0.996476	34.0625	0	0
23	535420	0.192609	-0.0775652	-29.9583	34.0625	-0.000517809	-0.00671823	0.996873	34.0625	0	0
23	535430	0.196174	-0.0878261	-29.9936	34.0625	-0.000233421	-0.00633929	0.997057	34.0625	0	0
23	535440	0.184696	-0.101043	-29.9607	34.0625	-0.000382632	-0.00595887	0.996627	34.0625	0	0
23	535450	0.196261	-0.093913	-29.9712	34.0625	-0.000295469	-0.00631787	0.996725	34.0625	0	0
23	535460	0.191478	-0.0838261	-29.998	34.125	-0.000180236	-0.00630974	0.996588	34.125	0	0
23	535470	0.184522	-0.0652174	-29.9701	34.0625	-0.000314674	-0.00615093	0.99668	34.0625	0	0
23	535480	0.179826	-0.0781739	-30.0142	34.125	-0.000350869	-0.00616053	0.996683	34.125	0	0
23	535490	0.192261	-0.077913	-29.9783	34.125	-0.000180975	-0.00607632	0.996197	34.125	0	0
23	535500	0.19713	-0.096	-29.9717	34.0625	-0.000618269	-0.00647446	0.996479	34.0625	0	0
23	535510	0.184783	-0.0622609	-29.9616	34.125	-0.000469796	-0.00578233	0.996356	34.125	0	0
23	535520	0.179304	-0.0693913	-29.976	34.125	-0.000420305	-0.00607189	0.9962	34.125	0	0
23	535530	0.169478	-0.086087	-29.9466	34.0625	-0.000370814	-0.00634003	0.996446	34.0625	0	0
23	535540	0.156174	-0.0913913	-29.9506	34.0625	-0.000347915	-0.00624252	0.996807	34.0625	0	0
23	535550	0.160783	-0.0937391	-29.9986	34.0625	-0.000322061	-0.00645304	0.996536	34.0625	0	0
23	535560	0.181826	-0.0838261	-29.9946	34.0625	-0.000259274	-0.00627872	0.996437	34.0625	0	0
23	535570	0.16887	-0.082	-29.9849	34.125	-0.000465364	-0.00627724	0.996488	34.125	0	0
23	535580	0.175913	-0.0742609	-29.9946	34.0625	-0.000466102	-0.00599211	0.996239	34.0625	0	0
23	535590	0.195304	-0.0862609	-30.0187	34.125	-0.000168417	-0.00639173	0.996735	34.125	0	0
23	535600	0.170609	-0.0941739	-29.9423	34.125	-0.000132961	-0.0061886	0.996635	34.125	0	0
23	535610	0.194609	-0.0816522	-29.9667	34.125	-0.000164724	-0.0063681	0.996288	34.125	0	0
23	535620	0.186609	-0.0825217	-29.9765	34.125	-0.000280696	-0.00631639	0.996695	34.125	0	0
23	535630	0.192348	-0.104261	-29.9896	34.0625	-0.000352347	-0.00648037	0.996386	34.0625	0	0
23	535640	0.187043	-0.0836522	-30.0544	34.0625	-0.000391496	-0.00607632	0.996572	34.0625	0	0
23	535650	0.190435	-0.0810435	-29.9763	34.0625	-0.000106369	-0.00611769	0.996233	34.0625	0	0
23	535660	0.182	-0.0938261	-29.9896	34.0625	-0.000132961	-0.0060549	0.996617	34.0625	0	0
23	535670	0.192087	-0.0784348	-29.9791	34.0625	-0.000271831	-0.00621002	0.996593	34.0625	0	0
23	535680	0.179826	-0.0966956	-29.9862	34.125	-0.00040036	-0.00616274	0.996822	34.125	0	0
23	535690	0.170348	-0.079913	-29.9756	34.125	-0.000573949	-0.00619525	0.996167	34.125	0	0
23	535700	0.21113	-0.0876522	-29.9974	34.0625	-0.000430646	-0.00613837	0.996723	34.0625	0	0
23	535710	0.188348	-0.0758261	-29.9991	34.0625	-0.00042843	-0.00640134	0.996651	34.0625	0	0
23	535720	0.174174	-0.0986957	-29.9726	34.125	-0.00040627	-0.00666726	0.996542	34.125	0	0
23	535730	0.181304	-0.0923478	-29.997	34.0625	-0.000156599	-0.00615905	0.996754	34.0625	0	0
23	535740	0.199739	-0.0816522	-29.9841	34.125	-8.93794e-05	-0.00622996	0.99673	34.125	0	0
23	535750	0.18487	-0.0928696	-30.0149	34.0625	-0.000154383	-0.00632747	0.996577	34.0625	0	0
23	535760	0.194261	-0.0682609	-29.9599	34.0625	-0.000429169	-0.00619303	0.996425	34.0625	0	0
23	535770	0.183565	-0.0773043	-30.0173	34.125	-0.000410702	-0.00600171	0.996701	34.125	0	0
23	535780	0.180696	-0.0922609	-29.9791	34.0625	-0.000447636	-0.00628832	0.996392	34.0625	0	0
23	535790	0.186609	-0.0885217	-30.0077	34.0625	-0.000404793	-0.00649663	0.996853	34.0625	0	0
23	535800	0.19287	-0.0875652	-29.9717	34.0625	-6.20485e-05	-0.00645674	0.996999	34.0625	0	0
23	535810	0.200609	-0.0934783	-29.9904	34.0625	-0.000113017	-0.00652839	0.996308	34.0625	0	0
23	535820	0.192522	-0.075913	-29.9786	34.0625	-0.000290298	-0.00619155	0.996525	34.0625	0	0
23	535830	0.175391	-0.0970435	-30.012	34.125	-0.000267399	-0.00642941	0.996673	34.125	0	0
23	535840	0.192348	-0.0755652	-29.941	34.125	-0.000570994	-0.00628758	0.996498	34.125	0	0
23	535850	0.190609	-0.0924348	-29.9548	34.125	-0.000169156	-0.00619894	0.996827	34.125	0	0
23	535860	0.199913	-0.107913	-29.9782	34.125	-0.000320584	-0.00592637	0.996742	34.125	0	0
23	535870	0.192783	-0.0721739	-29.9929	34.125	-0.00020609	-0.00592194	0.996391	34.125	0	0
23	535880	0.210435	-0.0646956	-29.9692	34.125	-0.000151428	-0.00624769	0.996596	34.125	0	0
23	535890	0.196609	-0.0665217	-29.975	34.0625	-0.000166201	-0.00614723	0.996388	34.0625	0	0
23	535900	0.184783	-0.0991304	-29.9896	34.0625	-0.00017802	-0.00640946	0.996137	34.0625	0	0
23	535910	0.199304	-0.0754783	-29.9987	34.125	-0.000288082	-0.00641242	0.996465	34.125	0	0
23	535920	0.187391	-0.0791304	-29.9715	34.125	-0.00042843	-0.00620042	0.996443	34.125	0	0
23	535930	0.194	-0.0925217	-29.9891	34.125	-0.000422521	-0.00604973	0.996446	34.125	0	0
23	535940	0.196522	-0.0946957	-29.9963	34.125	-0.000322061	-0.00615019	0.996622	34.125	0	0
23	535950	0.191391	-0.0969565	-30.0375	34.125	-0.00043951	-0.00649145	0.99681	34.125	0	0
23	535960	0.17713	-0.0786087	-29.9753	34.0625	-0.000305072	-0.00594557	0.996344	34.0625	0	0
23	535970	0.195913	-0.0736522	-29.9525	34.0625	-0.000489001	-0.00608223	0.996108	34.0625	0	0
23	535980	0.185565	-0.0952174	-29.9765	34.0625	-0.000364904	-0.00619081	0.996595	34.0625	0	0
23	535990	0.200522	-0.0813043	-29.9998	34.0625	-0.000330925	-0.00626173	0.996809	34.0625	0	0
23	536000	0.185391	-0.104609	-30.0216	34.0625	-0.000262967	-0.00625286	0.996708	34.0625	0	0
23	536010	0.183478	-0.0916522	-29.9404	34.0625	-0.000288082	-0.00614649	0.996532	34.0625	0	0
23	536020	0.190522	-0.0689565	-30.0042	34.0625	-0.000257058	-0.00620928	0.996521	34.0625	0	0
23	536030	0.195217	-0.0925217	-29.9585	34.0625	-0.000296208	-0.00603422	0.996579	34.0625	0	0
23	536040	0.185739	-0.0974783	-29.9823	34.125	-0.000270354	-0.00609183	0.99659	34.125	0	0
23	536050	0.176261	-0.0776522	-29.9951	34.125	-0.000211999	-0.00616865	0.99671	34.125	0	0
23	536060	0.196261	-0.100174	-29.999	34.125	-0.000568778	-0.0062898	0.996528	34.125	0	0
23	536070	0.184435	-0.0975652	-29.9897	34.125	-0.000286605	-0.00621002	0.996346	34.125	0	0
23	536080	0.189043	-0.107826	-29.9669	34.0625	-8.1254e-05	-0.00607336	0.996622	34.0625	0	0
23	536090	0.183304	-0.0878261	-29.9657	34.0625	-0.000112278	-0.00640946	0.996642	34.0625	0	0
23	536100	0.201565	-0.113304	-30.039	34.0625	-0.000323539	-0.00626247	0.996473	34.0625	0	0
23	536110	0.197565	-0.0866956	-29.9725	34.125	-0.000403315	-0.00617087	0.996125	34.125	0	0
23	536120	0.19287	-0.082	-29.972	34.0625	-0.000500081	-0.00616939	0.996518	34.0625	0	0
23	536130	0.187304	-0.0787826	-30.0103	34.125	-0.000565823	-0.00628758	0.996471	34.125	0	0
23	536140	0.184696	-0.0889565	-29.9544	34.0625	-0.000276264	-0.00607484	0.996839	34.0625	0	0
23	536150	0.193739	-0.0773913	-29.9548	34.0625	-0.000465364	-0.00654759	0.996502	34.0625	0	0
23	536160	0.188957	-0.0866087	-29.9797	34.125	-0.000240807	-0.00625951	0.996361	34.125	0	0
23	536170	0.194	-0.0867826	-29.9952	34.125	-0.000437294	-0.00625065	0.996691	34.125	0	0
23	536180	0.182435	-0.0904348	-29.9603	34.0625	-0.00045059	-0.00607632	0.996663	34.0625	0	0
23	536190	0.191826	-0.0895652	-29.9755	34.0625	-0.00021717	-0.00623366	0.996346	34.0625	0	0
23	536200	0.184522	-0.105217	-29.995	34.0625	-0.000367859	-0.00615536	0.996199	34.0625	0	0
23	536210	0.193739	-0.0943478	-29.9466	34.0625	-0.000159553	-0.00623366	0.996273	34.0625	0	0
23	536220	0.176435	-0.0923478	-29.9887	34.0625	-0.000535538	-0.00612064	0.995991	34.0625	0	0
23	536230	0.192783	-0.0837391	-29.9698	34.0625	-0.000263706	-0.00619525	0.996745	34.0625	0	0
23	536240	0.196087	-0.0769565	-29.9499	34.0625	-0.000416611	-0.00619377	0.996669	34.0625	0	0
23	536250	0.189391	-0.104348	-29.9891	34.0625	-0.000539231	-0.0065535	0.996334	34.0625	0	0
23	536260	0.195043	-0.0838261	-29.9868	34.0625	-0.000521503	-0.00619229	0.996783	34.0625	0	0
23	536270	0.203739	-0.0864348	-29.9592	34.0625	-0.000398883	-0.00620633	0.996581	34.0625	0	0
23	536280	0.177913	-0.0838261	-29.952	34.0625	-0.000299901	-0.00629349	0.996256	34.0625	0	0
23	536290	0.18313	-0.067913	-29.9512	34.0625	-0.000236375	-0.00629201	0.996338	34.0625	0	0
23	536300	0.192	-0.0614783	-30.0079	34.125	-0.000288082	-0.00629054	0.996169	34.125	0	0
23	536310	0.193652	-0.0844348	-29.9816	34.0625	-0.000251887	-0.00631787	0.996089	34.0625	0	0
23	536320	0.191652	-0.0786956	-30.0102	34.0625	-0.000514116	-0.00601058	0.9964	34.0625	0	0
23	536330	0.205565	-0.0903478	-29.9732	34.0625	-0.000241546	-0.00651066	0.996329	34.0625	0	0
23	536340	0.202609	-0.0765217	-29.9826	34.0625	-0.000237114	-0.00609996	0.996443	34.0625	0	0
23	536350	0.18687	-0.0916522	-30.0362	34.0625	-0.000313936	-0.00608001	0.996267	34.0625	0	0
23	536360	0.195478	-0.083913	-29.9383	34.0625	-0.000499343	-0.00624178	0.996543	34.0625	0	0
23	536370	0.201739	-0.0794783	-29.967	34.0625	-0.000134438	-0.00627798	0.996621	34.0625	0	0
23	536380	0.196348	-0.0785217	-30.0097	34.0625	-0.000217908	-0.00630235	0.996771	34.0625	0	0
23	536390	0.189391	-0.0923478	-29.9753	34.0625	-0.000512639	-0.00639099	0.996606	34.0625	0	0
23	536400	0.191565	-0.106	-29.985	34.0625	-0.000110801	-0.00613763	0.99661	34.0625	0	0
23	536410	0.18913	-0.0770435	-29.9912	34.0625	-0.000369336	-0.00629792	0.99631	34.0625	0	0
23	536420	0.188435	-0.0921739	-29.977	34.0625	-0.000358256	-0.00630826	0.996598	34.0625	0	0
23	536430	0.203652	-0.0832174	-29.9679	34.0625	-0.000404793	-0.00623587	0.996532	34.0625	0	0
23	536440	0.18287	-0.0990435	-29.9663	34.125	-0.000544402	-0.00630161	0.996624	34.125	0	0
23	536450	0.197478	-0.0912174	-29.973	34.125	-0.000563607	-0.00619155	0.996458	34.125	0	0
23	536460	0.181217	-0.0932174	-29.9661	34.0625	-0.000182452	-0.00635702	0.996504	34.0625	0	0
23	536470	0.187478	-0.101304	-29.9737	34.125	-0.000446897	-0.00652469	0.996534	34.125	0	0
23	536480	0.189565	-0.0743478	-29.9784	34.125	-0.00053406	-0.00623513	0.996741	34.125	0	0
23	536490	0.200522	-0.0949565	-29.9941	34.125	-0.000466841	-0.00644713	0.996345	34.125	0	0
23	536500	0.194783	-0.0926957	-29.998	34.125	-0.000372291	-0.00616422	0.99643	34.125	0	0
23	536510	0.199913	-0.0714783	-29.9822	34.125	-0.000596109	-0.00629866	0.9964	34.125	0	0
23	536520	0.186087	-0.0825217	-29.9723	34.125	-0.000569516	-0.00653873	0.996849	34.125	0	0
23	536530	0.200783	-0.0937391	-29.9853	34.125	-0.000490479	-0.00619525	0.996428	34.125	0	0
23	536540	0.192	-0.0713913	-29.9904	34.125	-0.000319107	-0.00637918	0.996429	34.125	0	0
23	536550	0.205739	-0.102609	-29.9673	34.0625	-0.000520764	-0.00604899	0.996553	34.0625	0	0
23	536560	0.188783	-0.0808696	-29.9639	34.125	-0.000267399	-0.00650106	0.996446	34.125	0	0
23	536570	0.175565	-0.0751304	-29.9843	34.125	-0.000474228	-0.00622553	0.996452	34.125	0	0
23	536580	0.199913	-0.0924348	-29.9481	34.125	-0.000349392	-0.00630974	0.996524	34.125	0	0
23	536590	0.196348	-0.0891304	-29.9899	34.125	-0.000244501	-0.00622036	0.996307	34.125	0	0
23	536600	0.194174	-0.0686956	-30.0251	34.125	-0.000207567	-0.00638213	0.996743	34.125	0	0
23	536610	0.187304	-0.0791304	-30.002	34.125	-0.000322061	-0.0062898	0.996563	34.125	0	0
23	536620	0.213478	-0.084	-30.0494	34.125	-0.000531844	-0.00609848	0.996488	34.125	0	0
23	536630	0.178	-0.0728696	-29.9461	34.125	-0.000423259	-0.0063186	0.996621	34.125	0	0
23	536640	0.182348	-0.103913	-30.0057	34.125	-0.00028365	-0.00624178	0.996534	34.125	0	0
23	536650	0.188609	-0.108	-29.997	34.0625	-0.000205351	-0.00657197	0.996348	34.0625	0	0
23	536660	0.187478	-0.0658261	-29.971	34.125	-0.000203874	-0.00648554	0.996403	34.125	0	0
23	536670	0.166435	-0.0857391	-30.0083	34.125	-0.000270354	-0.00644639	0.996666	34.125	0	0
23	536680	0.186087	-0.0756522	-29.9829	34.125	-0.00043951	-0.00633855	0.996499	34.125	0	0
23	536690	0.187217	-0.0896522	-30.0012	34.0625	-0.0003782	-0.00623218	0.996464	34.0625	0	0
23	536700	0.194696	-0.087913	-30.0117	34.125	-0.000135177	-0.0061657	0.996632	34.125	0	0
23	536710	0.199391	-0.0951304	-29.9728	34.0625	-0.000416611	-0.00618638	0.996689	34.0625	0	0
23	536720	0.19113	-0.0787826	-29.9643	34.125	-0.000313197	-0.00633116	0.996422	34.125	0	0
23	536730	0.176783	-0.0717391	-29.9864	34.125	-0.000506729	-0.00633855	0.996755	34.125	0	0
23	536740	0.190435	-0.088087	-29.9783	34.125	-0.00040036	-0.00645748	0.996737	34.125	0	0
23	536750	0.179391	-0.0806087	-29.967	34.125	-0.000378939	-0.00656015	0.996074	34.125	0	0
23	536760	0.184087	-0.0885217	-30.0186	34.0625	-9.67661e-05	-0.00671601	0.99659	34.0625	0	0
23	536770	0.169304	-0.0810435	-29.977	34.125	-0.000244501	-0.0062344	0.996814	34.125	0	0
23	536780	0.177478	-0.064	-29.9711	34.0625	-0.000265183	-0.00627872	0.996389	34.0625	0	0
23	536790	0.194435	-0.0838261	-29.9827	34.125	-0.000385587	-0.00628758	0.996864	34.125	0	0
23	536800	0.186609	-0.0866956	-29.9955	34.125	-0.000392974	-0.00640798	0.996387	34.125	0	0
23	536810	0.180087	-0.0729565	-30.0206	34.125	-0.000482353	-0.00617087	0.996482	34.125	0	0
23	536820	0.192435	-0.0638261	-30.0143	34.125	-0.000310242	-0.00639247	0.996378	34.125	0	0
23	536830	0.19513	-0.084	-29.9862	34.125	-0.000372291	-0.00612877	0.9969	34.125	0	0
23	536840	0.181565	-0.0935652	-29.9975	34.125	-0.00020018	-0.0060549	0.997328	34.125	0	0
23	536850	0.206957	-0.0814783	-30.0034	34.125	-0.000186884	-0.00620854	0.996447	34.125	0	0
23	536860	0.197217	-0.0846087	-29.9685	34.0625	-0.000260751	-0.00631639	0.99687	34.0625	0	0
23	536870	0.193652	-0.0920869	-30.0633	34.125	-0.000355301	-0.00615831	0.996443	34.125	0	0
23	536880	0.189652	-0.0752174	-29.9878	34.125	-0.000432123	-0.00660225	0.99663	34.125	0	0
23	536890	0.194522	-0.100522	-30.0032	34.0625	-0.000418089	-0.00589461	0.996473	34.0625	0	0
23	536900	0.19513	-0.088	-29.9852	34.125	1.55121e-05	-0.00627576	0.996612	34.125	0	0
23	536910	0.197652	-0.0933913	-29.985	34.125	-0.000371552	-0.00608962	0.996824	34.125	0	0
23	536920	0.196348	-0.0732174	-29.9777	34.125	-0.00041735	-0.00623513	0.996864	34.125	0	0
23	536930	0.171652	-0.0926087	-29.9915	34.125	1.84668e-05	-0.006309	0.996775	34.125	0	0
23	536940	0.21113	-0.0926087	-29.9836	34.125	-0.000104153	-0.00631491	0.996569	34.125	0	0
23	536950	0.193478	-0.0985217	-29.9843	34.125	-3.02856e-05	-0.00602978	0.996474	34.125	0	0
23	536960	0.180696	-0.0924348	-29.9658	34.125	-0.000247455	-0.0062898	0.996528	34.125	0	0
23	536970	0.204348	-0.0869565	-29.964	34.125	-0.00022234	-0.00652617	0.996587	34.125	0	0
23	536980	0.181391	-0.0822609	-30.0181	34.125	-0.000305072	-0.00609996	0.996356	34.125	0	0
23	536990	0.178348	-0.0842609	-29.9743	34.125	-0.000186884	-0.00610808	0.996526	34.125	0	0
23	537000	0.188783	-0.0964348	-30.0051	34.125	-0.000409225	-0.00603569	0.996356	34.125	0	0
23	537010	0.199826	-0.0913043	-29.9903	34.125	-0.000269615	-0.00616939	0.996836	34.125	0	0
23	537020	0.204957	-0.0923478	-29.992	34.125	-0.000146257	-0.00634889	0.996516	34.125	0	0
23	537030	0.198609	-0.101391	-30.0083	34.125	-0.0003228	-0.00656606	0.996567	34.125	0	0
23	537040	0.174957	-0.0885217	-29.9729	34.125	-0.000380416	-0.00630235	0.996281	34.125	0	0
23	537050	0.18687	-0.0955652	-30.0336	34.125	-0.000285128	-0.00650032	0.996442	34.125	0	0
23	537060	0.193217	-0.0828696	-30.0484	34.0625	-0.000453545	-0.00616865	0.996505	34.0625	0	0
23	537070	0.204087	-0.080087	-29.9863	34.125	-0.000285128	-0.00599802	0.99676	34.125	0	0
23	537080	0.187043	-0.0807826	-29.9848	34.125	-0.000388542	-0.00617678	0.996601	34.125	0	0
23	537090	0.194087	-0.0996522	-29.9417	34.125	-0.000577642	-0.00630457	0.997059	34.125	0	0
23	537100	0.18313	-0.0804348	-29.9739	34.0625	-0.000163985	-0.00679062	0.996629	34.0625	0	0
23	537110	0.165913	-0.0887826	-29.9524	34.0625	-0.000492695	-0.00607632	0.996497	34.0625	0	0
23	537120	0.181391	-0.0884348	-30.0036	34.0625	-0.000204612	-0.00602166	0.996788	34.0625	0	0
23	537130	0.165739	-0.0922609	-29.999	34.0625	-0.000407747	-0.00621002	0.996469	34.0625	0	0
23	537140	0.190348	-0.0943478	-29.9976	34.0625	-0.000396667	-0.00598916	0.996449	34.0625	0	0
23	537150	0.187739	-0.0945217	-29.968	34.0625	-0.000329448	-0.0062994	0.996144	34.0625	0	0
23	537160	0.190609	-0.117304	-29.9664	34.0625	-0.000197964	-0.00629349	0.996674	34.0625	0	0
23	537170	0.186	-0.1	-30.0037	34.0625	-0.000183929	-0.00620189	0.996624	34.0625	0	0
23	537180	0.196174	-0.0793043	-29.9926	34.0625	-0.000446158	-0.00634889	0.996352	34.0625	0	0
23	537190	0.182348	-0.0946087	-30.0302	34.0625	-0.000304333	-0.00591529	0.996663	34.0625	0	0
23	537200	0.185565	-0.0754783	-29.9862	34.0625	-0.000316891	-0.00591086	0.996698	34.0625	0	0
23	537210	0.208	-0.105826	-29.962	34.0625	-0.000299901	-0.00626173	0.996227	34.0625	0	0
23	537220	0.19887	-0.0754783	-29.9675	34.0625	-0.000310981	-0.0060874	0.996292	34.0625	0	0
23	537230	0.19487	-0.0961739	-29.978	34.0625	-0.000104891	-0.00605194	0.996611	34.0625	0	0
23	537240	0.205043	-0.0926957	-29.9645	34.125	-0.000328709	-0.00609479	0.996943	34.125	0	0
23	537250	0.176	-0.10287	-29.9643	34.0625	-0.000486785	-0.00621371	0.996449	34.0625	0	0
23	537260	0.187652	-0.0878261	-29.9808	34.0625	-0.000254842	-0.00614575	0.996816	34.0625	0	0
23	537270	0.186348	-0.0987826	-29.9904	34.0625	-0.000426214	-0.00581631	0.996592	34.0625	0	0
23	537280	0.19487	-0.0805217	-30.0034	34.125	-0.000490479	-0.00635111	0.996703	34.125	0	0
23	537290	0.183391	-0.0866087	-29.9657	34.0625	-0.000342005	-0.00601279	0.996457	34.0625	0	0
23	537300	0.199043	-0.0911304	-30.0021	34.0625	-0.000497127	-0.00597512	0.996878	34.0625	0	0
23	537310	0.196	-0.0878261	-29.9622	34.0625	-0.000372291	-0.00615831	0.996769	34.0625	0	0
23	537320	0.202	-0.0838261	-29.9717	34.0625	-0.00050082	-0.00576165	0.996564	34.0625	0	0
23	537330	0.18913	-0.0693913	-29.9933	34.0625	-0.000339789	-0.00636514	0.996406	34.0625	0	0
23	537340	0.192522	-0.0861739	-29.9737	34.0625	-0.00023933	-0.00626911	0.996198	34.0625	0	0
23	537350	0.188435	-0.0841739	-29.9974	34.0625	-0.000670715	-0.00597364	0.996555	34.0625	0	0
23	537360	0.192174	-0.094	-29.9916	34.0625	-0.000575426	-0.00613615	0.996867	34.0625	0	0
23	537370	0.198957	-0.103043	-29.9461	34.0625	-0.000397406	-0.00633633	0.996565	34.0625	0	0
23	537380	0.194957	-0.102957	-29.9254	34.0625	-0.000342744	-0.00618047	0.996421	34.0625	0	0
23	537390	0.200087	-0.0922609	-29.961	34.0625	-0.000368598	-0.00603717	0.996514	34.0625	0	0
23	537400	0.187565	-0.0903478	-29.9932	34.0625	-0.000316891	-0.00611842	0.996599	34.0625	0	0
23	537410	0.200609	-0.0808696	-29.9929	34.0625	-0.000301378	-0.00637474	0.996533	34.0625	0	0
23	537420	0.199217	-0.0914783	-29.9951	34.0625	-0.000387803	-0.00655055	0.996501	34.0625	0	0
23	537430	0.177739	-0.0941739	-29.9848	34.0625	-0.000437294	-0.00626025	0.996304	34.0625	0	0
23	537440	0.201304	-0.0828696	-29.9809	34.0625	-0.000253365	-0.00613394	0.996393	34.0625	0	0
23	537450	0.203826	-0.10113	-29.9712	34.0625	-0.00031172	-0.00607041	0.996852	34.0625	0	0
23	537460	0.18	-0.0786956	-30.02	34.0625	-0.000355301	-0.00636883	0.996792	34.0625	0	0
23	537470	0.196261	-0.08	-29.9833	34.0625	-0.000536276	-0.00597438	0.996555	34.0625	0	0
23	537480	0.197565	-0.067913	-30.0018	34.125	-0.000197226	-0.00625065	0.996597	34.125	0	0
23	537490	0.205739	-0.0913913	-29.9766	34.0625	-0.000394451	-0.00625877	0.996728	34.0625	0	0
23	537500	0.19487	-0.0961739	-29.9888	34.125	-0.00020018	-0.00623661	0.996522	34.125	0	0
23	537510	0.17513	-0.086	-29.9773	34.125	-0.000455761	-0.00645526	0.99649	34.125	0	0
23	537520	0.193217	-0.0874783	-29.9543	34.0625	-0.000274047	-0.00637622	0.996307	34.0625	0	0
23	537530	0.192609	-0.094	-30.0068	34.125	-0.000235637	-0.00577568	0.996807	34.125	0	0
23	537540	0.203826	-0.086087	-30.0278	34.125	-0.000500081	-0.00645304	0.996512	34.125	0	0
23	537550	0.197826	-0.0813043	-29.9989	34.125	-0.000625656	-0.00642941	0.996398	34.125	0	0
23	537560	0.200957	-0.067913	-29.9809	34.125	-0.000349392	-0.00592415	0.997073	34.125	0	0
23	537570	0.196	-0.0955652	-30.005	34.125	-0.000332403	-0.00581114	0.996463	34.125	0	0
23	537580	0.196261	-0.0917391	-29.9643	34.125	-0.000570994	-0.00636145	0.996266	34.125	0	0
23	537590	0.196261	-0.0729565	-29.984	34.125	-0.0005119	-0.00682312	0.996532	34.125	0	0
23	537600	0.204696	-0.0903478	-29.9975	34.125	-0.000481614	-0.00625065	0.996675	34.125	0	0
23	537610	0.191652	-0.0678261	-29.9995	34.125	-0.000532583	-0.00617456	0.996153	34.125	0	0
23	537620	0.203652	-0.0695652	-29.9873	34.125	-0.00036195	-0.00629423	0.997172	34.125	0	0
23	537630	0.188348	-0.0970435	-29.9779	34.125	-0.000264445	-0.00632378	0.996664	34.125	0	0
23	537640	0.205826	-0.0982609	-29.9997	34.125	-0.000275525	-0.00662368	0.996635	34.125	0	0
23	537650	0.202087	-0.089913	-29.9812	34.125	-0.000398144	-0.00623144	0.996797	34.125	0	0
23	537660	0.192348	-0.0812174	-29.9671	34.125	-0.000228988	-0.00680244	0.99623	34.125	0	0
23	537670	0.19513	-0.0797391	-29.974	34.0625	-0.000320584	-0.00634372	0.996497	34.0625	0	0
23	537680	0.184261	-0.0953913	-30.0126	34.125	-0.00020018	-0.00629127	0.996994	34.125	0	0
23	537690	0.198783	-0.0994783	-30.0244	34.125	-0.000284389	-0.00622849	0.996374	34.125	0	0
23	537700	0.20113	-0.0973913	-29.9838	34.125	-0.000341267	-0.00667834	0.996811	34.125	0	0
23	537710	0.216609	-0.106783	-30.0163	34.125	-0.000358256	-0.00591603	0.996658	34.125	0	0
23	537720	0.182087	-0.0712174	-29.9811	34.125	-0.00038928	-0.00648407	0.996562	34.125	0	0
23	537730	0.196435	-0.0962609	-30.0006	34.0625	-0.000201658	-0.00626025	0.996577	34.0625	0	0
23	537740	0.192348	-0.0666087	-29.997	34.125	-0.000296208	-0.00665618	0.996405	34.125	0	0
23	537750	0.198522	-0.0828696	-29.9474	34.125	-0.000515593	-0.00622184	0.996699	34.125	0	0
23	537760	0.199826	-0.0684348	-29.9513	34.0625	-0.000257797	-0.0063969	0.996847	34.0625	0	0
23	537770	0.188783	-0.0847826	-30.0037	34.0625	-0.000372291	-0.00602387	0.99599	34.0625	0	0
23	537780	0.181304	-0.084	-29.9872	34.125	-0.000155121	-0.00634076	0.996625	34.125	0	0
23	537790	0.179652	-0.0697391	-29.995	34.0625	-0.000689181	-0.00626468	0.996465	34.0625	0	0
23	537800	0.201043	-0.0795652	-30.0038	34.0625	-0.000528151	-0.00620116	0.996596	34.0625	0	0
23	537810	0.187478	-0.0756522	-29.9627	34.125	-0.000469057	-0.00618269	0.996737	34.125	0	0
23	537820	0.20887	-0.0883478	-30.0223	34.125	-0.000241546	-0.00597291	0.996696	34.125	0	0
23	537830	0.163652	-0.0890435	-30.0043	34.125	-0.00033388	-0.00640946	0.996709	34.125	0	0
23	537840	0.189391	-0.0956522	-30.0438	34.125	-0.00033388	-0.00633707	0.996287	34.125	0	0
23	537850	0.188435	-0.0936522	-29.9753	34.125	-0.000371552	-0.00625286	0.996531	34.125	0	0
23	537860	0.178522	-0.0814783	-30.0134	34.125	-0.000234159	-0.00642423	0.996726	34.125	0	0
23	537870	0.182609	-0.0950435	-29.9763	34.125	-0.000274786	-0.00639838	0.996432	34.125	0	0
23	537880	0.191826	-0.0757391	-30.0281	34.125	-1.18188e-05	-0.00605933	0.996531	34.125	0	0
23	537890	0.196	-0.0867826	-30.0075	34.125	-0.000440987	-0.0060741	0.99661	34.125	0	0
23	537900	0.179304	-0.0906956	-29.9784	34.125	-0.000348653	-0.00658453	0.996601	34.125	0	0
23	537910	0.205043	-0.078087	-29.9749	34.125	-0.000136654	-0.00634224	0.996377	34.125	0	0
23	537920	0.171217	-0.0842609	-29.9534	34.125	-0.000570994	-0.00613837	0.996447	34.125	0	0
23	537930	0.181217	-0.0756522	-30.0306	34.125	-0.000346437	-0.00619968	0.996824	34.125	0	0
23	537940	0.185565	-0.0693913	-30.0215	34.125	-0.000284389	-0.00581409	0.996664	34.125	0	0
23	537950	0.189217	-0.0773043	-30.0049	34.125	-0.000459454	-0.00667243	0.996346	34.125	0	0
23	537960	0.166087	-0.0927826	-30.0183	34.125	-0.000410702	-0.00625138	0.996364	34.125	0	0
23	537970	0.177739	-0.0676522	-30.015	34.125	-0.000191316	-0.00614502	0.996461	34.125	0	0
23	537980	0.197043	-0.0808696	-30.0161	34.125	-0.000355301	-0.00634298	0.996478	34.125	0	0
23	537990	0.188261	-0.0816522	-30.0018	34.125	-0.00028956	-0.00639986	0.996564	34.125	0	0
23	538000	0.188348	-0.0972174	-29.9954	34.125	-0.000227511	-0.00628019	0.996687	34.125	0	0
23	538010	0.193043	-0.0763478	-29.9684	34.125	-0.000108585	-0.00626911	0.996392	34.125	0	0
23	538020	0.188609	-0.0833913	-30.0418	34.125	-0.000487524	-0.00633486	0.996434	34.125	0	0
23	538030	0.183565	-0.0776522	-29.9904	34.125	-0.000302117	-0.00651066	0.996791	34.125	0	0
23	538040	0.179913	-0.0938261	-29.9709	34.125	-0.000240069	-0.00666874	0.996523	34.125	0	0
23	538050	0.175652	-0.0833913	-30.0098	34.125	-0.000486047	-0.00646043	0.996647	34.125	0	0
23	538060	0.173652	-0.0837391	-29.9756	34.0625	-0.0003782	-0.00619081	0.996358	34.0625	0	0
23	538070	0.194696	-0.098	-30.0322	34.125	-0.000113756	-0.00618712	0.996762	34.125	0	0
23	538080	0.192609	-0.0731304	-30.0126	34.125	-0.000434339	-0.00629497	0.996869	34.125	0	0
23	538090	0.196	-0.0908696	-29.9944	34.125	-0.000185407	-0.00627428	0.995852	34.125	0	0
23	538100	0.182522	-0.0736522	-29.9968	34.125	-0.00033388	-0.00616865	0.996127	34.125	0	0
23	538110	0.174435	-0.0963478	-29.9989	34.125	-0.000420305	-0.00618564	0.996522	34.125	0	0
23	538120	0.184087	-0.0692174	-29.9788	34.0625	-9.45501e-05	-0.0065668	0.996862	34.0625	0	0
23	538130	0.196783	-0.0858261	-30.0137	34.125	-9.38114e-05	-0.00626985	0.997006	34.125	0	0
23	538140	0.190348	-0.0885217	-30.0198	34.125	-0.000279957	-0.00610144	0.996689	34.125	0	0
23	538150	0.189739	-0.0850435	-29.9859	34.125	-0.000306549	-0.00604382	0.996382	34.125	0	0
23	538160	0.177304	-0.0918261	-29.9783	34.125	-0.000454284	-0.00626764	0.996825	34.125	0	0
23	538170	0.190087	-0.0890435	-30.0077	34.125	-0.000409225	-0.00660447	0.996615	34.125	0	0
23	538180	0.185043	-0.0865217	-29.9747	34.125	-0.000159553	-0.00656311	0.996749	34.125	0	0
23	538190	0.186	-0.0787826	-29.9711	34.125	-0.000431385	-0.00629571	0.996731	34.125	0	0
23	538200	0.188261	-0.0985217	-29.966	34.125	-0.000234898	-0.00629423	0.996468	34.125	0	0
23	538210	0.191913	-0.0781739	-29.9995	34.125	-0.000339789	-0.00601796	0.996322	34.125	0	0
23	538220	0.169217	-0.0890435	-29.9872	34.125	-0.000330925	-0.00617752	0.996456	34.125	0	0
23	538230	0.187391	-0.101478	-29.9965	34.125	-0.000502297	-0.00645526	0.996579	34.125	0	0
23	538240	0.184609	-0.0930435	-29.9817	34.125	-0.000172849	-0.00586728	0.996335	34.125	0	0
23	538250	0.197913	-0.0962609	-30.0143	34.125	-0.000390758	-0.00647151	0.996666	34.125	0	0
23	538260	0.187304	-0.0889565	-29.9822	34.125	-0.000339789	-0.00605711	0.996518	34.125	0	0
23	538270	0.184261	-0.0849565	-29.9778	34.125	-0.000314674	-0.00652617	0.996683	34.125	0	0
23	538280	0.208087	-0.08	-29.9575	34.125	-0.000371552	-0.00626025	0.99646	34.125	0	0
23	538290	0.194087	-0.093913	-30.0087	34.125	-0.000201658	-0.00605194	0.996947	34.125	0	0
23	538300	0.176783	-0.090087	-29.982	34.125	-0.00036712	-0.00592489	0.996622	34.125	0	0
23	538310	0.184783	-0.0773043	-30.0076	34.125	-0.000494911	-0.00614206	0.996919	34.125	0	0
23	538320	0.193304	-0.0886956	-30.0137	34.125	-0.000117449	-0.00641906	0.996553	34.125	0	0
23	538330	0.186087	-0.0924348	-29.9787	34.125	-0.000232682	-0.00617161	0.996697	34.125	0	0
23	538340	0.179217	-0.103565	-30.0258	34.125	-0.000542924	-0.00614132	0.996171	34.125	0	0
23	538350	0.163043	-0.0933913	-30.0338	34.125	-0.000199442	-0.00619525	0.996489	34.125	0	0
23	538360	0.196087	-0.0916522	-29.9747	34.125	-0.000370075	-0.00640651	0.996821	34.125	0	0
23	538370	0.186261	-0.0812174	-29.9837	34.125	-0.000482353	-0.00602905	0.996367	34.125	0	0
23	538380	0.2	-0.0944348	-29.9846	34.125	-0.000270354	-0.00624991	0.996742	34.125	0	0
23	538390	0.172348	-0.0925217	-29.9741	34.125	-0.000333141	-0.00642054	0.996615	34.125	0	0
23	538400	0.201739	-0.074	-30.0209	34.125	-0.000429169	-0.00627724	0.996568	34.125	0	0
23	538410	0.192435	-0.070087	-29.9997	34.125	-0.000413657	-0.00652765	0.996899	34.125	0	0
23	538420	0.187565	-0.0889565	-30.0006	34.125	-0.000248933	-0.00624991	0.996533	34.125	0	0
23	538430	0.198609	-0.0913913	-29.9945	34.125	-0.000474228	-0.00599802	0.996488	34.125	0	0
23	538440	0.183304	-0.0944348	-29.9957	34.125	-0.000293253	-0.0063415	0.996389	34.125	0	0
23	538450	0.181739	-0.0850435	-29.9787	34.125	-0.000541447	-0.00584216	0.997019	34.125	0	0
23	538460	0.200957	-0.0898261	-29.9807	34.125	-0.000302117	-0.00613172	0.996659	34.125	0	0
23	538470	0.186957	-0.0903478	-29.9603	34.125	-0.000409963	-0.00597808	0.996624	34.125	0	0
23	538480	0.192696	-0.0742609	-30.0094	34.125	-0.00033388	-0.00604603	0.996387	34.125	0	0
23	538490	0.191304	-0.087913	-30.0103	34.125	-0.000600541	-0.00642054	0.996477	34.125	0	0
23	538500	0.192783	-0.0967826	-29.9847	34.125	-0.000381894	-0.00583921	0.996494	34.125	0	0
23	538510	0.18687	-0.0956522	-29.9933	34.125	-0.000468318	-0.00628241	0.996672	34.125	0	0
23	538520	0.179043	-0.0931304	-29.9787	34.125	-0.000432123	-0.00634372	0.99648	34.125	0	0
23	538530	0.194435	-0.102174	-29.9747	34.125	-0.000426953	-0.00610734	0.996511	34.125	0	0
23	538540	0.194	-0.0982609	-29.9444	34.125	-0.000489001	-0.00636219	0.996491	34.125	0	0
23	538550	0.178087	-0.0818261	-29.9771	34.125	-0.000394451	-0.00618564	0.996446	34.125	0	0
23	538560	0.19513	-0.0954783	-29.9994	34.125	-0.000147734	-0.00632008	0.996746	34.125	0	0
23	538570	0.209391	-0.0921739	-30.0066	34.0625	-0.000288821	-0.00641685	0.99678	34.0625	0	0
23	538580	0.186696	-0.108435	-29.9735	34.0625	-0.000542924	-0.00607632	0.996659	34.0625	0	0
23	538590	0.197478	-0.0869565	-29.9648	34.125	-0.000397406	-0.00629127	0.996515	34.125	0	0
23	538600	0.207652	-0.091913	-30.01	34.125	-0.000257797	-0.00597291	0.996242	34.125	0	0
23	538610	0.190174	-0.0908696	-30.0045	34.125	-0.000378939	-0.00617087	0.99634	34.125	0	0
23	538620	0.174	-0.0906956	-30.0204	34.125	-0.000531105	-0.00617013	0.996811	34.125	0	0
23	538630	0.210261	-0.0992174	-30.0192	34.125	-0.0005119	-0.00603569	0.996542	34.125	0	0
23	538640	0.18913	-0.0898261	-30.0023	34.125	-0.000313936	-0.00632968	0.99646	34.125	0	0
23	538650	0.199478	-0.0778261	-29.9556	34.125	-0.000426953	-0.00618343	0.996402	34.125	0	0
23	538660	0.190522	-0.0710435	-29.9757	34.125	-0.000559914	-0.00627798	0.996902	34.125	0	0
23	538670	0.202522	-0.0703478	-30.0152	34.125	-0.000403315	-0.00611251	0.996593	34.125	0	0
23	538680	0.192957	-0.0770435	-29.9838	34.125	-0.000506729	-0.00639986	0.99655	34.125	0	0
23	538690	0.18513	-0.0775652	-29.9832	34.125	-0.000293992	-0.00615905	0.996777	34.125	0	0
23	538700	0.187304	-0.0904348	-29.9993	34.125	-0.000466102	-0.00606967	0.996246	34.125	0	0
23	538710	0.188522	-0.0762609	-30.0072	34.125	-0.000360472	-0.00618417	0.996377	34.125	0	0
23	538720	0.183826	-0.0857391	-30.0105	34.125	-0.000371552	-0.00635923	0.996672	34.125	0	0
23	538730	0.191826	-0.070087	-29.9899	34.125	-0.000496388	-0.00611104	0.996465	34.125	0	0
23	538740	0.187739	-0.091913	-29.935	34.125	-0.000350131	-0.00640725	0.996923	34.125	0	0
23	538750	0.20513	-0.0745217	-30.004	34.125	-0.000318368	-0.0065439	0.996457	34.125	0	0
23	538760	0.199217	-0.0869565	-29.998	34.125	-0.000371552	-0.00656089	0.996602	34.125	0	0
23	538770	0.193391	-0.0854783	-29.977	34.125	0	-0.00643605	0.996739	34.125	0	0
23	538780	0.211826	-0.0848696	-29.9936	34.125	-0.000316891	-0.00633855	0.996399	34.125	0	0
23	538790	0.187913	-0.0810435	-29.9816	34.125	-0.000502297	-0.00600467	0.996349	34.125	0	0
23	538800	0.179913	-0.0745217	-29.9965	34.125	-0.000409225	-0.00619008	0.996619	34.125	0	0
23	538810	0.178261	-0.0876522	-29.9926	34.125	-0.000429907	-0.00655202	0.996255	34.125	0	0
23	538820	0.182696	-0.0826087	-29.9827	34.125	-0.000528151	-0.00670271	0.99664	34.125	0	0
23	538830	0.193913	-0.0850435	-30.0175	34.125	-0.000671453	-0.00659635	0.99655	34.125	0	0
23	538840	0.204261	-0.0742609	-29.9778	34.125	-0.000201658	-0.00633707	0.996995	34.125	0	0
23	538850	0.208435	-0.0961739	-29.9978	34.125	-0.00071799	-0.00614058	0.996594	34.125	0	0
23	538860	0.208783	-0.0952174	-29.9876	34.125	-0.000256319	-0.00661186	0.996804	34.125	0	0
23	538870	0.180087	-0.0684348	-29.9908	34.125	-0.000482353	-0.00642497	0.996461	34.125	0	0
23	538880	0.187043	-0.0992174	-29.9876	34.125	-0.000372291	-0.00611695	0.996249	34.125	0	0
23	538890	0.206522	-0.100348	-30.0661	34.125	-0.000269615	-0.00623661	0.996511	34.125	0	0
23	538900	0.171652	-0.0812174	-29.9882	34.125	-0.000302856	-0.00613763	0.996887	34.125	0	0
23	538910	0.185652	-0.0727826	-29.9843	34.125	-0.00042843	-0.00621962	0.996494	34.125	0	0
23	538920	0.198522	-0.0864348	-29.9944	34.125	-0.000255581	-0.00649736	0.996388	34.125	0	0
23	538930	0.208957	-0.0755652	-29.9991	34.125	-0.000188361	-0.00641389	0.996885	34.125	0	0
23	538940	0.19687	-0.0810435	-30.0768	34.125	-0.000386326	-0.00651583	0.996202	34.125	0	0
23	538950	0.183217	-0.0706957	-30.015	34.125	-0.000258535	-0.00655129	0.996886	34.125	0	0
23	538960	0.184435	-0.0813913	-30.0021	34.125	-0.000452806	-0.00626025	0.99648	34.125	0	0
23	538970	0.204783	-0.0649565	-29.9913	34.0625	-0.000325755	-0.00616792	0.996666	34.0625	0	0
23	538980	0.209565	-0.0707826	-29.977	34.0625	-0.000514855	-0.00681425	0.99617	34.0625	0	0
23	538990	0.187826	-0.0766087	-29.9629	34.125	-0.000399622	-0.00630383	0.996465	34.125	0	0
23	539000	0.178	-0.076	-29.9713	34.125	-0.000204612	-0.00656532	0.996445	34.125	0	0
23	539010	0.197304	-0.0814783	-30.0025	34.125	-0.000262229	-0.00628389	0.99658	34.125	0	0
23	539020	0.185739	-0.0726087	-30.0621	34.125	-0.000675147	-0.00645304	0.996541	34.125	0	0
23	539030	0.191913	-0.0725217	-29.9443	34.125	-0.000489001	-0.00622923	0.996376	34.125	0	0
23	539040	0.191652	-0.0904348	-30.0134	34.125	-0.000281434	-0.00626099	0.996513	34.125	0	0
23	539050	0.19487	-0.0797391	-29.9615	34.125	-0.000699523	-0.00629792	0.99673	34.125	0	0
23	539060	0.171826	-0.0917391	-30.0257	34.125	-0.000427691	-0.00621814	0.99659	34.125	0	0
23	539070	0.19913	-0.0916522	-29.9978	34.125	-0.000353824	-0.00630161	0.996218	34.125	0	0
23	539080	0.181217	-0.0735652	-29.9994	34.125	-0.000221602	-0.00623144	0.996562	34.125	0	0
23	539090	0.187043	-0.070087	-29.9764	34.125	-0.000304333	-0.006244	0.996539	34.125	0	0
23	539100	0.194348	-0.0914783	-30.0224	34.125	-0.000559175	-0.00644122	0.996437	34.125	0	0
23	539110	0.185217	-0.0866087	-29.9731	34.125	-0.00033388	-0.0064331	0.996379	34.125	0	0
23	539120	0.169913	-0.0874783	-29.9917	34.125	-0.00010563	-0.00623957	0.996576	34.125	0	0
23	539130	0.183304	-0.0855652	-30.0007	34.125	-0.000257797	-0.00582443	0.996429	34.125	0	0
23	539140	0.188087	-0.0778261	-30.0197	34.125	-0.000230466	-0.00592415	0.996554	34.125	0	0
23	539150	0.192957	-0.086087	-29.9769	34.125	-0.000390019	-0.00645157	0.996325	34.125	0	0
23	539160	0.179043	-0.0762609	-29.9854	34.125	-0.00021717	-0.00632821	0.996478	34.125	0	0
23	539170	0.176	-0.0726957	-29.9898	34.125	-0.000295469	-0.00598842	0.996446	34.125	0	0
23	539180	0.176174	-0.0587826	-30.035	34.125	-0.000424737	-0.00613985	0.996477	34.125	0	0
23	539190	0.191739	-0.0932174	-29.9954	34.125	-9.75048e-05	-0.00627281	0.996909	34.125	0	0
23	539200	0.176609	-0.0865217	-29.9823	34.125	-0.000228988	-0.00633707	0.996688	34.125	0	0
23	539210	0.185478	-0.0868696	-30.0098	34.125	-0.000198703	-0.00632304	0.996742	34.125	0	0
23	539220	0.174174	-0.0886087	-30.0039	34.125	-0.000180236	-0.006032	0.996929	34.125	0	0
23	539230	0.178522	-0.0804348	-30.0258	34.125	-0.000232682	-0.00620116	0.99644	34.125	0	0
23	539240	0.187826	-0.09	-30.0246	34.125	-0.000498604	-0.00615757	0.996485	34.125	0	0
23	539250	0.180435	-0.068087	-29.9848	34.125	-0.000433601	-0.00637696	0.996501	34.125	0	0
23	539260	0.17313	-0.083913	-30.0023	34.125	-0.000234898	-0.00637844	0.996598	34.125	0	0
23	539270	0.194261	-0.108261	-29.9963	34.0625	-0.00026149	-0.0065077	0.996539	34.0625	0	0
23	539280	0.186696	-0.102087	-30.0017	34.0625	-0.000121881	-0.00627502	0.996455	34.0625	0	0
23	539290	0.180783	-0.072	-30.0073	34.125	-0.00020609	-0.00594779	0.996711	34.125	0	0
23	539300	0.185217	-0.0949565	-29.9724	34.125	-0.000399622	-0.00622332	0.996575	34.125	0	0
23	539310	0.176348	-0.100435	-29.9755	34.125	-0.000252626	-0.00603865	0.996499	34.125	0	0
23	539320	0.186	-0.0953913	-29.9917	34.125	-0.000407747	-0.00638213	0.996393	34.125	0	0
23	539330	0.186348	-0.0833913	-30.0381	34.125	-0.000238591	-0.00598916	0.996282	34.125	0	0
23	539340	0.188087	-0.0812174	-29.9795	34.125	-0.000265922	-0.00639838	0.996036	34.125	0	0
23	539350	0.160522	-0.0714783	-29.969	34.125	-0.000323539	-0.0065114	0.996516	34.125	0	0
23	539360	0.179304	-0.0969565	-29.9545	34.125	-0.000205351	-0.00600393	0.996239	34.125	0	0
23	539370	0.189304	-0.0840869	-29.998	34.125	-0.00022234	-0.00607854	0.99634	34.125	0	0
23	539380	0.187739	-0.0771304	-29.9923	34.125	-0.000388542	-0.00630974	0.996477	34.125	0	0
23	539390	0.189304	-0.095913	-29.9796	34.125	-0.000160292	-0.00632304	0.996471	34.125	0	0
23	539400	0.193913	-0.0751304	-30.0009	34.125	-0.000183191	-0.00637105	0.996392	34.125	0	0
23	539410	0.19887	-0.0812174	-30.0115	34.125	-0.000231204	-0.0061103	0.99673	34.125	0	0
23	539420	0.171739	-0.0863478	-30.0218	34.125	-0.000301378	-0.00629054	0.996796	34.125	0	0
23	539430	0.195217	-0.0825217	-29.9651	34.125	-0.000402577	-0.00614723	0.9963	34.125	0	0
23	539440	0.199043	-0.0875652	-29.968	34.125	-8.86407e-05	-0.00607558	0.996481	34.125	0	0
23	539450	0.190087	-0.0932174	-30.011	34.125	-0.0001891	-0.00619525	0.996753	34.125	0	0
23	539460	0.179913	-0.0932174	-29.9906	34.125	-8.71634e-05	-0.00643753	0.996474	34.125	0	0
23	539470	0.175913	-0.0828696	-30.0102	34.125	-0.000607927	-0.00624843	0.996448	34.125	0	0
23	539480	0.190957	-0.0869565	-29.9936	34.125	-0.000216431	-0.00623513	0.996245	34.125	0	0
23	539490	0.18287	-0.0829565	-30.0252	34.125	-0.000460932	-0.00627872	0.996522	34.125	0	0
23	539500	0.207304	-0.0670435	-29.9522	34.125	-0.000213476	-0.00625656	0.996189	34.125	0	0
23	539510	0.193391	-0.0863478	-29.9984	34.125	-0.000412918	-0.00630826	0.996605	34.125	0	0
23	539520	0.222	-0.0938261	-30.0253	34.125	-0.000180975	-0.00593376	0.99653	34.125	0	0
23	539530	0.185739	-0.0810435	-30.0169	34.125	-0.000279218	-0.00636957	0.996488	34.125	0	0
23	539540	0.201652	-0.083913	-29.9637	34.125	-0.000284389	-0.0061103	0.996961	34.125	0	0
23	539550	0.187739	-0.0766957	-30.0074	34.0625	-0.000109324	-0.00659561	0.996276	34.0625	0	0
23	539560	0.193565	-0.0996522	-29.9845	34.0625	-8.5686e-05	-0.00583847	0.996697	34.0625	0	0
23	539570	0.187652	-0.0966087	-30.0008	34.125	-0.000474966	-0.00640946	0.996449	34.125	0	0
23	539580	0.19113	-0.101043	-30.0035	34.125	-0.000244501	-0.00598399	0.996849	34.125	0	0
23	539590	0.188	-0.0781739	-29.9557	34.125	-0.000335357	-0.00631713	0.996483	34.125	0	0
23	539600	0.185826	-0.0846087	-29.9927	34.125	-0.000421043	-0.00607115	0.996453	34.125	0	0
23	539610	0.194174	-0.0802609	-29.963	34.125	-0.000268877	-0.0065343	0.996406	34.125	0	0
23	539620	0.206957	-0.0689565	-30.0097	34.125	-0.000494172	-0.00596995	0.996503	34.125	0	0
23	539630	0.188696	-0.0693043	-29.9981	34.125	-0.000138132	-0.00613911	0.996413	34.125	0	0
23	539640	0.190696	-0.0916522	-30.0261	34.125	-0.00027848	-0.00597217	0.99685	34.125	0	0
23	539650	0.202348	-0.102783	-29.9881	34.125	-0.000487524	-0.00591529	0.996537	34.125	0	0
23	539660	0.177478	-0.0737391	-29.9515	34.125	-0.000160292	-0.00602683	0.996576	34.125	0	0
23	539670	0.208609	-0.0864348	-29.9612	34.125	-0.000246717	-0.00637622	0.996326	34.125	0	0
23	539680	0.2	-0.0727826	-29.9828	34.125	-0.000596109	-0.00615462	0.996183	34.125	0	0
23	539690	0.178783	-0.0975652	-29.9899	34.125	-0.000455022	-0.00605416	0.996164	34.125	0	0
23	539700	0.179304	-0.0803478	-29.98	34.125	-0.000353824	-0.006032	0.996515	34.125	0	0
23	539710	0.196	-0.0865217	-29.9906	34.125	-0.00014478	-0.00594188	0.996745	34.125	0	0
23	539720	0.183826	-0.0791304	-30.0345	34.125	-0.00016694	-0.00656311	0.996372	34.125	0	0
23	539730	0.191043	-0.0751304	-29.9379	34.0625	-0.000569516	-0.0062994	0.996349	34.0625	0	0
23	539740	0.210522	-0.0824348	-29.977	34.0625	-0.000291776	-0.00658453	0.997035	34.0625	0	0
23	539750	0.192348	-0.0750435	-30.004	34.0625	-0.000379678	-0.00591455	0.996364	34.0625	0	0
23	539760	0.200522	-0.103478	-29.9514	34.0625	-0.000470534	-0.00619155	0.996629	34.0625	0	0
23	539770	0.205043	-0.114087	-29.9646	34.125	-0.00015586	-0.00646708	0.996212	34.125	0	0
23	539780	0.207652	-0.0776522	-29.9675	34.125	-0.000565084	-0.00623292	0.996386	34.125	0	0
23	539790	0.200087	-0.0917391	-29.9697	34.125	-0.000411441	-0.00613837	0.996615	34.125	0	0
23	539800	0.18913	-0.107043	-30.0004	34.125	-0.000213476	-0.00600467	0.99634	34.125	0	0
23	539810	0.203739	-0.0926957	-29.9768	34.125	-0.000288082	-0.00613763	0.996561	34.125	0	0
23	539820	0.187391	-0.0896522	-29.9522	34.125	-0.000332403	-0.00609848	0.996507	34.125	0	0
23	539830	0.183913	-0.0763478	-30.0283	34.125	-0.000424737	-0.00624769	0.996499	34.125	0	0
23	539840	0.193565	-0.0903478	-30.0076	34.0625	-0.00047866	-0.00602166	0.996639	34.0625	0	0
23	539850	0.19	-0.0926957	-29.9713	34.125	-0.000520764	-0.0062307	0.996457	34.125	0	0
23	539860	0.195217	-0.0802609	-29.9657	34.125	-0.000561391	-0.00637844	0.99671	34.125	0	0
23	539870	0.216696	-0.094	-30.0419	34.125	-0.000520764	-0.00612877	0.99635	34.125	0	0
23	539880	0.193478	-0.0857391	-30.0005	34.125	-0.000267399	-0.00625138	0.996597	34.125	0	0
23	539890	0.212957	-0.0955652	-29.9959	34.125	-0.000358256	-0.00608814	0.996524	34.125	0	0
23	539900	0.2	-0.0791304	-29.9882	34.125	-0.000191316	-0.00615166	0.996582	34.125	0	0
23	539910	0.191478	-0.0882609	-29.9587	34.125	-9.82434e-05	-0.00645157	0.996399	34.125	0	0
23	539920	0.175217	-0.0784348	-30.0077	34.125	-0.000199442	-0.00617826	0.996817	34.125	0	0
23	539930	0.209826	-0.0865217	-29.973	34.125	-0.000235637	-0.00648407	0.996709	34.125	0	0
23	539940	0.189565	-0.101739	-30.0148	34.125	-0.000494172	-0.00636292	0.99635	34.125	0	0
23	539950	0.18513	-0.0781739	-29.9775	34.125	-0.000331664	-0.00624843	0.996421	34.125	0	0
23	539960	0.188609	-0.0856522	-30.0085	34.125	-0.000409963	-0.00613541	0.996562	34.125	0	0
23	539970	0.186435	-0.0904348	-29.973	34.125	-0.000426953	-0.00616422	0.996683	34.125	0	0
23	539980	0.199913	-0.0851304	-29.9787	34.125	-0.000503775	-0.00638878	0.99656	34.125	0	0
23	539990	0.189217	-0.076	-29.9918	34.125	-0.000523719	-0.00602831	0.996812	34.125	0	0
23	540000	0.182261	-0.0914783	-29.9863	34.0625	-0.000315413	-0.00630752	0.996658	34.0625	0	0
23	540010	0.188435	-0.0897391	-30.0072	34.0625	-0.000511161	-0.00625951	0.996774	34.0625	0	0
23	540020	0.198	-0.103913	-29.9845	34.125	-0.000256319	-0.00606229	0.996737	34.125	0	0
23	540030	0.194087	-0.0901739	-29.9836	34.125	-0.000457977	-0.00560135	0.996742	34.125	0	0
23	540040	0.189565	-0.0921739	-29.9883	34.0625	-0.000536276	-0.00613246	0.99629	34.0625	0	0
23	540050	0.184174	-0.096	-29.9983	34.0625	-0.000180975	-0.00633116	0.996463	34.0625	0	0
23	540060	0.190087	-0.0777391	-29.9868	34.125	-0.000549572	-0.00641463	0.996282	34.125	0	0
23	540070	0.193652	-0.0565217	-30.0247	34.125	-0.000457977	-0.00607632	0.996693	34.125	0	0
23	540080	0.204522	-0.0718261	-29.9797	34.125	-0.000340528	-0.00629201	0.996801	34.125	0	0
23	540090	0.196348	-0.0826087	-30.0077	34.125	-0.000390019	-0.00631491	0.996768	34.125	0	0
23	540100	0.199739	-0.072087	-29.9782	34.125	-0.000287344	-0.0061103	0.996655	34.125	0	0
23	540110	0.185565	-0.105217	-29.9917	34.125	-0.000284389	-0.00641094	0.996342	34.125	0	0
23	540120	0.188	-0.0994783	-30.0237	34.125	-0.000427691	-0.00647373	0.996506	34.125	0	0
23	540130	0.190087	-0.0744348	-30.0319	34.125	-0.000233421	-0.00632821	0.996152	34.125	0	0
23	540140	0.22287	-0.08	-29.9502	34.125	-0.000251149	-0.00636366	0.996355	34.125	0	0
23	540150	0.195391	-0.0825217	-29.9545	34.125	-0.000316891	-0.00673226	0.996643	34.125	0	0
23	540160	0.204609	-0.0908696	-30.0232	34.125	-0.000292514	-0.006668	0.996736	34.125	0	0
23	540170	0.197565	-0.0806956	-30.0079	34.125	-0.000421043	-0.00664879	0.996514	34.125	0	0
23	540180	0.190783	-0.0843478	-29.9663	34.125	-0.000723351	-0.00616718	0.99649	34.125	0	0
23	540190	0.183478	-0.0810435	-29.9664	34.125	-0.000387064	-0.00656163	0.996365	34.125	0	0
23	540200	0.195391	-0.0675652	-30.0043	34.0625	-0.000322061	-0.0060549	0.996469	34.0625	0	0
23	540210	0.194696	-0.0703478	-29.9762	34.125	-0.000404054	-0.0063873	0.996417	34.125	0	0
23	540220	0.186609	-0.0604348	-30.006	34.125	-0.000449113	-0.00660152	0.996652	34.125	0	0
23	540230	0.179043	-0.0828696	-29.9528	34.0625	-0.000453545	-0.00619894	0.996263	34.0625	0	0
23	540240	0.171043	-0.0710435	-29.9695	34.125	-0.000280696	-0.00614649	0.996425	34.125	0	0
23	540250	0.227565	-0.0693913	-30.0281	34.125	-0.000381894	-0.00644566	0.996494	34.125	0	0
23	540260	0.200696	-0.0555652	-30.0024	34.125	-0.000342744	-0.00640134	0.996565	34.125	0	0
23	540270	0.189826	-0.0994783	-29.9563	34.125	-0.000430646	-0.00615019	0.99659	34.125	0	0
23	540280	0.201043	-0.0895652	-29.9658	34.125	-0.000317629	-0.00632378	0.996443	34.125	0	0
23	540290	0.204435	-0.0798261	-30.0003	34.125	-0.000327232	-0.00620263	0.996362	34.125	0	0
23	540300	0.189826	-0.0913043	-30.0451	34.125	-0.000423998	-0.00615314	0.996718	34.125	0	0
23	540310	0.20313	-0.0695652	-29.9777	34.125	-0.000435817	-0.00625286	0.99654	34.125	0	0
23	540320	0.183217	-0.094087	-29.956	34.125	-0.000297685	-0.00649367	0.996392	34.125	0	0
23	540330	0.195565	-0.09	-29.9531	34.125	-0.000342744	-0.00636366	0.996714	34.125	0	0
23	540340	0.186261	-0.0932174	-30.0105	34.0625	-0.000324277	-0.00636736	0.996485	34.0625	0	0
23	540350	0.19	-0.0793913	-29.949	34.125	-0.000173588	-0.0066414	0.996446	34.125	0	0
23	540360	0.200957	-0.0745217	-29.9787	34.125	-0.000458716	-0.00591307	0.996454	34.125	0	0
23	540370	0.165391	-0.0896522	-29.9866	34.125	-0.000226034	-0.00618638	0.996482	34.125	0	0
23	540380	0.188609	-0.0743478	-30.0457	34.0625	-0.000352347	-0.0062078	0.996491	34.0625	0	0
23	540390	0.194348	-0.103913	-29.95	34.0625	-0.000317629	-0.00647963	0.996615	34.0625	0	0
23	540400	0.177565	-0.0747826	-30.0061	34.125	-0.000369336	-0.00614649	0.996658	34.125	0	0
23	540410	0.167217	-0.0903478	-29.9882	34.125	-0.000363427	-0.0058525	0.996669	34.125	0	0
23	540420	0.175478	-0.0812174	-29.9988	34.125	-0.000340528	-0.00629201	0.996642	34.125	0	0
23	540430	0.187304	-0.0987826	-29.9873	34.125	-8.86407e-05	-0.00621962	0.996539	34.125	0	0
23	540440	0.184957	-0.102957	-29.9939	34.125	-0.000330925	-0.00617382	0.996653	34.125	0	0
23	540450	0.188261	-0.0834783	-30.0276	34.125	-0.00038928	-0.0061886	0.99674	34.125	0	0
23	540460	0.192522	-0.0833913	-29.9929	34.125	-0.000145518	-0.00607189	0.996702	34.125	0	0
23	540470	0.174522	-0.0682609	-29.9877	34.0625	-0.000231204	-0.00615166	0.996565	34.0625	0	0
23	540480	0.179565	-0.0814783	-29.9764	34.125	-0.000257058	-0.00618195	0.996385	34.125	0	0
23	540490	0.202087	-0.08	-29.9828	34.0625	5.17071e-06	-0.0060453	0.996422	34.0625	0	0
23	540500	0.186435	-0.0972174	-29.995	34.0625	-0.000218647	-0.00608666	0.996628	34.0625	0	0
23	540510	0.175478	-0.0973043	-29.9942	34.0625	-0.000192794	-0.0066897	0.997	34.0625	0	0
23	540520	0.195652	-0.083913	-29.9961	34.125	-0.000265183	-0.00605194	0.996816	34.125	0	0
23	540530	0.206174	-0.0753043	-29.9665	34.0625	-0.000168417	-0.00621593	0.996539	34.0625	0	0
23	540540	0.185826	-0.086087	-30.0516	34.125	-0.000370814	-0.00610956	0.996878	34.125	0	0
23	540550	0.17887	-0.0808696	-30.049	34.125	-6.64805e-06	-0.00658305	0.99644	34.125	0	0
23	540560	0.187826	-0.0755652	-30.019	34.0625	-0.000146996	-0.00645526	0.996411	34.0625	0	0
23	540570	0.208348	-0.0948696	-29.9935	34.125	-0.000418827	-0.00592785	0.996497	34.125	0	0
23	540580	0.204	-0.0896522	-30.0197	34.125	-0.000449113	-0.00596995	0.99644	34.125	0	0
23	540590	0.188348	-0.0875652	-29.9915	34.125	-0.000238591	-0.00601575	0.996542	34.125	0	0
23	540600	0.185652	-0.0811304	-29.9727	34.125	-0.000378939	-0.00581335	0.996225	34.125	0	0
23	540610	0.192609	-0.0703478	-29.9963	34.125	-0.000238591	-0.00630752	0.996561	34.125	0	0
23	540620	0.174435	-0.061913	-30.0336	34.125	-0.000202396	-0.00609626	0.996485	34.125	0	0
23	540630	0.191565	-0.0813913	-30.0652	34.125	-0.000449113	-0.00589904	0.996561	34.125	0	0
23	540640	0.176261	-0.0912174	-29.9437	34.125	-0.00011154	-0.00618564	0.996441	34.125	0	0
23	540650	0.205652	-0.0709565	-29.9985	34.125	-0.00017802	-0.00600393	0.99654	34.125	0	0
23	540660	0.185565	-0.0966087	-30.0143	34.125	-0.000241546	-0.00653651	0.996531	34.125	0	0
23	540670	0.177217	-0.0977391	-30.0404	34.125	0	-0.00635702	0.996121	34.125	0	0
23	540680	0.184	-0.0931304	-30.0089	34.125	-0.000144041	-0.00607115	0.996296	34.125	0	0
23	540690	0.202261	-0.0867826	-30.0145	34.0625	-0.000376723	-0.00618934	0.9967	34.0625	0	0
23	540700	0.182174	-0.0708696	-29.9942	34.125	-0.000271093	-0.00605416	0.996533	34.125	0	0
23	540710	0.20513	-0.0941739	-29.9355	34.125	-0.000347915	-0.00596035	0.996834	34.125	0	0
23	540720	0.180609	-0.094	-29.9891	34.125	-0.000370814	-0.00589535	0.996516	34.125	0	0
23	540730	0.186609	-0.0709565	-29.9792	34.125	-0.00025041	-0.00615979	0.996945	34.125	0	0
23	540740	0.186609	-0.0895652	-30.0117	34.125	-0.0005673	-0.00618121	0.996582	34.125	0	0
23	540750	0.176696	-0.0843478	-30.0048	34.125	-0.000343483	-0.00622332	0.996716	34.125	0	0
23	540760	0.189913	-0.114087	-30.0063	34.125	-0.00034496	-0.0060512	0.996624	34.125	0	0
23	540770	0.176522	-0.1	-30.016	34.125	-0.000218647	-0.00609405	0.996997	34.125	0	0
23	540780	0.197826	-0.0905217	-29.9844	34.125	-0.000359734	-0.0062307	0.996784	34.125	0	0
23	540790	0.190348	-0.0783478	-30.023	34.125	-0.000358256	-0.00604382	0.996219	34.125	0	0
23	540800	0.187652	-0.0851304	-30.019	34.125	-0.000490479	-0.00592489	0.996225	34.125	0	0
23	540810	0.212609	-0.0873043	-30.0217	34.125	-0.000211999	-0.00585324	0.996553	34.125	0	0
23	540820	0.2	-0.0913913	-30.0166	34.125	-0.000146996	-0.0061428	0.996627	34.125	0	0
23	540830	0.197217	-0.0990435	-29.9703	34.125	-0.000517809	-0.00624917	0.996692	34.125	0	0
23	540840	0.194	-0.111043	-30.0091	34.125	-0.000268138	-0.00573727	0.996419	34.125	0	0
23	540850	0.187304	-0.081913	-29.937	34.125	-0.000336835	-0.00611399	0.996731	34.125	0	0
23	540860	0.181913	-0.0888696	-30.0093	34.125	-0.000350131	-0.00629054	0.996634	34.125	0	0
23	540870	0.189304	-0.0773913	-29.9756	34.125	-0.000154383	-0.00625212	0.996836	34.125	0	0
23	540880	0.186696	-0.0732174	-29.9837	34.125	-0.000483092	-0.00596183	0.996526	34.125	0	0
23	540890	0.21487	-0.0685217	-30.0031	34.125	-0.000433601	-0.00634003	0.996754	34.125	0	0
23	540900	0.206609	-0.0803478	-30.0258	34.125	-0.00036712	-0.00609331	0.996655	34.125	0	0
23	540910	0.175652	-0.0972174	-30.0313	34.125	-0.000404054	-0.00593967	0.996421	34.125	0	0
23	540920	0.182261	-0.0725217	-30.018	34.125	-0.00027257	-0.00599433	0.996384	34.125	0	0
23	540930	0.17687	-0.084	-29.9807	34.125	-0.000432862	-0.00586801	0.996557	34.125	0	0
23	540940	0.199478	-0.0922609	-30.0115	34.125	-0.00053997	-0.00585102	0.996628	34.125	0	0
23	540950	0.183493	-0.10687	-29.9954	34.125	-0.000399622	-0.00630826	0.996429	34.125	0	0
23	540960	0.183913	-0.0826087	-29.9984	34.125	-0.000338312	-0.00641463	0.9965	34.125	0	0
23	540970	0.204696	-0.0853043	-29.9824	34.125	-0.000360472	-0.00579193	0.996474	34.125	0	0
23	540980	0.177739	-0.0851304	-29.9992	34.125	-0.000308026	-0.0062307	0.996372	34.125	0	0
23	540990	0.198	-0.078087	-30.0035	34.125	-0.000343483	-0.00634372	0.99655	34.125	0	0
23	541000	0.212	-0.082087	-29.9682	34.125	-0.000491217	-0.00620706	0.99682	34.125	0	0
23	541010	0.196522	-0.0803478	-30.015	34.0625	-0.000297685	-0.0061561	0.996543	34.0625	0	0
23	541020	0.189652	-0.0974783	-29.9815	34.125	-0.000434339	-0.00631491	0.996324	34.125	0	0
23	541030	0.20313	-0.0776522	-29.9819	34.125	-9.75048e-05	-0.00653873	0.996933	34.125	0	0
23	541040	0.191478	-0.08	-29.996	34.125	-0.000460932	-0.00623513	0.996827	34.125	0	0
23	541050	0.202522	-0.0709565	-30.0068	34.125	-0.000530367	-0.00637918	0.996591	34.125	0	0
23	541060	0.174	-0.0686087	-30.0123	34.125	-0.000559175	-0.00616939	0.996466	34.125	0	0
23	541070	0.208435	-0.090917	-29.962	34.0625	-0.000497865	-0.00627133	0.996335	34.0625	0	0
23	541080	0.200087	-0.0920869	-29.9974	34.0625	-0.000638213	-0.00633633	0.99645	34.0625	0	0
23	541090	0.18313	-0.0902609	-29.9982	34.125	-0.000609405	-0.00624695	0.996601	34.125	0	0
23	541100	0.211304	-0.0862609	-29.9552	34.125	-0.000728331	-0.00625582	0.996603	34.125	0	0
23	541110	0.19487	-0.089913	-30.0318	34.125	-0.000661112	-0.0062078	0.996706	34.125	0	0
23	541120	0.185565	-0.0807826	-29.9948	34.125	-0.000321323	-0.00609405	0.996452	34.125	0	0
23	541130	0.190957	-0.101652	-30.0003	34.125	-0.000419566	-0.00620337	0.996358	34.125	0	0
23	541140	0.204087	-0.0890435	-29.9984	34.125	-0.000335357	-0.00603643	0.99668	34.125	0	0
23	541150	0.172957	-0.076087	-30.011	34.125	-0.00034496	-0.00641611	0.996485	34.125	0	0
23	541160	0.200609	-0.0861739	-30.0099	34.0625	-0.000338312	-0.00629201	0.996669	34.0625	0	0
23	541170	0.172522	-0.0958261	-30.0282	34.125	-0.000220124	-0.00645304	0.996791	34.125	0	0
23	541180	0.186522	-0.0801739	-29.9749	34.125	-0.000384848	-0.00610144	0.996649	34.125	0	0
23	541190	0.206174	-0.0827826	-30.0185	34.0625	-0.00062344	-0.00625286	0.996613	34.0625	0	0
23	541200	0.196	-0.0689565	-30.0145	34.125	-0.000763049	-0.00620411	0.996518	34.125	0	0
23	541210	0.195826	-0.073913	-30.0221	34.0625	-0.000384848	-0.00633781	0.996559	34.0625	0	0
23	541220	0.181565	-0.0806087	-29.9631	34.0625	-0.000672931	-0.00633486	0.996262	34.0625	0	0
23	541230	0.206609	-0.0903478	-29.9893	34.125	-0.000384848	-0.00651731	0.996659	34.125	0	0
23	541240	0.201565	-0.0770435	-29.9703	34.125	-0.000414395	-0.00654538	0.996464	34.125	0	0
23	541250	0.198261	-0.0955652	-29.9977	34.125	-0.00047866	-0.00674999	0.996441	34.125	0	0
23	541260	0.188261	-0.0870435	-29.9872	34.125	-0.000306549	-0.00612803	0.996369	34.125	0	0
23	541270	0.182174	-0.0891304	-30.0118	34.125	-0.000262229	-0.00621076	0.996355	34.125	0	0
23	541280	0.170174	-0.0913913	-30.0013	34.125	-0.00020609	-0.00634667	0.996698	34.125	0	0
23	541290	0.182087	-0.0967826	-29.9965	34.125	-0.000436555	-0.00609626	0.99648	34.125	0	0
23	541300	0.183478	-0.0903478	-29.9903	34.125	-0.000362688	-0.00621667	0.996747	34.125	0	0
23	541310	0.17313	-0.090087	-29.9824	34.0625	-0.000553266	-0.00642645	0.9967	34.0625	0	0
23	541320	0.183478	-0.0930435	-30.0322	34.125	-0.000207567	-0.00604086	0.996528	34.125	0	0
23	541330	0.199565	-0.0802609	-29.9778	34.0625	-7.23899e-05	-0.00614871	0.996663	34.0625	0	0
23	541340	0.176174	-0.074	-29.9578	34.125	-0.000481614	-0.00691988	0.99646	34.125	0	0
23	541350	0.194696	-0.0744348	-30.0183	34.125	-0.000219386	-0.00629423	0.996638	34.125	0	0
23	541360	0.18113	-0.0791304	-30.0035	34.125	-0.000537015	-0.0061007	0.996507	34.125	0	0
23	541370	0.181391	-0.0897391	-29.9548	34.125	-0.000398883	-0.00574466	0.996344	34.125	0	0
23	541380	0.180435	-0.0818261	-29.9293	34.125	-0.000228988	-0.00669237	0.996927	34.125	0	0
23	541390	0.191565	-0.0566957	-29.9962	34.0625	-0.000268138	-0.00631122	0.996598	34.0625	0	0
23	541400	0.183739	-0.0743478	-29.9943	34.125	-0.000396667	-0.00605711	0.99631	34.125	0	0
23	541410	0.200261	-0.0853913	-29.9952	34.0625	-0.000244501	-0.00639617	0.996598	34.0625	0	0
23	541420	0.186957	-0.0743478	-30.029	34.125	-0.0005119	-0.00645452	0.996064	34.125	0	0
23	541430	0.18	-0.0716522	-29.9755	34.0625	-0.000280696	-0.00627872	0.996773	34.0625	0	0
23	541440	0.195043	-0.0711304	-29.9891	34.0625	-0.000224556	-0.0065572	0.996764	34.0625	0	0
23	541450	0.188	-0.072087	-29.9765	34.125	-0.000410702	-0.00630605	0.996394	34.125	0	0
23	541460	0.188957	-0.0825217	-30.0655	34.0625	-0.000511161	-0.00633042	0.99663	34.0625	0	0
23	541470	0.180783	-0.0772174	-29.9625	34.125	-0.000486047	-0.00638582	0.996646	34.125	0	0
23	541480	0.18087	-0.0736522	-29.9625	34.125	-0.000274786	-0.00626616	0.996748	34.125	0	0
23	541490	0.193391	-0.0793043	-29.9938	34.125	-0.000512639	-0.00609109	0.99675	34.125	0	0
23	541500	0.180435	-0.0838261	-30.0361	34.125	-0.000134438	-0.00646117	0.996471	34.125	0	0
23	541510	0.182	-0.0949565	-29.991	34.125	-0.000159553	-0.00621667	0.996842	34.125	0	0
23	541520	0.184696	-0.0783478	-30.0047	34.125	-0.000275525	-0.00636292	0.996604	34.125	0	0
23	541530	0.188609	-0.0806956	-29.9687	34.125	-0.000257058	-0.00622701	0.996355	34.125	0	0
23	541540	0.192261	-0.0784348	-29.9763	34.125	-0.000296208	-0.00599211	0.996919	34.125	0	0
23	541550	0.176696	-0.0746087	-29.961	34.125	-0.000396667	-0.00631417	0.996556	34.125	0	0
23	541560	0.208435	-0.0851304	-30.0195	34.125	-0.000350131	-0.00611916	0.996527	34.125	0	0
23	541570	0.191391	-0.0792174	-29.9772	34.125	-0.000457238	-0.00649663	0.996756	34.125	0	0
23	541580	0.18	-0.098	-29.9985	34.125	-0.000181713	-0.00645526	0.996738	34.125	0	0
23	541590	0.17887	-0.0763478	-29.9563	34.125	-0.000334619	-0.00634372	0.996762	34.125	0	0
23	541600	0.184783	-0.109043	-30.0146	34.125	-0.000349392	-0.00627207	0.996338	34.125	0	0
23	541610	0.183478	-0.0731304	-30.0146	34.125	-0.000237853	-0.00636736	0.996697	34.125	0	0
23	541620	0.189565	-0.0827826	-29.9981	34.125	-0.000185407	-0.0062632	0.996788	34.125	0	0
23	541630	0.193913	-0.0891304	-29.9863	34.0625	-0.000285128	-0.00651435	0.996629	34.0625	0	0
23	541640	0.194783	-0.0747826	-29.9403	34.0625	-0.000536276	-0.00591455	0.99656	34.0625	0	0
23	541650	0.210087	-0.0725217	-29.9615	34.125	-0.000128529	-0.00662959	0.996821	34.125	0	0
23	541660	0.175652	-0.0792174	-30.0185	34.125	-0.000134438	-0.00614723	0.996485	34.125	0	0
23	541670	0.188609	-0.0898261	-29.9937	34.0625	-0.000127052	-0.00588131	0.996341	34.0625	0	0
