23	375850	0.00452174	-0.0516522	0.084	34.0625	-1.77281e-05	-0.00578085	0.996497	34.0625	0	0
23	375860	0.00678261	-0.0921739	0.10513	34.0625	-7.60833e-05	-0.00552084	0.996635	34.0625	0	0
23	375870	0.0190435	-0.0713913	0.0974783	34.0625	6.57418e-05	-0.00557919	0.996528	34.0625	0	0
23	375880	0.0172174	-0.0846957	0.070087	34.0625	-4.43203e-06	-0.00565897	0.996427	34.0625	0	0
23	375890	0.0136522	-0.0905217	0.111652	34.0625	6.64805e-06	-0.00609257	0.996973	34.0625	0	0
23	375900	0.0113913	-0.0813913	0.0967826	34.0625	-6.94352e-05	-0.00588353	0.996563	34.0625	0	0
23	375910	0.0228696	-0.0713913	0.0673044	34.0625	-0.000246717	-0.00584659	0.996841	34.0625	0	0
23	375920	0.0141739	-0.0765217	0.0865217	34.0625	0	-0.00607336	0.996431	34.0625	0	0
23	375930	0.0193913	-0.0873913	0.101913	34.0625	-0.000115972	-0.00601944	0.996802	34.0625	0	0
23	375940	0.00704348	-0.0826957	0.076087	34.0625	-3.10242e-05	-0.00579562	0.996657	34.0625	0	0
23	375950	0.017913	-0.086087	0.113565	34.0625	3.17629e-05	-0.00578898	0.996516	34.0625	0	0
23	375960	0.014087	-0.0834783	0.0935652	34.0625	0.000115233	-0.00610439	0.996379	34.0625	0	0
23	375970	0.00791304	-0.0791304	0.0705217	34.0625	1.69895e-05	-0.0060645	0.996587	34.0625	0	0
23	375980	0.0206957	-0.10687	0.0801739	34.0625	-7.09126e-05	-0.00596552	0.997003	34.0625	0	0
23	375990	0.00947826	-0.0656522	0.0708696	34.0625	-3.32403e-05	-0.00543441	0.99675	34.0625	0	0
23	376000	0.0126957	-0.0684348	0.0890435	34.0625	-7.01739e-05	-0.00612581	0.996502	34.0625	0	0
23	376010	0.0113043	-0.098087	0.0502609	34.0625	-5.68778e-05	-0.0061524	0.996695	34.0625	0	0
23	376020	0.02	-0.0871304	0.0837391	34.0625	4.43203e-06	-0.00575943	0.996528	34.0625	0	0
23	376030	0.0269565	-0.0730435	0.068087	34.0625	-0.000298424	-0.00603865	0.996383	34.0625	0	0
23	376040	0.0149565	-0.0853043	0.0577391	34.0625	9.75048e-05	-0.00595887	0.996705	34.0625	0	0
23	376050	0.00173913	-0.0642609	0.0484348	34.0625	-2.14215e-05	-0.00561539	0.996579	34.0625	0	0
23	376060	0.0232174	-0.0704348	0.0568696	34.0625	-0.00012262	-0.005885	0.99683	34.0625	0	0
23	376070	0.0142609	-0.0846087	0.0996522	34.0625	2.14215e-05	-0.00597512	0.996242	34.0625	0	0
23	376080	0.00756522	-0.0907826	0.0724348	34.0625	-0.000130745	-0.00583994	0.996769	34.0625	0	0
23	376090	0.00878261	-0.0920869	0.086	34.125	2.51149e-05	-0.00623883	0.996367	34.125	0	0
23	376100	0.0185217	-0.101217	0.0869565	34.125	8.5686e-05	-0.00597217	0.996584	34.125	0	0
23	376110	0.016087	-0.0870435	0.111565	34.125	-5.17071e-05	-0.00605859	0.996261	34.125	0	0
23	376120	0.0116522	-0.0947826	0.0952174	34.0625	0.000115233	-0.00579858	0.996666	34.0625	0	0
23	376130	0.0150435	-0.0873913	0.0514783	34.0625	0	-0.00584807	0.996578	34.0625	0	0
23	376140	0.0185217	-0.0890435	0.0624348	34.0625	-3.69336e-05	-0.00561243	0.996321	34.0625	0	0
23	376150	0.0293913	-0.0891304	0.0965217	34.0625	-2.06828e-05	-0.00606229	0.996524	34.0625	0	0
23	376160	0.024	-0.0693043	0.0806087	34.0625	6.27872e-05	-0.0059159	0.996204	34.0625	0	0
23	376170	0.00930435	-0.0825217	0.0714783	34.0625	-5.76165e-05	-0.00580449	0.996542	34.0625	0	0
23	376180	0.0112174	-0.0762609	0.101739	34.0625	-8.27313e-05	-0.0061524	0.996955	34.0625	0	0
23	376190	0.0186087	-0.0895652	0.0833913	34.0625	-0.000101937	-0.00614797	0.996474	34.0625	0	0
23	376200	0.00226087	-0.0943478	0.0750435	34.0625	-3.8411e-05	-0.00575795	0.996929	34.0625	0	0
23	376210	0.024087	-0.0906956	0.0589565	34.0625	-0.000155121	-0.00574392	0.996367	34.0625	0	0
23	376220	0.0245217	-0.0775652	0.0816522	34.0625	-6.35258e-05	-0.00535094	0.996291	34.0625	0	0
23	376230	0.0110435	-0.070087	0.101304	34.0625	-3.10242e-05	-0.00587245	0.996784	34.0625	0	0
23	376240	0.0123478	-0.0795652	0.0907826	34.0625	-2.21602e-05	-0.00587836	0.996535	34.0625	0	0
23	376250	0.0142609	-0.078087	0.1	34.0625	-1.69895e-05	-0.00585767	0.997006	34.0625	0	0
23	376260	0.019913	-0.0776522	0.11713	34.0625	9.23341e-05	-0.00564198	0.996798	34.0625	0	0
23	376270	0.0093913	-0.0665217	0.069913	34.0625	-7.23899e-05	-0.00592932	0.996736	34.0625	0	0
23	376280	0.0066087	-0.0666087	0.0777391	34.0625	-7.97766e-05	-0.00607041	0.996675	34.0625	0	0
23	376290	-0.00234783	-0.0678261	0.074087	34.0625	4.87524e-05	-0.00574244	0.996807	34.0625	0	0
23	376300	-0.00565217	-0.064	0.0527826	34.0625	0	-0.00559027	0.996131	34.0625	0	0
23	376310	0.00147826	-0.0572174	0.0626957	34.0625	9.08567e-05	-0.00583551	0.996401	34.0625	0	0
23	376320	0.00695652	-0.0869565	0.0582609	34.0625	-5.39231e-05	-0.00558289	0.996654	34.0625	0	0
23	376330	0.012	-0.067913	0.0493043	34.0625	1.84668e-05	-0.00586432	0.996414	34.0625	0	0
23	376340	0.0146087	-0.0785217	0.10513	34.0625	2.73309e-05	-0.00602092	0.996768	34.0625	0	0
23	376350	0.02	-0.0773913	0.0593043	34.0625	-4.0627e-05	-0.00597808	0.996946	34.0625	0	0
23	376360	0.0172174	-0.0786087	0.094087	34.0625	1.47734e-06	-0.00584438	0.996536	34.0625	0	0
23	376370	0.0146087	-0.0693913	0.113391	34.0625	-3.32403e-05	-0.00570034	0.99677	34.0625	0	0
23	376380	0.0204348	-0.0781739	0.0782609	34.125	0.000169156	-0.00533174	0.996682	34.125	0	0
23	376390	0.0302609	-0.0842609	0.0693043	34.0625	5.02297e-05	-0.00594188	0.996427	34.0625	0	0
23	376400	0.0103478	-0.0646087	0.111391	34.0625	3.8411e-05	-0.00560431	0.996334	34.0625	0	0
23	376410	0.012	-0.0817391	0.0722609	34.0625	-0.000118926	-0.0060512	0.996784	34.0625	0	0
23	376420	0.00469565	-0.0698261	0.0811304	34.0625	-8.86407e-06	-0.00574687	0.996542	34.0625	0	0
23	376430	0.00521739	-0.0827826	0.0681739	34.0625	3.17629e-05	-0.00567079	0.996584	34.0625	0	0
23	376440	0.0026087	-0.0776522	0.100348	34.0625	-2.21602e-05	-0.00622405	0.996455	34.0625	0	0
23	376450	0.00930435	-0.0842609	0.0751304	34.0625	-2.51149e-05	-0.00592194	0.996478	34.0625	0	0
23	376460	0.011913	-0.0765217	0.0674783	34.0625	-3.47176e-05	-0.00571068	0.996686	34.0625	0	0
23	376470	0.00130435	-0.103304	0.129391	34.0625	3.91496e-05	-0.00572767	0.996547	34.0625	0	0
23	376480	0.0204348	-0.088	0.0435652	34.0625	5.17071e-05	-0.0061332	0.99646	34.0625	0	0
23	376490	0.0123478	-0.0709565	0.0835652	34.0625	-0.000207567	-0.00589535	0.996307	34.0625	0	0
23	376500	0.00652174	-0.0841739	0.0839301	34.0625	-0.000106369	-0.0058562	0.996639	34.0625	0	0
23	376510	0.00991304	-0.089913	0.0844348	34.0625	-1.99442e-05	-0.00592711	0.997008	34.0625	0	0
23	376520	0.013913	-0.0916522	0.0911304	34.0625	-0.000187623	-0.00563533	0.996446	34.0625	0	0
23	376530	0.0148696	-0.0875652	-0.0790435	34.0625	3.76723e-05	-0.00579045	0.996186	34.0625	0	0
23	376540	0.0307826	-0.0829565	-1.66713	34.0625	0.000486047	-0.00613246	0.996595	34.0625	0	0
23	376550	0.0155652	-0.0803478	-4.5653	34.0625	0.000638213	-0.00625656	0.996632	34.0625	0	0
23	376560	0.042	-0.0593043	-7.51661	34.0625	0.000364166	-0.00618417	0.996872	34.0625	0	0
23	376570	0.0654783	-0.0810435	-10.4575	34.0625	0.000505252	-0.00653504	0.996635	34.0625	0	0
23	376580	0.0870435	-0.0788696	-13.4985	34.0625	0.000582813	-0.00651878	0.996637	34.0625	0	0
23	376590	0.112435	-0.105217	-16.4994	34.0625	0.000531105	-0.00632378	0.996711	34.0625	0	0
23	376600	0.128783	-0.0744348	-19.441	34.0625	0.000454284	-0.00659339	0.996468	34.0625	0	0
23	376610	0.138166	-0.108087	-22.4499	34.0625	0.000480876	-0.00656163	0.996701	34.0625	0	0
23	376620	0.162087	-0.0818261	-25.4449	34.0625	0.000329448	-0.00695829	0.99641	34.0625	0	0
23	376630	0.183826	-0.0866087	-28.304	34.0625	0.000313936	-0.00654316	0.9964	34.0625	0	0
23	376640	0.204522	-0.0685217	-29.598	34.0625	-0.000156599	-0.00619155	0.996644	34.0625	0	0
23	376650	0.189652	-0.0643478	-29.8828	34.0625	-0.000356779	-0.00604234	0.996444	34.0625	0	0
23	376660	0.194261	-0.0757391	-29.9888	34.0625	-0.000230466	-0.0061103	0.996547	34.0625	0	0
23	376670	0.185043	-0.0849565	-29.9772	34.0625	-0.000310981	-0.00613541	0.996295	34.0625	0	0
23	376680	0.180783	-0.0735652	-29.981	34.0625	-0.000340528	-0.00626542	0.996623	34.0625	0	0
23	376690	0.191565	-0.0887826	-29.9988	34.0625	-0.000484569	-0.00656975	0.996411	34.0625	0	0
23	376700	0.189913	-0.0928696	-29.9918	34.0625	-0.000214215	-0.00609848	0.996544	34.0625	0	0
23	376710	0.178174	-0.0931304	-29.9711	34.0625	-0.000246717	-0.00653282	0.996449	34.0625	0	0
23	376720	0.173913	-0.0928384	-29.999	34.0625	-0.000176543	-0.00650106	0.996947	34.0625	0	0
23	376730	0.186261	-0.091913	-29.9966	34.0625	-0.000316891	-0.00666874	0.997153	34.0625	0	0
23	376740	0.20687	-0.0889565	-29.973	34.0625	-0.000240069	-0.00624104	0.996443	34.0625	0	0
23	376750	0.193739	-0.0922609	-30.0017	34.125	-0.000233421	-0.00607115	0.996429	34.125	0	0
23	376760	0.185478	-0.0786956	-30.0046	34.125	-0.000183929	-0.00639173	0.996839	34.125	0	0
23	376770	0.174957	-0.0868696	-29.9817	34.0625	-0.000214215	-0.00598399	0.99654	34.0625	0	0
23	376780	0.174522	-0.0818261	-29.9684	34.0625	-0.000305072	-0.00600984	0.99676	34.0625	0	0
23	376790	0.183652	-0.0992174	-29.9749	34.0625	-0.000257058	-0.00601649	0.996396	34.0625	0	0
23	376800	0.188783	-0.102348	-29.9738	34.0625	-0.00033388	-0.00618269	0.996649	34.0625	0	0
23	376810	0.183913	-0.0986957	-29.9873	34.0625	-6.86965e-05	-0.0060741	0.996638	34.0625	0	0
23	376820	0.18087	-0.0806087	-29.9997	34.0625	-0.000248194	-0.0063777	0.99644	34.0625	0	0
23	376830	0.178	-0.0882609	-29.9743	34.0625	-0.000243023	-0.00642867	0.99624	34.0625	0	0
23	376840	0.171391	-0.104	-29.9519	34.0625	-0.000384848	-0.00632599	0.996621	34.0625	0	0
23	376850	0.194087	-0.0763478	-30.0003	34.0625	-0.000494911	-0.00618417	0.996475	34.0625	0	0
23	376860	0.18313	-0.0863478	-29.9392	34.0625	-0.000344221	-0.0062078	0.996596	34.0625	0	0
23	376870	0.17487	-0.0968696	-29.9989	34.0625	-0.000254842	-0.0057971	0.996356	34.0625	0	0
23	376880	0.18687	-0.0841739	-29.9945	34.0625	-0.000196487	-0.00613985	0.996608	34.0625	0	0
23	376890	0.204	-0.088087	-29.9798	34.0625	-0.000327971	-0.00621888	0.996344	34.0625	0	0
23	376900	0.174783	-0.0709565	-29.9829	34.0625	-0.000328709	-0.00616718	0.99635	34.0625	0	0
23	376910	0.192696	-0.0944348	-30.004	34.0625	-0.000163985	-0.00590199	0.996602	34.0625	0	0
23	376920	0.191652	-0.0793913	-29.9903	34.0625	-0.000248194	-0.00600393	0.996793	34.0625	0	0
23	376930	0.176087	-0.073913	-29.992	34.0625	-0.000252626	-0.00603274	0.996203	34.0625	0	0
23	376940	0.198087	-0.0690435	-29.9794	34.0625	-0.000330925	-0.00640946	0.996603	34.0625	0	0
23	376950	0.184435	-0.0735652	-29.9619	34.0625	-0.000422521	-0.00626247	0.996471	34.0625	0	0
23	376960	0.207739	-0.082087	-30.0031	34.0625	-0.000189839	-0.00592268	0.996587	34.0625	0	0
23	376970	0.192348	-0.0745217	-29.9712	34.0625	-0.000205351	-0.0062669	0.996742	34.0625	0	0
23	376980	0.191826	-0.08	-29.9717	34.0625	-0.000378939	-0.00613172	0.996259	34.0625	0	0
23	376990	0.18113	-0.0938261	-29.9624	34.0625	-0.000386326	-0.00619081	0.996523	34.0625	0	0
23	377000	0.198522	-0.0817391	-30.0054	34.0625	-0.000155121	-0.00620559	0.996839	34.0625	0	0
23	377010	0.199913	-0.0742609	-30.006	34.0625	-0.000352347	-0.00596921	0.996503	34.0625	0	0
23	377020	0.199304	-0.0754783	-30.0185	34.0625	-0.00030064	-0.00584807	0.996579	34.0625	0	0
23	377030	0.20313	-0.102696	-29.9716	34.0625	-0.000273309	-0.00622479	0.996637	34.0625	0	0
23	377040	0.180174	-0.0902609	-29.973	34.0625	-0.000161769	-0.00623735	0.996265	34.0625	0	0
23	377050	0.174087	-0.0766087	-29.9952	34.0625	-0.00017802	-0.00628241	0.996536	34.0625	0	0
23	377060	0.184348	-0.0676522	-29.9619	34.0625	-0.000310981	-0.00599359	0.996408	34.0625	0	0
23	377070	0.18313	-0.0787826	-30.0117	34.0625	-0.000453545	-0.00611621	0.996305	34.0625	0	0
23	377080	0.197217	-0.0949565	-29.9677	34.0625	-0.000221602	-0.00618121	0.996388	34.0625	0	0
23	377090	0.193391	-0.079913	-29.96	34.0625	-0.000159553	-0.00609848	0.99694	34.0625	0	0
23	377100	0.186522	-0.0903478	-29.9895	34.0625	-0.000399622	-0.00624031	0.99672	34.0625	0	0
23	377110	0.174	-0.105304	-29.9786	34.0625	-0.00022234	-0.00651878	0.99669	34.0625	0	0
23	377120	0.190087	-0.0808696	-30.0183	34.0625	-0.00044542	-0.00611104	0.996511	34.0625	0	0
23	377130	0.173217	-0.0958261	-30.0203	34.0625	-0.000386326	-0.00641537	0.99657	34.0625	0	0
23	377140	0.185913	-0.0753913	-30.002	34.0625	-0.000175804	-0.00599285	0.99657	34.0625	0	0
23	377150	0.188261	-0.0866087	-29.9697	34.0625	-0.000264445	-0.00624031	0.996152	34.0625	0	0
23	377160	0.177826	-0.0858261	-29.9729	34.0625	-0.00029473	-0.00608149	0.99655	34.0625	0	0
23	377170	0.203652	-0.088	-29.9897	34.0625	-0.000364904	-0.006097	0.996541	34.0625	0	0
23	377180	0.205217	-0.077913	-29.9915	34.0625	-0.000474228	-0.00599507	0.996751	34.0625	0	0
23	377190	0.201826	-0.0853913	-29.9716	34.0625	-0.000549572	-0.00618712	0.996513	34.0625	0	0
23	377200	0.207739	-0.0978261	-29.9803	34.0625	-0.000171372	-0.00597734	0.996586	34.0625	0	0
23	377210	0.194174	-0.0791304	-29.9917	34.0625	-0.000328709	-0.00602166	0.996547	34.0625	0	0
23	377220	0.193478	-0.089913	-29.9525	34.0625	-0.000124836	-0.00615536	0.996753	34.0625	0	0
23	377230	0.199565	-0.0726957	-29.9811	34.0625	-0.000364166	-0.00588574	0.996321	34.0625	0	0
23	377240	0.18	-0.114087	-29.9772	34.125	-0.00011154	-0.00617161	0.996475	34.125	0	0
23	377250	0.177217	-0.108696	-29.9762	34.0625	-0.000186145	-0.00609479	0.99661	34.0625	0	0
23	377260	0.205739	-0.096	-30.0124	34.0625	-0.000434339	-0.006456	0.996536	34.0625	0	0
23	377270	0.178957	-0.077913	-29.9913	34.0625	5.31844e-05	-0.00592489	0.996493	34.0625	0	0
23	377280	0.200957	-0.0963478	-29.9994	34.0625	-0.000475705	-0.00578307	0.996912	34.0625	0	0
23	377290	0.2	-0.0862609	-29.9558	34.0625	-0.000337573	-0.00620189	0.996484	34.0625	0	0
23	377300	0.218522	-0.0929565	-30.0088	34.0625	-0.000325016	-0.00617235	0.996742	34.0625	0	0
23	377310	0.209652	-0.095913	-30.0048	34.0625	-0.000508207	-0.00606376	0.996419	34.0625	0	0
23	377320	0.198696	-0.0969565	-30.0257	34.0625	-0.000421043	-0.00641168	0.996127	34.0625	0	0
23	377330	0.176174	-0.0865217	-29.9953	34.0625	-0.000196487	-0.00590125	0.996553	34.0625	0	0
23	377340	0.205565	-0.0882609	-29.9744	34.0625	-0.000589461	-0.00610956	0.996679	34.0625	0	0
23	377350	0.189043	-0.0947826	-29.9861	34.0625	-0.000392235	-0.00640355	0.996566	34.0625	0	0
23	377360	0.192609	-0.100174	-29.981	34.0625	-0.000404054	-0.00608666	0.996683	34.0625	0	0
23	377370	0.18713	-0.0831304	-29.988	34.0625	-0.000254103	-0.0061236	0.996749	34.0625	0	0
23	377380	0.18	-0.0915652	-29.9416	34.0625	-0.000514116	-0.00623587	0.996411	34.0625	0	0
23	377390	0.179826	-0.0751304	-29.9801	34.0625	-0.000185407	-0.00614354	0.996231	34.0625	0	0
23	377400	0.188783	-0.0881739	-29.9677	34.0625	-0.00038928	-0.006456	0.996547	34.0625	0	0
23	377410	0.178087	-0.096087	-29.981	34.0625	-7.82993e-05	-0.00588574	0.996796	34.0625	0	0
23	377420	0.184957	-0.0949565	-29.9955	34.0625	-0.000212738	-0.00606819	0.996376	34.0625	0	0
23	377430	0.192174	-0.0832174	-29.999	34.0625	-0.000358256	-0.00633929	0.99672	34.0625	0	0
23	377440	0.182174	-0.0752174	-29.9558	34.0625	-0.000325016	-0.00624695	0.996559	34.0625	0	0
23	377450	0.191478	-0.0857391	-30.0187	34.0625	-0.000104891	-0.00623809	0.99653	34.0625	0	0
23	377460	0.186261	-0.0717391	-30.0327	34.0625	-0.000519287	-0.00598177	0.99672	34.0625	0	0
23	377470	0.19487	-0.0743478	-29.9893	34.0625	-0.000471273	-0.00631417	0.996531	34.0625	0	0
23	377480	0.195043	-0.0723478	-29.9761	34.0625	-0.000306549	-0.00651509	0.996875	34.0625	0	0
23	377490	0.199304	-0.066	-29.9907	34.0625	-0.000375246	-0.00610513	0.997001	34.0625	0	0
23	377500	0.196435	-0.0745217	-30.0015	34.125	-0.000416611	-0.00629127	0.996173	34.125	0	0
23	377510	0.199391	-0.0889565	-30.033	34.125	-0.000609405	-0.00631269	0.996688	34.125	0	0
23	377520	0.191652	-0.0985217	-30.016	34.125	-5.02297e-05	-0.00626468	0.996395	34.125	0	0
23	377530	0.192783	-0.0711304	-29.9971	34.125	-0.000622701	-0.00680539	0.996629	34.125	0	0
23	377540	0.190174	-0.0778261	-29.9545	34.0625	-0.000254103	-0.0064427	0.996601	34.0625	0	0
23	377550	0.189217	-0.0705217	-29.9649	34.0625	-0.000644122	-0.0063186	0.996594	34.0625	0	0
23	377560	0.186174	-0.09	-29.9998	34.0625	-0.000472012	-0.00609848	0.996375	34.0625	0	0
23	377570	0.188609	-0.0718261	-30.002	34.0625	-0.00037303	-0.00628093	0.996299	34.0625	0	0
23	377580	0.18287	-0.0592174	-29.9697	34.0625	-0.00021126	-0.00612138	0.996569	34.0625	0	0
23	377590	0.199043	-0.0856522	-29.9939	34.125	-0.000125574	-0.0064885	0.996489	34.125	0	0
23	377600	0.20287	-0.0932174	-29.9944	34.0625	-0.000413657	-0.00611695	0.996416	34.0625	0	0
23	377610	0.210435	-0.0730435	-29.9548	34.0625	-0.000279957	-0.00589017	0.996311	34.0625	0	0
23	377620	0.193391	-0.0825217	-29.9891	34.0625	-0.000265183	-0.00627724	0.996392	34.0625	0	0
23	377630	0.183304	-0.0772174	-30.007	34.0625	-0.000385587	-0.0061524	0.996675	34.0625	0	0
23	377640	0.193043	-0.0958261	-29.9681	34.0625	-0.000236375	-0.00605859	0.996356	34.0625	0	0
23	377650	0.200348	-0.0567826	-29.9615	34.0625	-0.00042843	-0.00621814	0.996559	34.0625	0	0
23	377660	0.194	-0.0868696	-29.9687	34.0625	-0.000226772	-0.00610734	0.996696	34.0625	0	0
23	377670	0.182609	-0.0915652	-30.001	34.0625	-0.000266661	-0.00614132	0.996446	34.0625	0	0
23	377680	0.182348	-0.0905217	-30.0217	34.125	-8.1254e-05	-0.00601501	0.996805	34.125	0	0
23	377690	0.188087	-0.085913	-29.975	34.0625	-0.000306549	-0.0059899	0.996191	34.0625	0	0
23	377700	0.18	-0.0827826	-30.0001	34.0625	-0.000359734	-0.00643605	0.996381	34.0625	0	0
23	377710	0.20687	-0.084	-29.9597	34.0625	-0.00050082	-0.00601132	0.996414	34.0625	0	0
23	377720	0.195913	-0.0974783	-29.9822	34.0625	-0.000345699	-0.00625065	0.996397	34.0625	0	0
23	377730	0.175217	-0.0983478	-29.9815	34.0625	-0.000342744	-0.00628389	0.99683	34.0625	0	0
23	377740	0.16713	-0.0726087	-29.9929	34.125	-0.000237114	-0.00612655	0.996872	34.125	0	0
23	377750	0.192261	-0.0683478	-30.0083	34.0625	-0.000291037	-0.00637031	0.99618	34.0625	0	0
23	377760	0.185913	-0.0840869	-30.034	34.125	-0.000167679	-0.0065077	0.996666	34.125	0	0
23	377770	0.162348	-0.0675652	-29.99	34.125	-0.000474228	-0.00624695	0.996488	34.125	0	0
23	377780	0.188	-0.0926087	-30.0203	34.0625	-0.000497127	-0.00599728	0.996505	34.0625	0	0
23	377790	0.19113	-0.101826	-30.0053	34.0625	-0.000542186	-0.00617382	0.996477	34.0625	0	0
23	377800	0.214783	-0.071913	-29.9947	34.0625	-0.000337573	-0.00665396	0.996364	34.0625	0	0
23	377810	0.196435	-0.0928696	-30.0068	34.0625	-0.000375246	-0.00637918	0.996525	34.0625	0	0
23	377820	0.167043	-0.0856522	-29.9661	34.0625	2.21602e-05	-0.0063186	0.996661	34.0625	0	0
23	377830	0.17913	-0.110609	-30.0173	34.0625	-4.65364e-05	-0.00628906	0.996569	34.0625	0	0
23	377840	0.177304	-0.0964348	-30.0016	34.0625	-0.000199442	-0.00616939	0.996508	34.0625	0	0
23	377850	0.174348	-0.0983478	-29.9584	34.0625	-0.000140348	-0.00648407	0.99625	34.0625	0	0
23	377860	0.192	-0.0841739	-29.9814	34.0625	-2.58535e-05	-0.00589978	0.996182	34.0625	0	0
23	377870	0.182696	-0.0996522	-30.0128	34.0625	-0.000171372	-0.0064752	0.996819	34.0625	0	0
23	377880	0.190261	-0.0718261	-29.9882	34.0625	-0.000206828	-0.00641315	0.996199	34.0625	0	0
23	377890	0.186609	-0.0905217	-29.9878	34.0625	-0.000313197	-0.00636957	0.996831	34.0625	0	0
23	377900	0.171043	-0.0688696	-29.9763	34.0625	-0.000255581	-0.0063548	0.996447	34.0625	0	0
23	377910	0.16913	-0.0865217	-30.0116	34.0625	-0.000178759	-0.00607927	0.996748	34.0625	0	0
23	377920	0.185565	-0.0826957	-30.0157	34.0625	-0.000132961	-0.00585029	0.99657	34.0625	0	0
23	377930	0.167478	-0.0778261	-29.99	34.0625	-0.000179497	-0.00662146	0.996364	34.0625	0	0
23	377940	0.179826	-0.0753043	-29.9809	34.0625	-0.000392974	-0.0064102	0.996403	34.0625	0	0
23	377950	0.190261	-0.0925217	-29.9856	34.125	-0.000235637	-0.00615314	0.996242	34.125	0	0
23	377960	0.180261	-0.0893044	-30.018	34.125	-0.000427691	-0.00647077	0.996381	34.125	0	0
23	377970	0.173739	-0.0937391	-29.981	34.0625	-0.000121881	-0.00617752	0.996487	34.0625	0	0
23	377980	0.188348	-0.0870435	-30.0059	34.0625	-0.000181713	-0.00614575	0.996643	34.0625	0	0
23	377990	0.190783	-0.0738261	-30.017	34.125	-0.0003782	-0.00609405	0.996812	34.125	0	0
23	378000	0.191391	-0.108174	-29.9873	34.0625	-0.000109324	-0.00587983	0.996562	34.0625	0	0
23	378010	0.196348	-0.094	-29.9556	34.0625	-0.000188361	-0.00614354	0.9964	34.0625	0	0
23	378020	0.178783	-0.0858261	-29.9822	34.125	-0.000407009	-0.00618269	0.996446	34.125	0	0
23	378030	0.177826	-0.0866956	-29.9687	34.125	-0.000423259	-0.00625212	0.996502	34.125	0	0
23	378040	0.183739	-0.0777391	-29.9893	34.0625	-0.000243023	-0.00613172	0.996385	34.0625	0	0
23	378050	0.198609	-0.0898261	-29.9808	34.0625	-7.97766e-05	-0.00615757	0.996498	34.0625	0	0
23	378060	0.16487	-0.0873913	-29.9604	34.0625	-6.79579e-05	-0.00625729	0.996515	34.0625	0	0
23	378070	0.188261	-0.0766957	-29.955	34.0625	-0.00040036	-0.00639395	0.996441	34.0625	0	0
23	378080	0.194435	-0.0896522	-29.9974	34.0625	-0.0001891	-0.00601723	0.996439	34.0625	0	0
23	378090	0.181826	-0.0982609	-30.008	34.0625	-0.000247455	-0.00632821	0.996902	34.0625	0	0
23	378100	0.174957	-0.110174	-29.9815	34.0625	-0.000385587	-0.00615314	0.996355	34.0625	0	0
23	378110	0.188087	-0.0858261	-29.9855	34.125	-0.000310981	-0.00583699	0.99674	34.125	0	0
23	378120	0.169043	-0.104348	-29.9785	34.0625	-0.000356779	-0.00587097	0.996877	34.0625	0	0
23	378130	0.183478	-0.0773043	-29.9554	34.0625	-0.000553266	-0.00638287	0.996379	34.0625	0	0
23	378140	0.192609	-0.0849565	-29.9966	34.0625	-0.000293253	-0.00622775	0.996482	34.0625	0	0
23	378150	0.195043	-0.0866956	-29.9778	34.125	-0.00019501	-0.00622036	0.99652	34.125	0	0
23	378160	0.178435	-0.108522	-29.9967	34.0625	-0.000234159	-0.00621002	0.996816	34.0625	0	0
23	378170	0.194609	-0.101739	-29.9854	34.0625	-0.000443942	-0.00644049	0.996608	34.0625	0	0
23	378180	0.20313	-0.0893913	-29.9602	34.0625	-0.000457238	-0.00623366	0.996763	34.0625	0	0
23	378190	0.184	-0.0926087	-29.964	34.0625	-0.000420305	-0.00622036	0.99637	34.0625	0	0
23	378200	0.191913	-0.0813043	-29.9046	34.0625	-0.000202396	-0.0065018	0.996525	34.0625	0	0
23	378210	0.192435	-0.0878261	-30.0166	34.0625	-0.000510423	-0.00616201	0.99659	34.0625	0	0
23	378220	0.196261	-0.0884348	-30.009	34.0625	-0.000302856	-0.00619672	0.996813	34.0625	0	0
23	378230	0.185826	-0.0746087	-29.9697	34.0625	-0.0003782	-0.00614871	0.996473	34.0625	0	0
23	378240	0.194435	-0.127913	-29.9735	34.0625	-6.57418e-05	-0.00628758	0.996863	34.0625	0	0
23	378250	0.194174	-0.0907826	-29.9854	34.0625	-0.000458716	-0.00608371	0.996587	34.0625	0	0
23	378260	0.180174	-0.0981739	-29.9709	34.0625	-0.000306549	-0.00609257	0.996723	34.0625	0	0
23	378270	0.183826	-0.0965217	-29.9743	34.0625	-0.000361211	-0.00599137	0.996756	34.0625	0	0
23	378280	0.195304	-0.0693043	-29.9553	34.0625	-0.000530367	-0.00606007	0.996403	34.0625	0	0
23	378290	0.193826	-0.102435	-29.9793	34.0625	-0.000344221	-0.00584068	0.996703	34.0625	0	0
23	378300	0.193391	-0.0926087	-29.9979	34.0625	-0.000374507	-0.00621667	0.996472	34.0625	0	0
23	378310	0.189304	-0.0932174	-29.9631	34.0625	-0.000262229	-0.00589239	0.996573	34.0625	0	0
23	378320	0.187217	-0.0911304	-29.9715	34.0625	-0.000314674	-0.00620706	0.996476	34.0625	0	0
23	378330	0.173652	-0.087913	-29.9243	34.0625	-0.000408486	-0.0059212	0.996516	34.0625	0	0
23	378340	0.190609	-0.0844348	-30.0137	34.0625	-0.000420305	-0.00615314	0.996207	34.0625	0	0
23	378350	0.182261	-0.0921739	-29.9751	34.0625	-0.000303594	-0.00685931	0.99647	34.0625	0	0
23	378360	0.191391	-0.0944348	-29.9535	34.0625	-0.000665544	-0.00613837	0.996235	34.0625	0	0
23	378370	0.188261	-0.106	-30.0166	34.0625	-0.000598325	-0.00614354	0.996177	34.0625	0	0
23	378380	0.200174	-0.0777391	-29.997	34.125	-0.000155121	-0.00661407	0.996706	34.125	0	0
23	378390	0.204087	-0.0898261	-30.001	34.125	-0.000421782	-0.00639026	0.996587	34.125	0	0
23	378400	0.206	-0.0956522	-29.9833	34.0625	-0.00020018	-0.0059441	0.996809	34.0625	0	0
23	378410	0.184609	-0.078087	-30.0174	34.0625	-0.000338312	-0.00607484	0.996573	34.0625	0	0
23	378420	0.189304	-0.085913	-29.9597	34.0625	-0.000418089	-0.00614575	0.996451	34.0625	0	0
23	378430	0.190348	-0.0823478	-29.9631	34.0625	-0.000279957	-0.00602683	0.996521	34.0625	0	0
23	378440	0.186783	-0.0845217	-29.9821	34.0625	-0.000440249	-0.00601353	0.996444	34.0625	0	0
23	378450	0.194609	-0.102174	-30.039	34.0625	-0.00026149	-0.00613541	0.9967	34.0625	0	0
23	378460	0.202348	-0.0752174	-29.952	34.0625	-0.000192055	-0.00621888	0.996974	34.0625	0	0
23	378470	0.207826	-0.0756522	-29.9963	34.0625	-0.00046167	-0.00601132	0.996451	34.0625	0	0
23	378480	0.189652	-0.0901739	-30.0137	34.0625	-0.000552527	-0.00580892	0.996816	34.0625	0	0
23	378490	0.183304	-0.0920869	-29.9901	34.0625	-0.000201658	-0.00600393	0.996665	34.0625	0	0
23	378500	0.192783	-0.0790435	-30.0217	34.0625	-0.000335357	-0.00608962	0.996685	34.0625	0	0
23	378510	0.198435	-0.103043	-30.0157	34.0625	-0.000226034	-0.005885	0.996687	34.0625	0	0
23	378520	0.191043	-0.0933043	-29.9695	34.0625	-0.000556959	-0.0063452	0.996644	34.0625	0	0
23	378530	0.18687	-0.0763478	-30.0057	34.0625	-0.000152167	-0.00613541	0.996372	34.0625	0	0
23	378540	0.196	-0.0866956	-29.9622	34.0625	-0.000236375	-0.00595001	0.996225	34.0625	0	0
23	378550	0.186522	-0.0838261	-30.0115	34.0625	-0.000269615	-0.00596109	0.996542	34.0625	0	0
23	378560	0.194348	-0.11513	-30.0082	34.0625	-0.000240069	-0.00631269	0.996683	34.0625	0	0
23	378570	0.174957	-0.0667826	-30.007	34.0625	-0.000216431	-0.00631048	0.996494	34.0625	0	0
23	378580	0.184174	-0.0818261	-29.9579	34.0625	-0.000562868	-0.00641833	0.99668	34.0625	0	0
23	378590	0.199217	-0.077913	-29.965	34.0625	-0.000477921	-0.00584881	0.996748	34.0625	0	0
23	378600	0.183391	-0.0810435	-29.9687	34.0625	-0.000409963	-0.00624769	0.996497	34.0625	0	0
23	378610	0.186696	-0.0878261	-29.9575	34.0625	-0.000702478	-0.00619451	0.996679	34.0625	0	0
23	378620	0.199826	-0.0951304	-29.9693	34.0625	-0.000581335	-0.00599802	0.996999	34.0625	0	0
23	378630	0.198261	-0.0718261	-29.9992	34.0625	-0.000480876	-0.00656015	0.996925	34.0625	0	0
23	378640	0.205304	-0.0933913	-29.9838	34.0625	-0.000216431	-0.00661038	0.996279	34.0625	0	0
23	378650	0.186957	-0.0898261	-30.0017	34.0625	-0.000446897	-0.00601649	0.996474	34.0625	0	0
23	378660	0.180696	-0.0864348	-30.0043	34.0625	-0.000565823	-0.00634963	0.996333	34.0625	0	0
23	378670	0.16487	-0.0887826	-29.9803	34.0625	-0.000238591	-0.00611916	0.996975	34.0625	0	0
23	378680	0.192	-0.0997391	-29.9887	34.0625	-0.000340528	-0.006097	0.996547	34.0625	0	0
23	378690	0.186	-0.0926957	-30.0013	34.0625	-0.000347176	-0.00610882	0.996482	34.0625	0	0
23	378700	0.189652	-0.0871304	-30.0186	34.0625	-0.000307288	-0.00641094	0.996327	34.0625	0	0
23	378710	0.187739	-0.0823478	-29.964	34.0625	-0.000593154	-0.00651805	0.996751	34.0625	0	0
23	378720	0.189391	-0.0750435	-29.981	34.0625	-0.000367859	-0.00619968	0.996427	34.0625	0	0
23	378730	0.196261	-0.0838261	-30.0225	34.0625	-0.000334619	-0.00655129	0.996636	34.0625	0	0
23	378740	0.191826	-0.0906956	-30.0506	34.0625	-0.00035604	-0.00604603	0.996408	34.0625	0	0
23	378750	0.202435	-0.0987826	-29.9697	34.0625	-0.000444681	-0.00625729	0.996485	34.0625	0	0
23	378760	0.192174	-0.0907826	-29.9756	34.0625	-0.000340528	-0.0061524	0.996567	34.0625	0	0
23	378770	0.190696	-0.0723478	-30.0109	34.0625	-0.000652986	-0.00622553	0.995932	34.0625	0	0
23	378780	0.188609	-0.0857391	-29.9949	34.0625	-0.000372291	-0.00629349	0.996468	34.0625	0	0
23	378790	0.182	-0.103826	-29.9759	34.0625	-0.000290298	-0.00618786	0.996457	34.0625	0	0
23	378800	0.17913	-0.110957	-29.9498	34.0625	-0.000315413	-0.00616644	0.996893	34.0625	0	0
23	378810	0.176783	-0.0906956	-30.0265	34.0625	-0.000213476	-0.00628832	0.996689	34.0625	0	0
23	378820	0.194087	-0.0773913	-29.9792	34.0625	-0.000246717	-0.00639469	0.996075	34.0625	0	0
23	378830	0.183043	-0.0896522	-29.9972	34.0625	-0.000303594	-0.00567227	0.996553	34.0625	0	0
23	378840	0.210783	-0.0734783	-29.9637	34.0625	-4.7275e-05	-0.0062115	0.996352	34.0625	0	0
23	378850	0.18113	-0.0870435	-29.9655	34.0625	-0.000156599	-0.00617087	0.99648	34.0625	0	0
23	378860	0.194435	-0.0532174	-30.0043	34.0625	-0.000412179	-0.00638139	0.996494	34.0625	0	0
23	378870	0.218261	-0.0713044	-30.0209	34.0625	-0.000253365	-0.00636292	0.996705	34.0625	0	0
23	378880	0.194696	-0.0616522	-29.9854	34.0625	-0.000491956	-0.00646929	0.996784	34.0625	0	0
23	378890	0.183043	-0.086	-29.9885	34.0625	-0.000288082	-0.00629718	0.996598	34.0625	0	0
23	378900	0.193652	-0.104174	-29.9744	34.0625	-0.000160292	-0.00638435	0.996703	34.0625	0	0
23	378910	0.186609	-0.088	-29.9695	34.0625	-0.00025041	-0.00638065	0.996872	34.0625	0	0
23	378920	0.18487	-0.0908696	-29.9936	34.125	-0.000171372	-0.00627502	0.996523	34.125	0	0
23	378930	0.194696	-0.0805217	-29.9392	34.0625	-0.000203874	-0.0064102	0.996462	34.0625	0	0
23	378940	0.187043	-0.0844348	-28.8595	34.0625	-0.000757878	-0.00589091	0.996536	34.0625	0	0
23	378950	0.174435	-0.0952174	-26.2423	34.0625	-0.00121216	-0.00539822	0.996904	34.0625	0	0
23	378960	0.149391	-0.0858261	-23.4494	34.0625	-0.00111244	-0.00568556	0.996249	34.0625	0	0
23	378970	0.116174	-0.0986957	-20.5334	34.0625	-0.00101346	-0.00561391	0.996293	34.0625	0	0
23	378980	0.104522	-0.0886956	-17.4181	34.0625	-0.000760833	-0.00558215	0.996556	34.0625	0	0
23	378990	0.0929565	-0.0732174	-14.4353	34.0625	-0.000684749	-0.00567079	0.996486	34.0625	0	0
23	379000	0.088087	-0.0847826	-11.425	34.0625	-0.000800721	-0.0053864	0.996731	34.0625	0	0
23	379010	0.0450435	-0.0773913	-5.87661	34.0625	-0.00187549	-0.00467358	0.996838	34.0625	0	0
23	379020	0.0232174	-0.0872174	-1.2687	34.0625	-0.00072316	-0.00579341	0.996584	34.0625	0	0
23	379030	0.018	-0.0758261	-0.232348	34.0625	-0.000140348	-0.00608592	0.996724	34.0625	0	0
23	379040	0.0255652	-0.0670435	0.00391304	34.0625	-0.000121881	-0.00570255	0.99648	34.0625	0	0
23	379050	0.00156522	-0.0876522	0.0672174	34.0625	5.90938e-05	-0.00552453	0.996638	34.0625	0	0
23	379060	0.0114783	-0.0853913	0.0445217	34.0625	-4.0627e-05	-0.00608518	0.996705	34.0625	0	0
23	379070	0.020087	-0.0844348	0.0401739	34.0625	-8.64247e-05	-0.00576903	0.996825	34.0625	0	0
23	379080	0.00382609	-0.0997391	0.0670435	34.0625	-0.000118188	-0.00577199	0.99628	34.0625	0	0
23	379090	0.0178261	-0.0862609	0.0763478	34.0625	4.2843e-05	-0.00631565	0.996705	34.0625	0	0
23	379100	0.0201739	-0.0945217	0.0930435	34.0625	-0.000100459	-0.00583625	0.996943	34.0625	0	0
23	379110	0.0306087	-0.0706957	0.102435	34.0625	-0.000189839	-0.00540782	0.99642	34.0625	0	0
23	379120	0.0153913	-0.0928696	0.105913	34.0625	-0.000209783	-0.00549868	0.996391	34.0625	0	0
23	379130	0.0136522	-0.0912174	0.0967826	34.0625	-1.55121e-05	-0.00582813	0.996656	34.0625	0	0
23	379140	0.0188696	-0.0941739	0.112783	34.0625	2.58535e-05	-0.00560874	0.996541	34.0625	0	0
23	379150	0.0122609	-0.0956522	0.0998261	34.0625	0.000125574	-0.00565897	0.996864	34.0625	0	0
23	379160	0.0168696	-0.08	0.0707826	34.0625	3.69336e-06	-0.00566192	0.996578	34.0625	0	0
23	379170	0.0226087	-0.0954783	0.062	34.0625	-3.39789e-05	-0.00564124	0.996421	34.0625	0	0
23	379180	0.0205217	-0.0816522	0.0546957	34.0625	-2.28988e-05	-0.00608666	0.996512	34.0625	0	0
23	379190	0.02	-0.073913	0.0669565	34.0625	-6.05711e-05	-0.006032	0.996689	34.0625	0	0
23	379200	0.0226957	-0.0857391	0.106348	34.0625	-0.000190577	-0.00571215	0.996767	34.0625	0	0
23	379210	0.012	-0.0893044	0.11487	34.0625	-4.7275e-05	-0.00588574	0.996641	34.0625	0	0
23	379220	0.0111304	-0.0653043	0.0406087	34.0625	1.99442e-05	-0.00579784	0.996344	34.0625	0	0
23	379230	-0.000869565	-0.0967826	0.132261	34.0625	-2.36375e-05	-0.00600615	0.996486	34.0625	0	0
23	379240	0.0046087	-0.0797391	0.143217	34.0625	1.92055e-05	-0.00612581	0.996682	34.0625	0	0
23	379250	0.0212174	-0.0604348	0.0778261	34.0625	-3.69336e-05	-0.00609922	0.996821	34.0625	0	0
23	379260	0.0166957	-0.0858261	0.0708696	34.0625	-3.98883e-05	-0.00550089	0.996547	34.0625	0	0
23	379270	0.0186957	-0.0683478	0.106261	34.0625	-6.94352e-05	-0.00603717	0.996429	34.0625	0	0
23	379280	0.0115652	-0.0785217	0.0826087	34.0625	-3.39789e-05	-0.00564567	0.996516	34.0625	0	0
23	379290	0.0146087	-0.0945217	0.0918261	34.0625	5.17071e-06	-0.00568778	0.996516	34.0625	0	0
23	379300	0.0073913	-0.08	0.0782609	34.0625	6.94352e-05	-0.00625877	0.996556	34.0625	0	0
23	379310	0.00921739	-0.0809565	0.0866087	34.0625	1.55121e-05	-0.0063777	0.996728	34.0625	0	0
23	379320	-0.00173913	-0.085913	0.065913	34.0625	-2.06828e-05	-0.00607706	0.996682	34.0625	0	0
23	379330	-0.00782609	-0.0885217	0.0650435	34.0625	-9.30727e-05	-0.00550237	0.99661	34.0625	0	0
23	379340	0.0196522	-0.0672174	0.0675652	34.0625	-1.69895e-05	-0.00564937	0.996601	34.0625	0	0
23	379350	0.012	-0.0972174	0.07	34.0625	0.000146996	-0.00621888	0.996586	34.0625	0	0
23	379360	0.00982609	-0.0926957	0.0867826	34.0625	2.58535e-05	-0.00596774	0.99683	34.0625	0	0
23	379370	0.0218261	-0.0862609	0.111565	34.0625	0	-0.00572545	0.996479	34.0625	0	0
23	379380	0.02	-0.0709565	0.0808696	34.0625	-6.72192e-05	-0.00566931	0.996753	34.0625	0	0
23	379390	0.030087	-0.0715652	0.0676522	34.0625	-0.00022234	-0.00544402	0.996221	34.0625	0	0
23	379400	0.0117391	-0.0951304	0.0855652	34.0625	-0.0001891	-0.00547356	0.996641	34.0625	0	0
23	379410	0.0195652	-0.0855652	0.0968696	34.0625	7.38672e-06	-0.00593006	0.996511	34.0625	0	0
23	379420	0.0170435	-0.0902609	0.0753043	34.0625	-6.64805e-05	-0.00590495	0.996657	34.0625	0	0
23	379430	0.000956522	-0.0789565	0.0883478	34.125	-5.31844e-05	-0.00576017	0.996777	34.125	0	0
23	379440	0.0206957	-0.0850435	0.0777391	34.0625	-7.01739e-05	-0.00575795	0.996725	34.0625	0	0
23	379450	0.0176522	-0.0852174	0.0846957	34.0625	3.47176e-05	-0.00600098	0.996369	34.0625	0	0
23	379460	0.00991304	-0.0732174	0.0721739	34.0625	-3.02856e-05	-0.00574392	0.996605	34.0625	0	0
23	379470	0.0138261	-0.0732174	0.055913	34.0625	0	-0.0057417	0.996888	34.0625	0	0
23	379480	0.00234783	-0.10287	0.0514783	34.125	3.32403e-05	-0.00589461	0.996197	34.125	0	0
23	379490	0.0122609	-0.0869565	0.0928696	34.0625	3.6195e-05	-0.00625803	0.996895	34.0625	0	0
23	379500	0.0117391	-0.083913	0.0793913	34.125	4.65364e-05	-0.0059404	0.996573	34.125	0	0
23	379510	0.02	-0.0754783	0.109304	34.0625	-1.03414e-05	-0.00568778	0.996409	34.0625	0	0
23	379520	0.0169565	-0.0741739	0.100348	34.0625	-7.97766e-05	-0.00582	0.996455	34.0625	0	0
23	379530	0.0165217	-0.0689565	0.095913	34.0625	-4.65364e-05	-0.00597291	0.996458	34.0625	0	0
23	379540	0.0198261	-0.0658261	0.0812174	34.0625	-0.000115972	-0.00567744	0.996607	34.0625	0	0
23	379550	0.0126957	-0.0716522	0.0576522	34.0625	-6.13098e-05	-0.00596478	0.99655	34.0625	0	0
23	379560	0.0141739	-0.0727826	0.106783	34.0625	6.72192e-05	-0.00578454	0.996923	34.0625	0	0
23	379570	0.02	-0.081913	0.0870435	34.0625	6.64805e-06	-0.00568113	0.99661	34.0625	0	0
23	379580	0.016	-0.0733043	0.0897391	34.0625	-3.54563e-05	-0.00571068	0.996812	34.0625	0	0
23	379590	0.0103478	-0.0906087	0.0597391	34.0625	-5.98325e-05	-0.00590421	0.996542	34.0625	0	0
23	379600	0.0115652	-0.0837391	0.0967826	34.0625	-5.17071e-06	-0.0055984	0.996716	34.0625	0	0
23	379610	0.0116522	-0.0742609	0.110957	34.0625	8.1254e-05	-0.0061103	0.996825	34.0625	0	0
23	379620	-0.00269565	-0.0875652	0.109043	34.0625	0.000191316	-0.00626837	0.996711	34.0625	0	0
23	379630	0.0101739	-0.0926957	0.098087	34.125	8.27313e-05	-0.00568999	0.996713	34.125	0	0
23	379640	0.0155652	-0.0705217	0.105043	34.0625	4.94911e-05	-0.00578824	0.997079	34.0625	0	0
23	379650	0.0148696	-0.062	0.0778261	34.0625	-4.43203e-06	-0.00569443	0.996396	34.0625	0	0
23	379660	0.00573913	-0.0655652	0.0581739	34.0625	-1.47734e-06	-0.00587245	0.996791	34.0625	0	0
23	379670	0.0207826	-0.0775652	0.0417391	34.0625	-5.61391e-05	-0.00607263	0.996581	34.0625	0	0
23	379680	0.0247826	-0.084	0.0786087	34.0625	2.95469e-05	-0.00637253	0.996449	34.0625	0	0
23	379690	0.028	-0.0958261	0.0695652	34.0625	0	-0.00574835	0.996673	34.0625	0	0
23	379700	0.0126957	-0.070087	0.0883478	34.0625	1.40348e-05	-0.00577937	0.996544	34.0625	0	0
23	379710	0.0183478	-0.0686087	0.0875652	34.0625	-6.86965e-05	-0.00602609	0.996362	34.0625	0	0
23	379720	0.0165217	-0.0895652	0.114174	34.0625	-2.06828e-05	-0.00602166	0.996743	34.0625	0	0
23	379730	0.00843478	-0.0713913	0.0807826	34.0625	0.000214215	-0.00544993	0.996544	34.0625	0	0
23	379740	0.0105217	-0.0810435	0.0581739	34.0625	1.25574e-05	-0.00562278	0.996568	34.0625	0	0
23	379750	0.00878261	-0.0886956	0.0670435	34.0625	3.8411e-05	-0.00564789	0.997008	34.0625	0	0
23	379760	0.0141739	-0.0753043	0.0806956	34.0625	3.98883e-05	-0.00589091	0.99673	34.0625	0	0
