23	576550	0.534522	-0.101304	-89.861	34.125	-0.00266365	-0.00934495	0.996545	34.125	0	0
23	576560	0.560783	-0.109565	-89.8762	34.0625	-0.00265848	-0.00932057	0.996638	34.0625	0	0
23	576570	0.555826	-0.0893044	-89.8902	34.125	-0.00265183	-0.00939813	0.996745	34.125	0	0
23	576580	0.543913	-0.0872174	-89.9289	34.125	-0.00285275	-0.0092696	0.996383	34.125	0	0
23	576590	0.54713	-0.0893044	-89.8574	34.125	-0.00268138	-0.00911448	0.996695	34.125	0	0
23	576600	0.552696	-0.0846087	-89.8746	34.125	-0.00273457	-0.00947865	0.996401	34.125	0	0
23	576610	0.558522	-0.103565	-89.9464	34.125	-0.0026511	-0.0093021	0.996526	34.125	0	0
23	576620	0.566522	-0.0947826	-89.8682	34.125	-0.00276707	-0.00964411	0.996633	34.125	0	0
23	576630	0.552348	-0.0986087	-89.8694	34.125	-0.00272349	-0.0092046	0.996449	34.125	0	0
23	576640	0.559565	-0.0886087	-89.8527	34.125	-0.00271979	-0.00946387	0.996504	34.125	0	0
23	576650	0.540783	-0.0894783	-89.8853	34.125	-0.00287048	-0.00940773	0.99618	34.125	0	0
23	576660	0.550261	-0.107217	-89.9064	34.125	-0.0027353	-0.0096936	0.996581	34.125	0	0
23	576670	0.551652	-0.0935652	-89.9051	34.125	-0.00281139	-0.00923045	0.996531	34.125	0	0
23	576680	0.550261	-0.114435	-89.891	34.125	-0.00279218	-0.00944393	0.996748	34.125	0	0
23	576690	0.547565	-0.0971304	-89.917	34.125	-0.00294878	-0.00954513	0.996626	34.125	0	0
23	576700	0.535652	-0.1	-89.8856	34.125	-0.00294088	-0.00926886	0.99646	34.125	0	0
23	576710	0.567652	-0.0818261	-89.8892	34.125	-0.00273974	-0.00953331	0.996528	34.125	0	0
23	576720	0.560174	-0.0728696	-89.941	34.125	-0.00295691	-0.00967587	0.996032	34.125	0	0
23	576730	0.546783	-0.0895652	-89.9463	34.125	-0.00285349	-0.00930136	0.996562	34.125	0	0
23	576740	0.548348	-0.0718261	-89.8946	34.125	-0.00265627	-0.0090022	0.996459	34.125	0	0
23	576750	0.542	-0.0933913	-89.9132	34.125	-0.00282099	-0.00936563	0.996382	34.125	0	0
23	576760	0.558435	-0.103739	-89.8902	34.125	-0.00290741	-0.00949194	0.996552	34.125	0	0
23	576770	0.545739	-0.100174	-89.9327	34.125	-0.00291185	-0.00937523	0.996678	34.125	0	0
23	576780	0.546261	-0.0938261	-89.8523	34.125	-0.00281804	-0.00944467	0.996324	34.125	0	0
23	576790	0.542087	-0.0896522	-89.9409	34.125	-0.00307362	-0.00926295	0.996959	34.125	0	0
23	576800	0.544261	-0.0736522	-89.8879	34.125	-0.00286014	-0.00948234	0.996666	34.125	0	0
23	576810	0.527652	-0.0835652	-89.8668	34.125	-0.00291259	-0.00934199	0.996448	34.125	0	0
23	576820	0.531565	-0.0983478	-89.9275	34.125	-0.00287935	-0.00967809	0.996683	34.125	0	0
23	576830	0.556348	-0.0896522	-89.8946	34.125	-0.0027486	-0.00966627	0.996887	34.125	0	0
23	576840	0.53087	-0.0650435	-89.9204	34.125	-0.00279292	-0.00966036	0.997008	34.125	0	0
23	576850	0.55	-0.0915652	-89.8804	34.125	-0.00267547	-0.00940256	0.99657	34.125	0	0
23	576860	0.546783	-0.0808696	-89.9473	34.125	-0.00267695	-0.00935012	0.996473	34.125	0	0
23	576870	0.533913	-0.0892174	-89.9691	34.125	-0.00257723	-0.00963598	0.996376	34.125	0	0
23	576880	0.556609	-0.0846957	-89.9023	34.1875	-0.00261933	-0.0094949	0.996512	34.1875	0	0
23	576890	0.518696	-0.092	-89.8618	34.125	-0.00259348	-0.00965076	0.996734	34.125	0	0
23	576900	0.539478	-0.0854783	-89.895	34.125	-0.00270871	-0.00954217	0.996452	34.125	0	0
23	576910	0.528261	-0.0729565	-89.885	34.125	-0.0027028	-0.0091913	0.996481	34.125	0	0
23	576920	0.546783	-0.108087	-89.8566	34.125	-0.00292367	-0.00917283	0.996624	34.125	0	0
23	576930	0.555478	-0.106435	-89.888	34.125	-0.00269468	-0.00934642	0.996154	34.125	0	0
23	576940	0.535739	-0.101826	-89.8637	34.125	-0.00286162	-0.00925631	0.996579	34.125	0	0
23	576950	0.554522	-0.114087	-89.8824	34.125	-0.0025824	-0.00958428	0.996468	34.125	0	0
23	576960	0.546435	-0.0796522	-89.9189	34.125	-0.00235267	-0.00919056	0.996398	34.125	0	0
23	576970	0.551913	-0.0638261	-89.8816	34.125	-0.00240955	-0.0097165	0.996649	34.125	0	0
23	576980	0.552696	-0.078087	-89.8904	34.125	-0.00261933	-0.00937892	0.996716	34.125	0	0
23	576990	0.549739	-0.0766957	-89.8912	34.125	-0.00266735	-0.00926221	0.996423	34.125	0	0
23	577000	0.550783	-0.0905217	-89.903	34.125	-0.00277815	-0.00966553	0.996602	34.125	0	0
23	577010	0.546956	-0.0776522	-89.9222	34.125	-0.00272792	-0.00917874	0.996524	34.125	0	0
23	577020	0.55113	-0.110087	-89.9736	34.125	-0.00272422	-0.00920017	0.996536	34.125	0	0
23	577030	0.555565	-0.094087	-89.8803	34.125	-0.00262303	-0.00937228	0.996341	34.125	0	0
23	577040	0.548261	-0.0833913	-89.814	34.125	-0.0028136	-0.00975893	0.996336	34.125	0	0
23	577050	0.539652	-0.086	-89.8654	34.125	-0.00293548	-0.00931244	0.996513	34.125	0	0
23	577060	0.551478	-0.0883478	-89.9065	34.125	-0.00268286	-0.00957615	0.996332	34.125	0	0
23	577070	0.563739	-0.0876522	-89.9527	34.125	-0.00276337	-0.00929915	0.996759	34.125	0	0
23	577080	0.547391	-0.109217	-89.883	34.125	-0.00277371	-0.00941143	0.996429	34.125	0	0
23	577090	0.546174	-0.0886956	-89.8515	34.125	-0.00291997	-0.00967883	0.996769	34.125	0	0
23	577100	0.539826	-0.0795652	-89.9594	34.125	-0.00279661	-0.0095732	0.996955	34.125	0	0
23	577110	0.559652	-0.105391	-89.9377	34.125	-0.00283281	-0.00949342	0.996694	34.125	0	0
23	577120	0.559043	-0.0808696	-89.8343	34.125	-0.00280991	-0.00959683	0.996641	34.125	0	0
23	577130	0.574609	-0.0928696	-89.8968	34.125	-0.00294065	-0.00923636	0.99648	34.125	0	0
23	577140	0.546348	-0.0882609	-89.8745	34.125	-0.00285054	-0.00965223	0.996599	34.125	0	0
23	577150	0.548174	-0.0914783	-89.8977	34.125	-0.00281508	-0.00968252	0.99664	34.125	0	0
23	577160	0.551478	-0.0892174	-89.8756	34.1875	-0.00259717	-0.00993884	0.996259	34.1875	0	0
23	577170	0.535478	-0.0768696	-89.9188	34.125	-0.00288821	-0.00936711	0.996424	34.125	0	0
23	577180	0.554261	-0.0843478	-89.9468	34.125	-0.00290077	-0.00947569	0.996824	34.125	0	0
23	577190	0.536956	-0.0773913	-89.9037	34.125	-0.00290151	-0.00972241	0.996672	34.125	0	0
23	577200	0.543565	-0.0817391	-89.8969	34.125	-0.00267621	-0.00947126	0.997001	34.125	0	0
23	577210	0.546609	-0.0908696	-89.9396	34.125	-0.00271758	-0.0094491	0.996464	34.125	0	0
23	577220	0.545913	-0.0944348	-89.9047	34.125	-0.00268729	-0.00963229	0.996251	34.125	0	0
23	577230	0.554087	-0.0906956	-89.9243	34.125	-0.00304333	-0.00964337	0.996782	34.125	0	0
23	577240	0.539565	-0.0908696	-89.9205	34.125	-0.0027944	-0.00984577	0.996637	34.125	0	0
23	577250	0.536261	-0.0901739	-89.8911	34.125	-0.00261786	-0.00970025	0.996394	34.125	0	0
23	577260	0.533478	-0.0996522	-89.8814	34.125	-0.00267621	-0.00988344	0.99713	34.125	0	0
23	577270	0.561739	-0.107217	-89.9262	34.125	-0.00289633	-0.00946757	0.996235	34.125	0	0
23	577280	0.569217	-0.0789565	-89.9	34.125	-0.00289707	-0.00984281	0.996776	34.125	0	0
23	577290	0.54	-0.100087	-89.8923	34.125	-0.00268212	-0.00958945	0.996416	34.125	0	0
23	577300	0.535391	-0.0817391	-89.8702	34.125	-0.00272496	-0.00935455	0.996612	34.125	0	0
23	577310	0.538087	-0.0952174	-89.891	34.125	-0.00264297	-0.00945575	0.996297	34.125	0	0
23	577320	0.544957	-0.0824348	-89.9364	34.125	-0.00273974	-0.00946757	0.996378	34.125	0	0
23	577330	0.544783	-0.087913	-89.9002	34.125	-0.0025174	-0.00924966	0.996513	34.125	0	0
23	577340	0.54287	-0.0886087	-89.8908	34.125	-0.00254399	-0.00937302	0.99673	34.125	0	0
23	577350	0.546609	-0.103652	-89.8456	34.125	-0.00245313	-0.00953109	0.996593	34.125	0	0
23	577360	0.553913	-0.110696	-89.875	34.125	-0.00258535	-0.00973496	0.996485	34.125	0	0
23	577370	0.547217	-0.0874783	-89.8783	34.125	-0.00269246	-0.00994844	0.996711	34.125	0	0
23	577380	0.533217	-0.0912174	-89.9392	34.125	-0.00270133	-0.00973496	0.996618	34.125	0	0
23	577390	0.553826	-0.0891304	-90.0133	34.125	-0.00258905	-0.00929472	0.996664	34.125	0	0
23	577400	0.55087	-0.0875652	-89.8711	34.125	-0.00267917	-0.00948677	0.996824	34.125	0	0
23	577410	0.54713	-0.0854783	-89.9123	34.125	-0.00286531	-0.00937597	0.99648	34.125	0	0
23	577420	0.544435	-0.084	-89.873	34.125	-0.00275894	-0.00974087	0.996615	34.125	0	0
23	577430	0.566174	-0.0802609	-89.9423	34.125	-0.00273752	-0.00968547	0.996423	34.125	0	0
23	577440	0.545304	-0.100957	-89.9464	34.125	-0.0026836	-0.00926591	0.99634	34.125	0	0
23	577450	0.543304	-0.0857391	-89.9158	34.125	-0.00268655	-0.00959536	0.997048	34.125	0	0
23	577460	0.518957	-0.0946957	-89.8276	34.125	-0.00268729	-0.00947126	0.996412	34.125	0	0
23	577470	0.563565	-0.0873043	-89.8892	34.125	-0.00272422	-0.00952075	0.996569	34.125	0	0
23	577480	0.538428	-0.112261	-89.9135	34.125	-0.00265922	-0.00937523	0.996424	34.125	0	0
23	577490	0.551565	-0.081913	-89.9396	34.125	-0.00271758	-0.00913295	0.996698	34.125	0	0
23	577500	0.538348	-0.0884348	-89.8322	34.125	-0.00265553	-0.00951189	0.996569	34.125	0	0
23	577510	0.565217	-0.107565	-89.8958	34.125	-0.00298276	-0.00928068	0.996875	34.125	0	0
23	577520	0.541913	-0.0787826	-89.9093	34.125	-0.0027848	-0.00961382	0.996565	34.125	0	0
23	577530	0.539652	-0.0973043	-89.9317	34.125	-0.00278775	-0.00948382	0.996606	34.125	0	0
23	577540	0.568348	-0.0987826	-89.931	34.125	-0.00267473	-0.00946313	0.996499	34.125	0	0
23	577550	0.548609	-0.0874783	-89.8864	34.125	-0.0024679	-0.00933313	0.996188	34.125	0	0
23	577560	0.565043	-0.0783478	-89.8864	34.125	-0.00282764	-0.0096153	0.996605	34.125	0	0
23	577570	0.532	-0.105217	-89.8975	34.125	-0.00306106	-0.00967366	0.996695	34.125	0	0
23	577580	0.548174	-0.0986957	-89.907	34.125	-0.0027486	-0.00962786	0.996829	34.125	0	0
23	577590	0.550261	-0.0758079	-89.8804	34.125	-0.0026703	-0.00960939	0.996543	34.125	0	0
23	577600	0.546261	-0.100522	-89.8955	34.125	-0.00263041	-0.00963081	0.996927	34.125	0	0
23	577610	0.557652	-0.0798261	-89.8565	34.125	-0.00252035	-0.00955768	0.996559	34.125	0	0
23	577620	0.535652	-0.0766087	-89.8833	34.125	-0.00281065	-0.00951262	0.996253	34.125	0	0
23	577630	0.54913	-0.0828696	-89.9263	34.125	-0.00296208	-0.00940699	0.996503	34.125	0	0
23	577640	0.543913	-0.0653913	-89.9203	34.125	-0.00257132	-0.00956359	0.996653	34.125	0	0
23	577650	0.54913	-0.073913	-89.8583	34.125	-0.0028269	-0.00942915	0.996294	34.125	0	0
23	577660	0.556609	-0.0881739	-89.9024	34.125	-0.00271241	-0.00926812	0.99635	34.125	0	0
23	577670	0.54287	-0.0802609	-89.9657	34.125	-0.00264888	-0.00950893	0.996686	34.125	0	0
23	577680	0.548522	-0.0826087	-89.9565	34.125	-0.00287344	-0.00931909	0.996567	34.125	0	0
23	577690	0.533565	-0.0752174	-89.8943	34.125	-0.00249228	-0.00969138	0.996336	34.125	0	0
23	577700	0.533913	-0.0973913	-89.8855	34.125	-0.00262598	-0.00995952	0.996282	34.125	0	0
23	577710	0.546	-0.0990435	-89.8965	34.125	-0.00268729	-0.00950967	0.996737	34.125	0	0
23	577720	0.534	-0.087913	-89.9552	34.125	-0.00280105	-0.00960127	0.996398	34.125	0	0
23	577730	0.546087	-0.0870435	-89.8282	34.125	-0.00282394	-0.0095274	0.996622	34.125	0	0
23	577740	0.555739	-0.0935652	-89.903	34.125	-0.00248416	-0.00948973	0.99689	34.125	0	0
23	577750	0.531565	-0.0784348	-89.9445	34.125	-0.0027028	-0.00954217	0.996228	34.125	0	0
23	577760	0.543652	-0.0991304	-89.8939	34.125	-0.00279809	-0.00932057	0.99648	34.125	0	0
23	577770	0.537913	-0.0849565	-89.8788	34.125	-0.00275746	-0.0093841	0.996543	34.125	0	0
23	577780	0.532174	-0.0964348	-89.883	34.125	-0.0024812	-0.0094033	0.996562	34.125	0	0
23	577790	0.545826	-0.0941739	-89.8363	34.125	-0.00258609	-0.00965593	0.99664	34.125	0	0
23	577800	0.547826	-0.0901739	-89.9423	34.125	-0.00272866	-0.00961013	0.996491	34.125	0	0
23	577810	0.54113	-0.0911304	-89.9648	34.125	-0.00267178	-0.00944171	0.996698	34.125	0	0
23	577820	0.524261	-0.098087	-89.8922	34.125	-0.00275156	-0.00921051	0.996402	34.125	0	0
23	577830	0.540609	-0.0892174	-89.891	34.125	-0.00273161	-0.00960865	0.996909	34.125	0	0
23	577840	0.537391	-0.105652	-89.8567	34.125	-0.00263411	-0.00932722	0.996666	34.125	0	0
23	577850	0.543478	-0.0774783	-89.9029	34.125	-0.0027619	-0.00956876	0.996279	34.125	0	0
23	577860	0.555043	-0.10113	-90.0135	34.125	-0.0029052	-0.00924523	0.99658	34.125	0	0
23	577870	0.546087	-0.0974783	-89.9076	34.125	-0.00274638	-0.00927034	0.996862	34.125	0	0
23	577880	0.534957	-0.122435	-89.8706	34.125	-0.00268138	-0.00974604	0.996635	34.125	0	0
23	577890	0.538696	-0.0841739	-89.8755	34.125	-0.0026703	-0.00960939	0.996774	34.125	0	0
23	577900	0.544261	-0.122261	-89.8564	34.125	-0.00283355	-0.0093937	0.996399	34.125	0	0
23	577910	0.569913	-0.0949565	-89.9103	34.125	-0.0027715	-0.009325	0.996391	34.125	0	0
23	577920	0.551913	-0.086087	-89.9184	34.125	-0.00282985	-0.00961899	0.996618	34.125	0	0
23	577930	0.554087	-0.0886087	-89.904	34.125	-0.00288304	-0.00965223	0.996965	34.125	0	0
23	577940	0.561217	-0.0808696	-89.8913	34.125	-0.0027257	-0.00909601	0.996641	34.125	0	0
23	577950	0.529217	-0.0758261	-89.862	34.125	-0.00273678	-0.00921198	0.99632	34.125	0	0
23	577960	0.555565	-0.0648696	-89.9386	34.125	-0.00274195	-0.00969286	0.996273	34.125	0	0
23	577970	0.556261	-0.127565	-89.9027	34.125	-0.00285054	-0.00958797	0.996352	34.125	0	0
23	577980	0.534696	-0.106087	-89.9078	34.125	-0.00295838	-0.00935676	0.99645	34.125	0	0
23	577990	0.549217	-0.103391	-89.8709	34.125	-0.00288895	-0.00924744	0.996532	34.125	0	0
23	578000	0.540783	-0.0923478	-89.883	34.125	-0.00277298	-0.00931835	0.996307	34.125	0	0
23	578010	0.553478	-0.0953043	-89.9102	34.125	-0.00270206	-0.00955842	0.996723	34.125	0	0
23	578020	0.54487	-0.086087	-89.9437	34.125	-0.00264592	-0.00946535	0.996602	34.125	0	0
23	578030	0.542435	-0.0802609	-89.8959	34.125	-0.00275746	-0.0093708	0.996512	34.125	0	0
23	578040	0.550696	-0.0930435	-89.9141	34.125	-0.00266809	-0.00934421	0.996664	34.125	0	0
23	578050	0.546348	-0.0934783	-89.9046	34.125	-0.00266661	-0.0096057	0.996644	34.125	0	0
23	578060	0.547652	-0.106522	-89.8756	34.125	-0.00270428	-0.00995213	0.996327	34.125	0	0
23	578070	0.561478	-0.0969565	-89.9232	34.1875	-0.00261121	-0.00943728	0.996446	34.1875	0	0
23	578080	0.571478	-0.0962609	-89.905	34.125	-0.00268729	-0.00983838	0.996316	34.125	0	0
23	578090	0.54287	-0.101478	-89.9276	34.125	-0.00284611	-0.00920829	0.996311	34.125	0	0
23	578100	0.535304	-0.0996522	-89.9079	34.125	-0.0027028	-0.00964041	0.996382	34.125	0	0
23	578110	0.555565	-0.0846087	-89.897	34.125	-0.00237926	-0.00949268	0.99657	34.125	0	0
23	578120	0.545565	-0.0986087	-89.9267	34.125	-0.00252552	-0.00933904	0.996758	34.125	0	0
23	578130	0.532	-0.0911304	-89.9321	34.125	-0.00264445	-0.00957172	0.996371	34.125	0	0
23	578140	0.527217	-0.0938261	-89.8316	34.125	-0.00271979	-0.00951853	0.996517	34.125	0	0
23	578150	0.544348	-0.0964348	-89.8543	34.125	-0.0027161	-0.00929545	0.996765	34.125	0	0
23	578160	0.539826	-0.113478	-89.8828	34.125	-0.00253143	-0.00934125	0.996919	34.125	0	0
23	578170	0.538435	-0.0835652	-89.8863	34.125	-0.00263115	-0.00974161	0.996367	34.125	0	0
23	578180	0.527739	-0.123913	-89.9383	34.125	-0.00243466	-0.00942398	0.99633	34.125	0	0
23	578190	0.529565	-0.0795652	-89.886	34.125	-0.00267473	-0.00922971	0.996464	34.125	0	0
23	578200	0.539391	-0.088	-89.8772	34.125	-0.00282173	-0.00921272	0.996539	34.125	0	0
23	578210	0.54	-0.0942609	-89.905	34.125	-0.00288747	-0.00934495	0.996587	34.125	0	0
23	578220	0.548957	-0.0893913	-89.8483	34.125	-0.00274121	-0.00943876	0.996426	34.125	0	0
23	578230	0.54687	-0.112957	-89.8738	34.125	-0.00279292	-0.00936046	0.996487	34.125	0	0
23	578240	0.536	-0.0934783	-89.885	34.125	-0.00283355	-0.00916988	0.99669	34.125	0	0
23	578250	0.56113	-0.0874783	-89.884	34.125	-0.00253882	-0.00929472	0.996465	34.125	0	0
23	578260	0.544	-0.101826	-89.9228	34.125	-0.00277445	-0.00938557	0.9966	34.125	0	0
23	578270	0.548348	-0.105478	-89.8563	34.125	-0.00277298	-0.00956729	0.996875	34.125	0	0
23	578280	0.548348	-0.102087	-89.9096	34.125	-0.00276707	-0.00967144	0.996541	34.125	0	0
23	578290	0.563304	-0.101304	-89.9159	34.125	-0.00280769	-0.00934716	0.996406	34.125	0	0
23	578300	0.551826	-0.0906087	-89.882	34.125	-0.00263411	-0.0093937	0.996402	34.125	0	0
23	578310	0.545304	-0.0863478	-89.8768	34.125	-0.0029185	-0.00953774	0.996634	34.125	0	0
23	578320	0.556174	-0.0813913	-89.909	34.125	-0.00296429	-0.00917505	0.996423	34.125	0	0
23	578330	0.542087	-0.109391	-89.8799	34.125	-0.00271536	-0.00926886	0.99648	34.125	0	0
23	578340	0.554174	-0.0975652	-89.9177	34.125	-0.00270133	-0.00918613	0.996502	34.125	0	0
23	578350	0.57487	-0.0887826	-89.9248	34.125	-0.00270502	-0.00952075	0.996588	34.125	0	0
23	578360	0.57113	-0.0846087	-89.9405	34.125	-0.00303077	-0.0093058	0.99676	34.125	0	0
23	578370	0.544348	-0.0734783	-89.9128	34.125	-0.00250853	-0.00922897	0.996242	34.125	0	0
23	578380	0.546174	-0.0905217	-89.9455	34.125	-0.00293105	-0.00902658	0.996307	34.125	0	0
23	578390	0.549043	-0.0849565	-89.9001	34.125	-0.00273309	-0.00937006	0.996633	34.125	0	0
23	578400	0.543913	-0.0894783	-89.8745	34.125	-0.00304998	-0.00969655	0.996737	34.125	0	0
23	578410	0.546261	-0.0910435	-89.8881	34.125	-0.0027065	-0.00974309	0.99648	34.125	0	0
23	578420	0.533652	-0.0927826	-89.9321	34.125	-0.00287861	-0.00953774	0.996756	34.125	0	0
23	578430	0.548957	-0.0786956	-89.9572	34.125	-0.00283059	-0.00936489	0.996485	34.125	0	0
23	578440	0.564956	-0.0906087	-89.8503	34.125	-0.00272718	-0.00964041	0.996447	34.125	0	0
23	578450	0.546956	-0.10487	-89.8433	34.125	-0.00265257	-0.00936711	0.996771	34.125	0	0
23	578460	0.556783	-0.093913	-89.8858	34.125	-0.00248194	-0.00947274	0.996649	34.125	0	0
23	578470	0.544957	-0.105913	-89.8943	34.125	-0.00264962	-0.0093383	0.996339	34.125	0	0
23	578480	0.535217	-0.086087	-89.8975	34.125	-0.00270133	-0.00943506	0.996568	34.125	0	0
23	578490	0.555652	-0.0957391	-89.9397	34.125	-0.00264445	-0.00950893	0.99615	34.125	0	0
23	578500	0.561826	-0.0896522	-89.9515	34.125	-0.00279957	-0.00958575	0.99681	34.125	0	0
23	578510	0.546696	-0.100957	-89.8758	34.125	-0.00262746	-0.00984798	0.996795	34.125	0	0
23	578520	0.542174	-0.086087	-89.8843	34.125	-0.00260382	-0.00986128	0.996556	34.125	0	0
23	578530	0.55087	-0.0829565	-89.8524	34.125	-0.00273826	-0.00935159	0.996327	34.125	0	0
23	578540	0.551304	-0.096	-89.9044	34.125	-0.0027907	-0.00931688	0.99638	34.125	0	0
23	578550	0.521478	-0.0889565	-89.8743	34.125	-0.00248563	-0.00943506	0.996559	34.125	0	0
23	578560	0.552	-0.0963478	-89.9916	34.125	-0.00285866	-0.00909749	0.996491	34.125	0	0
23	578570	0.538	-0.107391	-89.8401	34.125	-0.00266291	-0.00916619	0.996734	34.125	0	0
23	578580	0.544522	-0.0893044	-89.8746	34.125	-0.00284684	-0.00934642	0.996356	34.125	0	0
23	578590	0.543391	-0.0956522	-89.967	34.125	-0.0028269	-0.009195	0.996767	34.125	0	0
23	578600	0.544348	-0.116696	-89.8906	34.125	-0.00263484	-0.00940921	0.9963	34.125	0	0
23	578610	0.564522	-0.0625217	-89.8799	34.125	-0.00246717	-0.00919795	0.996919	34.125	0	0
23	578620	0.537565	-0.0840869	-89.9141	34.125	-0.0025595	-0.00903249	0.996199	34.125	0	0
23	578630	0.558087	-0.0763478	-89.8821	34.125	-0.00276928	-0.00935898	0.996423	34.125	0	0
23	578640	0.544435	-0.0935652	-89.8697	34.125	-0.00276485	-0.00926369	0.996751	34.125	0	0
23	578650	0.574087	-0.115217	-89.8451	34.125	-0.00271979	-0.00922528	0.99652	34.125	0	0
23	578660	0.558	-0.0866087	-89.8687	34.125	-0.00277445	-0.00925852	0.996604	34.125	0	0
23	578670	0.55287	-0.0936522	-89.9174	34.125	-0.00283724	-0.00924449	0.996553	34.125	0	0
23	578680	0.535304	-0.0893044	-89.8427	34.125	-0.00293844	-0.00991816	0.996728	34.125	0	0
23	578690	0.56513	-0.11	-89.9233	34.125	-0.00296872	-0.00950376	0.996579	34.125	0	0
23	578700	0.564261	-0.109043	-89.9846	34.125	-0.00287639	-0.00913664	0.996654	34.125	0	0
23	578710	0.554174	-0.106957	-89.8695	34.125	-0.00269246	-0.00907459	0.996636	34.125	0	0
23	578720	0.552261	-0.110783	-89.9037	34.125	-0.00253882	-0.00939887	0.996333	34.125	0	0
23	578730	0.541913	-0.113739	-89.8562	34.125	-0.00267473	-0.00964263	0.99676	34.125	0	0
23	578740	0.546	-0.0893913	-89.8795	34.125	-0.0027028	-0.00974531	0.996455	34.125	0	0
23	578750	0.547565	-0.091913	-89.8824	34.125	-0.00312606	-0.00927625	0.996662	34.125	0	0
23	578760	0.567478	-0.0967826	-89.9238	34.125	-0.0027944	-0.00896674	0.996494	34.125	0	0
23	578770	0.550174	-0.0945217	-89.9156	34.125	-0.00285497	-0.00954365	0.996419	34.125	0	0
23	578780	0.564	-0.0789565	-89.8631	34.125	-0.00293179	-0.00962564	0.996719	34.125	0	0
23	578790	0.540783	-0.0691304	-89.8637	34.125	-0.00269911	-0.00938927	0.996604	34.125	0	0
23	578800	0.544783	-0.0794783	-89.9216	34.125	-0.00271758	-0.00950081	0.996644	34.125	0	0
23	578810	0.549826	-0.102174	-89.9003	34.125	-0.00269542	-0.00987679	0.996269	34.125	0	0
23	578820	0.544174	-0.0910435	-89.901	34.125	-0.00285571	-0.00932796	0.996779	34.125	0	0
23	578830	0.550261	-0.104783	-89.918	34.1875	-0.00264592	-0.00938631	0.996631	34.1875	0	0
23	578840	0.559739	-0.0926957	-89.8749	34.1875	-0.00257132	-0.00942989	0.996225	34.1875	0	0
23	578850	0.535739	-0.075913	-89.8935	34.125	-0.00278701	-0.00947347	0.996263	34.125	0	0
23	578860	0.546348	-0.0832174	-89.9559	34.125	-0.00283872	-0.0092925	0.996103	34.125	0	0
23	578870	0.549652	-0.0856522	-89.9135	34.125	-0.00291997	-0.00929102	0.996433	34.125	0	0
23	578880	0.536087	-0.1	-89.9025	34.125	-0.00260456	-0.00973349	0.997089	34.125	0	0
23	578890	0.542522	-0.0966087	-89.8804	34.125	-0.00289412	-0.00943211	0.996666	34.125	0	0
23	578900	0.552609	-0.0774783	-89.8696	34.125	-0.00243984	-0.00987974	0.996408	34.125	0	0
23	578910	0.539739	-0.0870435	-89.8923	34.125	-0.00285645	-0.00979775	0.996352	34.125	0	0
23	578920	0.553739	-0.101043	-89.9216	34.125	-0.00285423	-0.00948677	0.996278	34.125	0	0
23	578930	0.534435	-0.103652	-89.889	34.125	-0.0026836	-0.00989452	0.996516	34.125	0	0
23	578940	0.538348	-0.0878261	-89.9261	34.125	-0.00259717	-0.00930727	0.996963	34.125	0	0
23	578950	0.555739	-0.088087	-89.8679	34.125	-0.00262746	-0.00925926	0.996399	34.125	0	0
23	578960	0.544522	-0.0970435	-89.9375	34.125	-0.00262376	-0.00953405	0.99673	34.125	0	0
23	578970	0.567652	-0.0851304	-89.8704	34.125	-0.00282394	-0.00925557	0.996444	34.125	0	0
23	578980	0.568087	-0.0786087	-89.8806	34.125	-0.0027944	-0.00945796	0.996833	34.125	0	0
23	578990	0.55087	-0.101043	-89.9246	34.125	-0.00289929	-0.0089372	0.996367	34.125	0	0
23	579000	0.532174	-0.0933913	-89.9078	34.125	-0.00286014	-0.00892612	0.996234	34.125	0	0
23	579010	0.545043	-0.078087	-89.8456	34.125	-0.00270354	-0.0097911	0.996443	34.125	0	0
23	579020	0.559217	-0.0777391	-89.899	34.125	-0.00294583	-0.00927699	0.996466	34.125	0	0
23	579030	0.542956	-0.0954783	-89.9392	34.125	-0.00265036	-0.00938188	0.996582	34.125	0	0
23	579040	0.538087	-0.103739	-89.8509	34.125	-0.00256098	-0.0093287	0.996615	34.125	0	0
23	579050	0.557652	-0.102696	-89.899	34.125	-0.00254547	-0.00924375	0.996288	34.125	0	0
23	579060	0.55087	-0.0877391	-89.8769	34.125	-0.00275599	-0.00969286	0.996186	34.125	0	0
23	579070	0.545826	-0.0748696	-89.9641	34.125	-0.0027619	-0.00948012	0.996598	34.125	0	0
23	579080	0.550261	-0.109217	-89.8899	34.1875	-0.00300861	-0.00906868	0.996812	34.1875	0	0
23	579090	0.552261	-0.0913043	-89.8642	34.125	-0.00274121	-0.0091034	0.996482	34.125	0	0
23	579100	0.548348	-0.0955652	-89.8688	34.125	-0.00277298	-0.00963524	0.996412	34.125	0	0
23	579110	0.555565	-0.0970435	-89.8953	34.125	-0.00290815	-0.00945944	0.996504	34.125	0	0
23	579120	0.544174	-0.1	-89.9353	34.125	-0.00287639	-0.0092467	0.996433	34.125	0	0
23	579130	0.548348	-0.0917391	-89.8735	34.125	-0.00278258	-0.00931171	0.996324	34.125	0	0
23	579140	0.542696	-0.085913	-89.9177	34.125	-0.0028269	-0.00950671	0.996404	34.125	0	0
23	579150	0.559913	-0.0965217	-89.858	34.125	-0.00266661	-0.00967439	0.996556	34.125	0	0
23	579160	0.569565	-0.0989565	-89.8808	34.125	-0.00265036	-0.00972832	0.99643	34.125	0	0
23	579170	0.566522	-0.0920869	-89.9143	34.125	-0.00295469	-0.00956802	0.996541	34.125	0	0
23	579180	0.557304	-0.101913	-89.8783	34.125	-0.00263484	-0.00951484	0.996512	34.125	0	0
23	579190	0.555565	-0.0837391	-89.9049	34.125	-0.00257354	-0.0094816	0.996457	34.125	0	0
23	579200	0.568783	-0.100174	-89.8275	34.125	-0.00299532	-0.00937449	0.997136	34.125	0	0
23	579210	0.534348	-0.0690435	-89.8628	34.125	-0.00270354	-0.00924301	0.996386	34.125	0	0
23	579220	0.557739	-0.0872174	-89.883	34.125	-0.0025824	-0.00964189	0.996436	34.125	0	0
23	579230	0.56287	-0.0925217	-90.0796	34.125	-0.00280031	-0.00928142	0.996387	34.125	0	0
23	579240	0.546696	-0.0804348	-89.9133	34.125	-0.0027582	-0.00927034	0.996718	34.125	0	0
23	579250	0.562435	-0.0874783	-89.899	34.125	-0.00279957	-0.00984724	0.996324	34.125	0	0
23	579260	0.552522	-0.0826957	-89.8921	34.125	-0.00290151	-0.0100171	0.99662	34.125	0	0
23	579270	0.572087	-0.103652	-89.8646	34.125	-0.00270797	-0.00944541	0.996371	34.125	0	0
23	579280	0.554174	-0.0906087	-89.9594	34.125	-0.00269985	-0.00888032	0.996587	34.125	0	0
23	579290	0.551304	-0.0905217	-89.9145	34.125	-0.00264962	-0.00941143	0.997003	34.125	0	0
23	579300	0.543913	-0.0703478	-89.858	34.125	-0.00244574	-0.00957837	0.996646	34.125	0	0
23	579310	0.562957	-0.0655652	-89.8812	34.125	-0.00277076	-0.00971428	0.996468	34.125	0	0
23	579320	0.555304	-0.0977391	-89.8952	34.125	-0.00266218	-0.00952961	0.996751	34.125	0	0
23	579330	0.55513	-0.10087	-89.9716	34.125	-0.00278627	-0.00952223	0.996624	34.125	0	0
23	579340	0.562348	-0.102261	-89.8723	34.125	-0.00276337	-0.00927477	0.99646	34.125	0	0
23	579350	0.538957	-0.0845217	-89.9165	34.125	-0.00262229	-0.00939813	0.996321	34.125	0	0
23	579360	0.543478	-0.0957391	-89.8677	34.125	-0.00255876	-0.0096249	0.996598	34.125	0	0
23	579370	0.551304	-0.112261	-89.9096	34.125	-0.00243984	-0.00932057	0.996512	34.125	0	0
23	579380	0.53513	-0.0824348	-89.9144	34.125	-0.00258535	-0.00923562	0.996677	34.125	0	0
23	579390	0.548	-0.0987826	-89.9323	34.125	-0.00275008	-0.00897487	0.996353	34.125	0	0
23	579400	0.558957	-0.086	-89.9485	34.125	-0.0028919	-0.00917431	0.996698	34.125	0	0
23	579410	0.550087	-0.0822609	-89.9251	34.125	-0.00273235	-0.00927034	0.996449	34.125	0	0
23	579420	0.563217	-0.104	-89.899	34.125	-0.00251813	-0.0094033	0.996652	34.125	0	0
23	579430	0.558261	-0.097913	-89.8869	34.125	-0.0028594	-0.00949416	0.996743	34.125	0	0
23	579440	0.537739	-0.0913043	-89.8896	34.125	-0.00265479	-0.0093021	0.996538	34.125	0	0
23	579450	0.556174	-0.0847826	-89.8787	34.125	-0.00303742	-0.00960274	0.996383	34.125	0	0
23	579460	0.52913	-0.0853913	-89.9188	34.125	-0.00264962	-0.0093383	0.996681	34.125	0	0
23	579470	0.554609	-0.0837391	-89.8587	34.125	-0.00299679	-0.00896379	0.996105	34.125	0	0
23	579480	0.553391	-0.100261	-89.9169	34.125	-0.00282838	-0.00934125	0.9965	34.125	0	0
23	579490	0.555913	-0.0943478	-89.881	34.125	-0.0029835	-0.00968104	0.996295	34.125	0	0
23	579500	0.543391	-0.0793913	-89.8347	34.125	-0.00297463	-0.00910266	0.996803	34.125	0	0
23	579510	0.554	-0.0946957	-89.931	34.125	-0.00277889	-0.0092275	0.996569	34.125	0	0
23	579520	0.561391	-0.102087	-89.8854	34.125	-0.00292219	-0.00940552	0.996401	34.125	0	0
23	579530	0.548348	-0.076	-89.8762	34.125	-0.00260825	-0.00974678	0.996581	34.125	0	0
23	579540	0.557565	-0.0763478	-89.8554	34.125	-0.00293918	-0.00915732	0.99635	34.125	0	0
23	579550	0.555478	-0.0826957	-89.9181	34.125	-0.0027944	-0.00935159	0.996748	34.125	0	0
23	579560	0.541565	-0.084	-89.885	34.125	-0.00277962	-0.00935455	0.996352	34.125	0	0
23	579570	0.552087	-0.101739	-89.9161	34.125	-0.00281951	-0.0093804	0.996478	34.125	0	0
23	579580	0.548696	-0.0801739	-89.9496	34.125	-0.00282985	-0.00944467	0.99667	34.125	0	0
23	579590	0.545826	-0.0958261	-89.9028	34.125	-0.00283281	-0.00940035	0.99657	34.125	0	0
23	579600	0.565478	-0.0991304	-89.8954	34.125	-0.00274934	-0.00958649	0.996544	34.125	0	0
23	579610	0.551391	-0.107565	-89.9331	34.125	-0.00274712	-0.00980883	0.996608	34.125	0	0
23	579620	0.54887	-0.105826	-89.9117	34.125	-0.00276264	-0.00940035	0.996793	34.125	0	0
23	579630	0.561565	-0.0993043	-89.9444	34.125	-0.002739	-0.00954882	0.996572	34.125	0	0
23	579640	0.523913	-0.088087	-89.9247	34.125	-0.00273604	-0.00948455	0.996886	34.125	0	0
23	579650	0.549739	-0.0808696	-89.8837	34.125	-0.00288008	-0.00942398	0.996639	34.125	0	0
23	579660	0.554783	-0.0855652	-89.8825	34.125	-0.00267473	-0.00943359	0.996644	34.125	0	0
23	579670	0.558522	-0.0897391	-89.9175	34.125	-0.00271314	-0.00940108	0.996252	34.125	0	0
23	579680	0.554348	-0.100435	-89.8685	34.125	-0.00260234	-0.00964041	0.996138	34.125	0	0
23	579690	0.52913	-0.0886956	-89.9	34.125	-0.00273235	-0.0093937	0.996649	34.125	0	0
23	579700	0.550087	-0.0986087	-89.9315	34.125	-0.00270723	-0.00971576	0.996499	34.125	0	0
23	579710	0.536696	-0.08	-89.9137	34.125	-0.00295026	-0.00907164	0.99616	34.125	0	0
23	579720	0.553565	-0.102348	-89.8877	34.125	-0.00261564	-0.00921198	0.996234	34.125	0	0
23	579730	0.539391	-0.111391	-89.8517	34.125	-0.00284758	-0.00953183	0.996627	34.125	0	0
23	579740	0.540435	-0.108957	-89.9026	34.125	-0.00280178	-0.00936932	0.996459	34.125	0	0
23	579750	0.547826	-0.0874783	-89.8824	34.125	-0.00260751	-0.00957763	0.996729	34.125	0	0
23	579760	0.536956	-0.0976522	-89.8837	34.125	-0.00262081	-0.0097165	0.996347	34.125	0	0
23	579770	0.533391	-0.084	-89.9097	34.125	-0.00295543	-0.00962786	0.996443	34.125	0	0
23	579780	0.556957	-0.0938261	-89.85	34.125	-0.00287344	-0.00947865	0.996366	34.125	0	0
23	579790	0.552696	-0.087913	-89.9104	34.125	-0.00250558	-0.00933682	0.996445	34.125	0	0
23	579800	0.534957	-0.0953913	-89.9227	34.125	-0.0026799	-0.00913959	0.996466	34.125	0	0
23	579810	0.547565	-0.0993043	-89.9433	34.125	-0.00288747	-0.00948529	0.996477	34.125	0	0
23	579820	0.536522	-0.09	-89.9178	34.125	-0.00289633	-0.00945722	0.996592	34.125	0	0
23	579830	0.55487	-0.0984348	-89.9645	34.125	-0.00262081	-0.00933091	0.996472	34.125	0	0
23	579840	0.538696	-0.0878261	-89.8748	34.125	-0.00266735	-0.00979554	0.996271	34.125	0	0
23	579850	0.54113	-0.0883478	-89.8453	34.125	-0.00279292	-0.00941216	0.996561	34.125	0	0
23	579860	0.55687	-0.0877391	-89.8723	34.1875	-0.00272792	-0.0093575	0.996363	34.1875	0	0
23	579870	0.546435	-0.0994783	-89.9724	34.125	-0.00276337	-0.00985241	0.996273	34.125	0	0
23	579880	0.54313	-0.0852174	-89.872	34.125	-0.00268729	-0.00905169	0.996542	34.125	0	0
23	579890	0.554	-0.104174	-89.8864	34.1875	-0.00265479	-0.0092925	0.996153	34.1875	0	0
23	579900	0.550609	-0.0916522	-89.8446	34.125	-0.00287417	-0.00944097	0.996559	34.125	0	0
23	579910	0.554348	-0.0915652	-89.9122	34.125	-0.00286014	-0.00945649	0.996468	34.125	0	0
23	579920	0.558783	-0.0776522	-89.9299	34.125	-0.00295691	-0.00955621	0.996516	34.125	0	0
23	579930	0.565217	-0.0877391	-89.9663	34.125	-0.00288304	-0.00897856	0.996349	34.125	0	0
23	579940	0.556522	-0.104087	-89.9141	34.125	-0.00282173	-0.00946313	0.996762	34.125	0	0
23	579950	0.545652	-0.0708696	-89.97	34.1875	-0.00274121	-0.0097261	0.996597	34.1875	0	0
23	579960	0.559826	-0.09	-89.8939	34.125	-0.00281139	-0.00924449	0.996467	34.125	0	0
23	579970	0.549391	-0.0943478	-89.8925	34.125	-0.00265036	-0.0097682	0.996587	34.125	0	0
23	579980	0.548957	-0.0824348	-89.8669	34.125	-0.00272422	-0.00944097	0.996413	34.125	0	0
23	579990	0.54887	-0.111652	-89.8752	34.1875	-0.00286974	-0.00971207	0.996563	34.1875	0	0
23	580000	0.540609	-0.106435	-89.9443	34.1875	-0.00277519	-0.00941216	0.996087	34.1875	0	0
23	580010	0.547478	-0.0584348	-89.8805	34.1875	-0.00267621	-0.00976673	0.996436	34.1875	0	0
23	580020	0.559913	-0.0952174	-89.9011	34.125	-0.00264888	-0.0093383	0.996745	34.125	0	0
23	580030	0.540261	-0.093913	-89.9225	34.125	-0.00269542	-0.00938631	0.996747	34.125	0	0
23	580040	0.536087	-0.0771304	-89.9594	34.125	-0.00291702	-0.00938114	0.99637	34.125	0	0
23	580050	0.532087	-0.0689565	-89.8735	34.125	-0.00279366	-0.00944393	0.996554	34.125	0	0
23	580060	0.548	-0.0785217	-89.9524	34.125	-0.002657	-0.00965445	0.996699	34.125	0	0
23	580070	0.541391	-0.0773913	-89.8406	34.125	-0.00272422	-0.00972019	0.996539	34.125	0	0
23	580080	0.537044	-0.100957	-89.8878	34.125	-0.00269098	-0.0095178	0.99674	34.125	0	0
23	580090	0.535652	-0.0728696	-89.9342	34.125	-0.00241103	-0.00937302	0.996416	34.125	0	0
23	580100	0.554087	-0.0958261	-89.8729	34.125	-0.00280548	-0.00938853	0.996302	34.125	0	0
23	580110	0.553826	-0.0947826	-89.8651	34.125	-0.00257575	-0.00950007	0.996552	34.125	0	0
23	580120	0.537304	-0.102435	-89.9086	34.125	-0.00261933	-0.00961382	0.996399	34.125	0	0
23	580130	0.545913	-0.105826	-89.9237	34.125	-0.0027257	-0.0094683	0.996637	34.125	0	0
23	580140	0.536783	-0.0787826	-89.8713	34.125	-0.00262894	-0.0100592	0.996494	34.125	0	0
23	580150	0.564261	-0.0787826	-89.8917	34.125	-0.00281508	-0.00931318	0.996647	34.125	0	0
23	580160	0.532696	-0.0913043	-89.9149	34.125	-0.00267399	-0.00957467	0.996672	34.125	0	0
23	580170	0.530609	-0.073913	-89.9346	34.125	-0.00272644	-0.00931392	0.996562	34.125	0	0
23	580180	0.536609	-0.101565	-89.8596	34.125	-0.00283281	-0.00968547	0.996633	34.125	0	0
23	580190	0.532174	-0.104783	-89.9057	34.125	-0.00244279	-0.0095732	0.997029	34.125	0	0
23	580200	0.544609	-0.0870435	-89.9338	34.125	-0.00271905	-0.00932205	0.996497	34.125	0	0
23	580210	0.529043	-0.11	-89.8866	34.125	-0.00245682	-0.00909601	0.996288	34.125	0	0
23	580220	0.539739	-0.108957	-89.9463	34.125	-0.00272275	-0.0094033	0.997	34.125	0	0
23	580230	0.568609	-0.0993043	-89.8543	34.125	-0.00269689	-0.00892686	0.996781	34.125	0	0
23	580240	0.544261	-0.097913	-89.9769	34.125	-0.00274491	-0.00953035	0.996669	34.125	0	0
23	580250	0.541391	-0.0998261	-89.9121	34.125	-0.00290741	-0.00913369	0.996678	34.125	0	0
23	580260	0.556435	-0.0895652	-89.8987	34.125	-0.00294656	-0.00938557	0.996375	34.125	0	0
23	580270	0.541478	-0.0908696	-89.8848	34.125	-0.00282394	-0.00939813	0.996579	34.125	0	0
23	580280	0.537826	-0.0941739	-89.8777	34.125	-0.0027944	-0.00951336	0.996496	34.125	0	0
23	580290	0.561565	-0.095913	-89.9327	34.125	-0.00273752	-0.0092238	0.996709	34.125	0	0
23	580300	0.548087	-0.101478	-89.8615	34.125	-0.00264371	-0.00921568	0.996624	34.125	0	0
23	580310	0.556174	-0.106522	-89.8782	34.125	-0.00274121	-0.00881532	0.996792	34.125	0	0
23	580320	0.552957	-0.104261	-89.8922	34.125	-0.00263632	-0.00937523	0.996783	34.125	0	0
23	580330	0.545478	-0.0816522	-89.8643	34.125	-0.00289116	-0.00911596	0.996174	34.125	0	0
23	580340	0.555826	-0.0955652	-89.9427	34.125	-0.00303521	-0.00924153	0.996378	34.125	0	0
23	580350	0.555913	-0.088	-89.9385	34.125	-0.00281139	-0.00935159	0.996255	34.125	0	0
23	580360	0.545826	-0.0818261	-89.8755	34.125	-0.00286753	-0.00938705	0.996508	34.125	0	0
23	580370	0.547044	-0.10913	-89.9283	34.125	-0.00280326	-0.00909454	0.996655	34.125	0	0
23	580380	0.544957	-0.104435	-89.9054	34.125	-0.00254694	-0.00928216	0.996429	34.125	0	0
23	580390	0.537391	-0.0733043	-89.8748	34.125	-0.00276559	-0.0094949	0.996436	34.125	0	0
23	580400	0.527478	-0.0825217	-89.915	34.125	-0.00282912	-0.00975343	0.996588	34.125	0	0
23	580410	0.549826	-0.0927826	-89.9262	34.125	-0.00294287	-0.00933682	0.996442	34.125	0	0
23	580420	0.545565	-0.112957	-89.8921	34.125	-0.00275229	-0.00967144	0.996547	34.125	0	0
23	580430	0.556348	-0.0727826	-89.9115	34.125	-0.00269025	-0.00945131	0.996571	34.125	0	0
23	580440	0.544696	-0.0861739	-89.9283	34.125	-0.00298498	-0.00960939	0.996558	34.125	0	0
23	580450	0.526522	-0.105565	-89.9062	34.125	-0.00260382	-0.00955916	0.996522	34.125	0	0
23	580460	0.550696	-0.09	-89.8833	34.125	-0.00263558	-0.00967218	0.996702	34.125	0	0
23	580470	0.54287	-0.0875652	-89.8731	34.125	-0.00270133	-0.00954069	0.996642	34.125	0	0
23	580480	0.559217	-0.0918261	-89.8746	34.125	-0.00263854	-0.00927477	0.996486	34.125	0	0
23	580490	0.547739	-0.0837391	-89.8142	34.125	-0.002657	-0.00942768	0.99667	34.125	0	0
23	580500	0.54	-0.0867826	-89.9092	34.125	-0.00266735	-0.00953405	0.996708	34.125	0	0
23	580510	0.541739	-0.0992174	-89.8426	34.125	-0.00294952	-0.00983025	0.996316	34.125	0	0
23	580520	0.533652	-0.101739	-89.8948	34.125	-0.00271758	-0.00914624	0.996477	34.125	0	0
23	580530	0.557391	-0.103913	-89.8713	34.125	-0.00268434	-0.0096286	0.996758	34.125	0	0
23	580540	0.549826	-0.0949565	-89.9627	34.125	-0.00259126	-0.0094587	0.996775	34.125	0	0
23	580550	0.529739	-0.082087	-89.8804	34.125	-0.00258388	-0.00945649	0.996468	34.125	0	0
23	580560	0.551043	-0.0974783	-89.8941	34.125	-0.00256615	-0.00945575	0.996411	34.125	0	0
23	580570	0.560609	-0.0812174	-89.8648	34.125	-0.00280622	-0.00956433	0.99637	34.125	0	0
23	580580	0.551739	-0.096	-89.8688	34.125	-0.00254694	-0.00944836	0.996955	34.125	0	0
23	580590	0.521913	-0.0908696	-89.9209	34.125	-0.00278701	-0.00940773	0.996537	34.125	0	0
23	580600	0.539304	-0.0910435	-89.9123	34.125	-0.00278997	-0.00970246	0.996764	34.125	0	0
23	580610	0.539217	-0.102522	-89.8561	34.125	-0.00281508	-0.00927403	0.996831	34.125	0	0
23	580620	0.553391	-0.0935652	-89.9069	34.125	-0.00286162	-0.00921051	0.9964	34.125	0	0
23	580630	0.548609	-0.104261	-89.9014	34.125	-0.00294804	-0.00941143	0.996711	34.125	0	0
23	580640	0.578783	-0.090087	-89.8735	34.125	-0.00303594	-0.00953774	0.996672	34.125	0	0
23	580650	0.559043	-0.0912174	-89.9683	34.125	-0.00305441	-0.00920977	0.99633	34.125	0	0
23	580660	0.53687	-0.103565	-89.9016	34.125	-0.00273826	-0.00945944	0.996466	34.125	0	0
23	580670	0.559391	-0.0851304	-89.883	34.125	-0.00297463	-0.00978076	0.996665	34.125	0	0
23	580680	0.555565	-0.0913043	-89.8783	34.125	-0.00279661	-0.00947717	0.996461	34.125	0	0
23	580690	0.561478	-0.0925217	-89.8931	34.125	-0.00290963	-0.00937892	0.996761	34.125	0	0
23	580700	0.560435	-0.0973913	-89.9032	34.125	-0.00273235	-0.00948234	0.996416	34.125	0	0
23	580710	0.535478	-0.0941739	-89.9364	34.125	-0.00294583	-0.00937966	0.996318	34.125	0	0
23	580720	0.550783	-0.102957	-89.9338	34.125	-0.0028269	-0.00959166	0.996409	34.125	0	0
23	580730	0.545043	-0.076087	-89.9552	34.125	-0.00268212	-0.00931318	0.996562	34.125	0	0
23	580740	0.548957	-0.0816522	-89.9164	34.125	-0.00284537	-0.00931244	0.996768	34.125	0	0
23	580750	0.559304	-0.094	-89.9051	34.125	-0.00302856	-0.00922897	0.9962	34.125	0	0
23	580760	0.551391	-0.0910435	-89.9028	34.125	-0.00273678	-0.0098273	0.996579	34.125	0	0
23	580770	0.565652	-0.0646956	-89.8883	34.125	-0.00293253	-0.00968917	0.996256	34.125	0	0
23	580780	0.57287	-0.0838261	-89.9204	34.125	-0.00279292	-0.00970172	0.996735	34.125	0	0
23	580790	0.560435	-0.0971304	-89.9296	34.1875	-0.00281656	-0.00912482	0.996925	34.1875	0	0
23	580800	0.571652	-0.0969565	-89.8651	34.125	-0.00290815	-0.00938262	0.996822	34.125	0	0
23	580810	0.563217	-0.0857391	-89.8524	34.125	-0.00274343	-0.0093383	0.996307	34.125	0	0
23	580820	0.547826	-0.0883478	-89.8489	34.125	-0.00261268	-0.00954956	0.996583	34.125	0	0
23	580830	0.549826	-0.0763478	-89.8529	34.125	-0.00260087	-0.00955104	0.996416	34.125	0	0
23	580840	0.542522	-0.0611304	-89.9483	34.125	-0.00263558	-0.00966331	0.99663	34.125	0	0
23	580850	0.54713	-0.0866087	-89.8659	34.125	-0.00248785	-0.00927182	0.996558	34.125	0	0
23	580860	0.546956	-0.107739	-89.899	34.125	-0.00277667	-0.00964706	0.996652	34.125	0	0
23	580870	0.554174	-0.0768696	-89.8921	34.125	-0.00284906	-0.00923414	0.996219	34.125	0	0
23	580880	0.556609	-0.0858261	-89.9083	34.125	-0.0027582	-0.00929028	0.996492	34.125	0	0
23	580890	0.540696	-0.10513	-89.8562	34.125	-0.00270059	-0.00935307	0.996613	34.125	0	0
23	580900	0.530609	-0.0930435	-89.9003	34.125	-0.00276707	-0.00944319	0.996393	34.125	0	0
23	580910	0.554522	-0.0962609	-89.8755	34.125	-0.00282838	-0.00932574	0.996483	34.125	0	0
23	580920	0.541739	-0.0662609	-89.8894	34.125	-0.00264223	-0.0093154	0.996554	34.125	0	0
23	580930	0.54313	-0.100261	-89.9287	34.125	-0.00261638	-0.00925631	0.996165	34.125	0	0
23	580940	0.559391	-0.093913	-89.9874	34.125	-0.00266513	-0.00898964	0.996135	34.125	0	0
23	580950	0.560174	-0.0841739	-89.8648	34.125	-0.00268729	-0.00985094	0.996525	34.125	0	0
23	580960	0.552783	-0.0805217	-89.887	34.125	-0.00261933	-0.00928216	0.996697	34.125	0	0
23	580970	0.538696	-0.0806956	-89.8803	34.125	-0.00271831	-0.00963377	0.996649	34.125	0	0
23	580980	0.536609	-0.0771304	-89.8896	34.125	-0.00271388	-0.00936932	0.996672	34.125	0	0
23	580990	0.565826	-0.0935652	-89.9213	34.125	-0.00266956	-0.00946092	0.996505	34.125	0	0
23	581000	0.556348	-0.0955652	-89.919	34.125	-0.00280991	-0.00940552	0.996785	34.125	0	0
23	581010	0.56087	-0.0913913	-89.8642	34.125	-0.0026511	-0.00973718	0.996676	34.125	0	0
23	581020	0.544609	-0.117652	-89.8402	34.125	-0.00272127	-0.00956581	0.996403	34.125	0	0
23	581030	0.559478	-0.100522	-89.8967	34.125	-0.00260678	-0.00931762	0.996417	34.125	0	0
23	581040	0.556696	-0.0966087	-89.9223	34.125	-0.00288969	-0.00914846	0.996378	34.125	0	0
23	581050	0.560609	-0.0981739	-89.9103	34.125	-0.00262303	-0.00908863	0.996539	34.125	0	0
23	581060	0.542261	-0.0914783	-89.9123	34.125	-0.00285571	-0.0094129	0.996397	34.125	0	0
23	581070	0.538	-0.0955652	-89.9103	34.125	-0.00255285	-0.00937745	0.996447	34.125	0	0
23	581080	0.538696	-0.0962609	-89.9036	34.125	-0.002951	-0.00966701	0.997043	34.125	0	0
23	581090	0.562174	-0.076	-89.9348	34.125	-0.00285423	-0.0095045	0.996677	34.125	0	0
23	581100	0.54487	-0.0936522	-89.9791	34.125	-0.00273013	-0.00933608	0.996718	34.125	0	0
23	581110	0.554696	-0.0942609	-89.9457	34.125	-0.00303668	-0.00924818	0.996724	34.125	0	0
23	581120	0.569565	-0.091913	-89.9254	34.125	-0.00266882	-0.00971871	0.996417	34.125	0	0
23	581130	0.569565	-0.120261	-89.8948	34.125	-0.00293253	-0.00952075	0.996217	34.125	0	0
23	581140	0.548435	-0.0926087	-89.8886	34.125	-0.00294656	-0.00956581	0.996474	34.125	0	0
23	581150	0.541217	-0.0789565	-89.9272	34.125	-0.00279661	-0.00975417	0.996614	34.125	0	0
23	581160	0.548435	-0.0636522	-89.9773	34.125	-0.00289486	-0.00951189	0.996615	34.125	0	0
23	581170	0.574087	-0.076087	-89.8892	34.125	-0.00264223	-0.00935972	0.996114	34.125	0	0
23	581180	0.538087	-0.0816522	-89.8727	34.125	-0.00269025	-0.00932943	0.996569	34.125	0	0
23	581190	0.548348	-0.0916522	-89.9079	34.125	-0.00284758	-0.00946683	0.996449	34.125	0	0
23	581200	0.54713	-0.0756522	-89.9291	34.125	-0.00282468	-0.00968769	0.996732	34.125	0	0
23	581210	0.563391	-0.0826087	-89.897	34.125	-0.00260825	-0.00927329	0.997023	34.125	0	0
23	581220	0.557217	-0.08	-89.8604	34.125	-0.00262894	-0.00921937	0.996663	34.125	0	0
23	581230	0.549739	-0.101478	-89.9209	34.125	-0.00263337	-0.00925704	0.996838	34.125	0	0
23	581240	0.554261	-0.0776522	-89.8744	34.125	-0.00293918	-0.00986866	0.9967	34.125	0	0
23	581250	0.554348	-0.090087	-89.8703	34.125	-0.00253956	-0.00983099	0.996179	34.125	0	0
23	581260	0.529043	-0.0827826	-89.881	34.125	-0.00272422	-0.00963746	0.996817	34.125	0	0
23	581270	0.554	-0.0929565	-89.9422	34.125	-0.00265331	-0.00926665	0.996345	34.125	0	0
23	581280	0.549304	-0.102261	-89.9351	34.125	-0.00267621	-0.00978446	0.996647	34.125	0	0
23	581290	0.56087	-0.0749565	-89.8861	34.125	-0.00273974	-0.00947643	0.996332	34.125	0	0
23	581300	0.543391	-0.0907826	-89.8684	34.125	-0.00270576	-0.00918022	0.99666	34.125	0	0
23	581310	0.550696	-0.0886087	-89.9186	34.125	-0.00253217	-0.00944467	0.996445	34.125	0	0
23	581320	0.549652	-0.0789565	-89.8925	34.1875	-0.00268951	-0.0095924	0.996491	34.1875	0	0
23	581330	0.556696	-0.093913	-89.899	34.1875	-0.00262598	-0.0094587	0.996518	34.1875	0	0
23	581340	0.52913	-0.088087	-89.8999	34.1875	-0.00265627	-0.00957098	0.996735	34.1875	0	0
23	581350	0.527652	-0.112174	-89.8749	34.125	-0.00264814	-0.00942694	0.996601	34.125	0	0
23	581360	0.527826	-0.0993043	-89.8782	34.125	-0.00263928	-0.00910562	0.99653	34.125	0	0
23	581370	0.540522	-0.107391	-89.9343	34.125	-0.00282025	-0.0091034	0.996683	34.125	0	0
23	581380	0.555043	-0.0928696	-89.8984	34.125	-0.00245535	-0.00958058	0.996412	34.125	0	0
23	581390	0.539304	-0.0982609	-89.8531	34.125	-0.00273013	-0.0100526	0.996553	34.125	0	0
23	581400	0.550435	-0.101652	-89.8837	34.125	-0.00290003	-0.00957911	0.996519	34.125	0	0
23	581410	0.567652	-0.080087	-89.823	34.125	-0.0026149	-0.00918096	0.996191	34.125	0	0
23	581420	0.537044	-0.102174	-89.8992	34.125	-0.00272496	-0.00927256	0.996342	34.125	0	0
23	581430	0.537826	-0.0761739	-89.9493	34.125	-0.00278406	-0.00936858	0.996514	34.125	0	0
23	581440	0.541826	-0.0853043	-89.86	34.125	-0.00259422	-0.00976377	0.996362	34.125	0	0
23	581450	0.552261	-0.0722609	-89.9016	34.125	-0.00300418	-0.00917801	0.99629	34.125	0	0
23	581460	0.542783	-0.0997391	-89.8843	34.125	-0.00275968	-0.00927699	0.996645	34.125	0	0
23	581470	0.551565	-0.0767826	-89.9361	34.125	-0.00263854	-0.00929619	0.996536	34.125	0	0
23	581480	0.547391	-0.0844348	-89.8687	34.125	-0.00281286	-0.00949785	0.996494	34.125	0	0
23	581490	0.539043	-0.103913	-89.9209	34.125	-0.002869	-0.00946757	0.996699	34.125	0	0
23	581500	0.533913	-0.0986087	-89.9183	34.125	-0.00292514	-0.00928659	0.996516	34.125	0	0
23	581510	0.568522	-0.09	-89.9085	34.125	-0.00278036	-0.00961308	0.99693	34.125	0	0
23	581520	0.569391	-0.0813913	-89.9266	34.125	-0.00286753	-0.00980809	0.997031	34.125	0	0
23	581530	0.540348	-0.0896522	-89.8801	34.125	-0.00284167	-0.00970468	0.996486	34.125	0	0
23	581540	0.560783	-0.0985217	-89.9305	34.125	-0.00292588	-0.00930432	0.996211	34.125	0	0
23	581550	0.565565	-0.108261	-89.8897	34.125	-0.00277002	-0.0092142	0.996443	34.125	0	0
23	581560	0.565565	-0.0851304	-89.9163	34.125	-0.00279218	-0.00930432	0.997017	34.125	0	0
23	581570	0.547217	-0.112435	-89.8409	34.125	-0.00287048	-0.00937006	0.99634	34.125	0	0
23	581580	0.530957	-0.0930435	-89.8822	34.125	-0.00283724	-0.00959462	0.996645	34.125	0	0
23	581590	0.564174	-0.0958261	-89.9269	34.125	-0.00269468	-0.00948455	0.996377	34.125	0	0
23	581600	0.544783	-0.0871304	-89.9141	34.125	-0.00260678	-0.00987088	0.996523	34.125	0	0
23	581610	0.549913	-0.0753043	-89.9131	34.125	-0.00289633	-0.0092829	0.996603	34.125	0	0
23	581620	0.556609	-0.0926957	-89.9011	34.125	-0.00266513	-0.00955621	0.996524	34.125	0	0
23	581630	0.582435	-0.100696	-89.8763	34.125	-0.00264445	-0.00924375	0.996451	34.125	0	0
23	581640	0.564783	-0.0926957	-89.9311	34.125	-0.00259422	-0.00933608	0.99651	34.125	0	0
23	581650	0.548957	-0.0790435	-89.8963	34.125	-0.00280252	-0.00953552	0.996683	34.125	0	0
23	581660	0.564348	-0.0991304	-89.8931	34.125	-0.00241472	-0.00958945	0.99687	34.125	0	0
23	581670	0.559826	-0.0905217	-89.8627	34.125	-0.00280474	-0.00970394	0.996827	34.125	0	0
23	581680	0.53513	-0.122783	-89.9772	34.125	-0.00276411	-0.00974678	0.99659	34.125	0	0
23	581690	0.545304	-0.097913	-89.8707	34.125	-0.00270206	-0.00942103	0.996491	34.125	0	0
23	581700	0.554087	-0.10087	-89.879	34.125	-0.00288821	-0.00951041	0.996541	34.125	0	0
23	581710	0.553652	-0.109478	-89.8631	34.125	-0.00254768	-0.00970542	0.996868	34.125	0	0
23	581720	0.527478	-0.0989565	-89.8673	34.125	-0.0026016	-0.00987457	0.996775	34.125	0	0
23	581730	0.549217	-0.0954783	-89.8782	34.125	-0.00282247	-0.00961235	0.996703	34.125	0	0
23	581740	0.531913	-0.0943478	-89.9444	34.125	-0.00255581	-0.0095045	0.99657	34.125	0	0
23	581750	0.532696	-0.100783	-89.911	34.125	-0.00282247	-0.00939813	0.996421	34.125	0	0
23	581760	0.536087	-0.0831304	-89.875	34.125	-0.00273087	-0.00947791	0.996697	34.125	0	0
23	581770	0.553826	-0.0855652	-89.9316	34.125	-0.00247603	-0.00903544	0.996726	34.125	0	0
23	581780	0.530435	-0.0840869	-89.9217	34.1875	-0.00252035	-0.00944984	0.996516	34.1875	0	0
23	581790	0.536174	-0.0915652	-89.8949	34.125	-0.00268877	-0.00954956	0.996474	34.125	0	0
23	581800	0.54487	-0.0866087	-89.9364	34.1875	-0.00274343	-0.00930801	0.996502	34.1875	0	0
23	581810	0.554087	-0.0950435	-89.8777	34.125	-0.00277519	-0.00931909	0.996594	34.125	0	0
23	581820	0.543478	-0.115913	-89.8801	34.125	-0.00270354	-0.00953109	0.996575	34.125	0	0
23	581830	0.540609	-0.116087	-89.8789	34.125	-0.00274269	-0.00970246	0.996213	34.125	0	0
23	581840	0.53913	-0.0914783	-89.9512	34.125	-0.00293179	-0.00974013	0.996461	34.125	0	0
23	581850	0.540696	-0.0926087	-89.9433	34.125	-0.0025824	-0.00944245	0.996675	34.125	0	0
23	581860	0.543391	-0.102609	-89.8559	34.125	-0.00278553	-0.00970763	0.996702	34.125	0	0
23	581870	0.55887	-0.0932174	-89.9143	34.125	-0.00261342	-0.00964115	0.996359	34.125	0	0
23	581880	0.525217	-0.094	-89.8588	34.125	-0.002592	-0.00956064	0.996738	34.125	0	0
23	581890	0.545304	-0.074	-89.905	34.125	-0.00282025	-0.0094358	0.996801	34.125	0	0
23	581900	0.554348	-0.110261	-89.8789	34.125	-0.00259717	-0.00943432	0.996511	34.125	0	0
23	581910	0.54113	-0.0932174	-89.881	34.125	-0.0027582	-0.00954439	0.996769	34.125	0	0
23	581920	0.566609	-0.0856522	-89.8802	34.125	-0.00274638	-0.00938557	0.996387	34.125	0	0
23	581930	0.56513	-0.0911304	-89.8616	34.1875	-0.0028365	-0.00953996	0.99676	34.1875	0	0
23	581940	0.56113	-0.0872174	-89.8778	34.125	-0.00298941	-0.0097394	0.996958	34.125	0	0
23	581950	0.551391	-0.0890435	-89.8789	34.125	-0.00271979	-0.00940995	0.996437	34.125	0	0
23	581960	0.554261	-0.0929565	-89.9758	34.125	-0.00288304	-0.00922824	0.996773	34.125	0	0
23	581970	0.547565	-0.0993913	-89.891	34.1875	-0.0029281	-0.00966848	0.996608	34.1875	0	0
23	581980	0.554522	-0.0984348	-89.8912	34.125	-0.00304702	-0.00953552	0.996604	34.125	0	0
23	581990	0.553739	-0.084	-89.8983	34.125	-0.00256541	-0.00954217	0.99657	34.125	0	0
23	582000	0.548957	-0.0924348	-89.853	34.125	-0.00278406	-0.00975122	0.99693	34.125	0	0
23	582010	0.554261	-0.0964348	-89.9042	34.125	-0.00273383	-0.00949711	0.996336	34.125	0	0
23	582020	0.555043	-0.102174	-89.9928	34.125	-0.00272718	-0.0096515	0.996538	34.125	0	0
23	582030	0.536609	-0.0913043	-89.9033	34.125	-0.00303742	-0.00973201	0.996665	34.125	0	0
23	582040	0.55913	-0.076087	-89.8736	34.125	-0.00279661	-0.00966036	0.996615	34.125	0	0
23	582050	0.545739	-0.135739	-89.8815	34.125	-0.00263041	-0.00946239	0.996596	34.125	0	0
23	582060	0.557826	-0.0790435	-89.9145	34.125	-0.00279883	-0.00922602	0.996393	34.125	0	0
23	582070	0.567565	-0.083913	-89.8563	34.1875	-0.00266735	-0.00956729	0.996214	34.1875	0	0
23	582080	0.566435	-0.0966956	-89.9491	34.125	-0.00270797	-0.00947569	0.996474	34.125	0	0
23	582090	0.532	-0.0878261	-89.8763	34.125	-0.00285866	-0.00920755	0.996628	34.125	0	0
23	582100	0.535739	-0.0813913	-89.9429	34.125	-0.00274491	-0.0095466	0.996555	34.125	0	0
23	582110	0.548174	-0.0816522	-89.8863	34.125	-0.00282985	-0.00971133	0.996649	34.125	0	0
23	582120	0.563217	-0.0925217	-89.8528	34.125	-0.00285645	-0.00947717	0.99672	34.125	0	0
23	582130	0.534609	-0.0753913	-89.8795	34.125	-0.00281656	-0.00934347	0.99657	34.125	0	0
23	582140	0.534087	-0.1	-89.916	34.125	-0.00262672	-0.00896379	0.996597	34.125	0	0
23	582150	0.531739	-0.094	-89.9663	34.125	-0.00272201	-0.0094166	0.996302	34.125	0	0
23	582160	0.538435	-0.103826	-89.8784	34.125	-0.00234381	-0.00953331	0.996458	34.125	0	0
23	582170	0.563043	-0.102348	-89.9272	34.125	-0.00263928	-0.00970616	0.99631	34.125	0	0
23	582180	0.559391	-0.094087	-89.883	34.125	-0.0026378	-0.00928511	0.996198	34.125	0	0
23	582190	0.551739	-0.0932174	-89.9229	34.125	-0.00264666	-0.00937006	0.996403	34.125	0	0
23	582200	0.545391	-0.103304	-89.865	34.125	-0.00247012	-0.00940478	0.996243	34.125	0	0
23	582210	0.560696	-0.0825217	-89.9126	34.125	-0.00258979	-0.0095466	0.996697	34.125	0	0
23	582220	0.553826	-0.106696	-89.8867	34.125	-0.00289338	-0.00925557	0.996674	34.125	0	0
23	582230	0.559304	-0.094	-89.9476	34.125	-0.00253512	-0.00923414	0.996574	34.125	0	0
23	582240	0.56913	-0.108957	-89.8806	34.125	-0.00275451	-0.00938262	0.996349	34.125	0	0
23	582250	0.56113	-0.10513	-89.8848	34.125	-0.00269542	-0.00945649	0.996631	34.125	0	0
23	582260	0.536087	-0.1	-89.9304	34.125	-0.00256689	-0.00966553	0.996646	34.125	0	0
23	582270	0.548522	-0.124	-89.8585	34.125	-0.0026511	-0.0096611	0.996769	34.125	0	0
23	582280	0.537739	-0.116087	-89.9248	34.125	-0.00292588	-0.00977042	0.996427	34.125	0	0
23	582290	0.56713	-0.103652	-89.8984	34.125	-0.00288969	-0.00956655	0.996774	34.125	0	0
23	582300	0.566087	-0.0981739	-89.951	34.125	-0.0028498	-0.00952297	0.996558	34.125	0	0
23	582310	0.556783	-0.0984348	-89.8689	34.125	-0.00273161	-0.00937228	0.996543	34.125	0	0
23	582320	0.560522	-0.0913913	-89.8789	34.125	-0.00284389	-0.00932426	0.996423	34.125	0	0
23	582330	0.55313	-0.0770435	-89.8978	34.125	-0.0027582	-0.00895788	0.996868	34.125	0	0
23	582340	0.564	-0.0818261	-89.9363	34.125	-0.00292367	-0.00926148	0.9965	34.125	0	0
23	582350	0.55	-0.10287	-89.922	34.125	-0.00264445	-0.00962195	0.996606	34.125	0	0
23	582360	0.545391	-0.0963478	-89.8768	34.125	-0.00257427	-0.0093021	0.996455	34.125	0	0
23	582370	0.557913	-0.101304	-89.8942	34.125	-0.00304038	-0.00952223	0.996482	34.125	0	0
23	582380	0.539043	-0.0986087	-89.8639	34.125	-0.003016	-0.00940699	0.996341	34.125	0	0
23	582390	0.548348	-0.0766087	-89.8699	34.125	-0.00271462	-0.00931835	0.996894	34.125	0	0
23	582400	0.548	-0.093913	-89.943	34.125	-0.00269689	-0.00945427	0.997028	34.125	0	0
23	582410	0.541565	-0.0953913	-89.8777	34.125	-0.00286974	-0.00976008	0.99657	34.125	0	0
23	582420	0.541739	-0.0738261	-89.8646	34.125	-0.0028269	-0.00965519	0.996485	34.125	0	0
23	582430	0.556174	-0.0773043	-89.8929	34.125	-0.00281508	-0.00938262	0.996655	34.125	0	0
23	582440	0.544174	-0.0898261	-89.8367	34.125	-0.00291923	-0.00975491	0.996954	34.125	0	0
23	582450	0.54113	-0.0909565	-89.8523	34.125	-0.00283946	-0.00938853	0.996489	34.125	0	0
23	582460	0.543478	-0.0816522	-89.8995	34.125	-0.00278184	-0.00944097	0.996577	34.125	0	0
23	582470	0.550696	-0.0844348	-89.8683	34.125	-0.00274565	-0.00918465	0.99677	34.125	0	0
23	582480	0.538609	-0.0988696	-89.9208	34.125	-0.00273087	-0.00951632	0.996705	34.125	0	0
23	582490	0.547652	-0.0846957	-89.8751	34.125	-0.00284389	-0.00942915	0.996544	34.125	0	0
23	582500	0.559913	-0.0871304	-89.9461	34.125	-0.00289412	-0.00928881	0.996382	34.125	0	0
23	582510	0.555391	-0.0984348	-89.9269	34.1875	-0.00275377	-0.00946757	0.996689	34.1875	0	0
23	582520	0.56087	-0.103391	-89.8697	34.125	-0.00262672	-0.00975417	0.99646	34.125	0	0
23	582530	0.541478	-0.0956522	-89.8849	34.1875	-0.00268729	-0.00973053	0.996977	34.1875	0	0
23	582540	0.54	-0.0750435	-89.9851	34.125	-0.00291185	-0.00934347	0.9966	34.125	0	0
23	582550	0.547391	-0.102087	-89.879	34.1875	-0.00265331	-0.00944541	0.996621	34.1875	0	0
23	582560	0.558087	-0.0914783	-89.9152	34.125	-0.0027161	-0.00950967	0.996455	34.125	0	0
23	582570	0.550174	-0.105043	-89.9454	34.125	-0.00287417	-0.00947052	0.996546	34.125	0	0
23	582580	0.534783	-0.0858261	-89.884	34.125	-0.00262672	-0.0091359	0.996667	34.125	0	0
23	582590	0.562348	-0.11087	-89.8871	34.125	-0.00267104	-0.00916693	0.996612	34.125	0	0
23	582600	0.556174	-0.0897391	-89.909	34.1875	-0.00263928	-0.00954439	0.996522	34.1875	0	0
23	582610	0.543565	-0.0894783	-89.9272	34.125	-0.00270206	-0.009472	0.9966	34.125	0	0
23	582620	0.540783	-0.0965217	-89.9295	34.125	-0.00259348	-0.00900959	0.996565	34.125	0	0
23	582630	0.548435	-0.104522	-89.8769	34.125	-0.00286383	-0.00956802	0.996462	34.125	0	0
23	582640	0.533652	-0.08	-89.9164	34.125	-0.0027715	-0.00901697	0.996372	34.125	0	0
23	582650	0.555478	-0.0973913	-89.879	34.125	-0.00265331	-0.00940478	0.996674	34.125	0	0
23	582660	0.555739	-0.0875652	-89.877	34.125	-0.00280474	-0.0096478	0.996468	34.125	0	0
23	582670	0.564174	-0.0929565	-89.8866	34.125	-0.00274195	-0.00963598	0.996498	34.125	0	0
23	582680	0.562174	-0.0909565	-89.9008	34.125	-0.00284093	-0.00937745	0.996665	34.125	0	0
23	582690	0.545652	-0.0836522	-89.867	34.125	-0.00291259	-0.00925335	0.99696	34.125	0	0
23	582700	0.55	-0.0888696	-89.9193	34.125	-0.00269246	-0.00946904	0.996381	34.125	0	0
23	582710	0.550435	-0.088	-89.902	34.125	-0.00296503	-0.00936489	0.996648	34.125	0	0
23	582720	0.555304	-0.0732174	-89.8677	34.125	-0.0029931	-0.00955768	0.996513	34.125	0	0
23	582730	0.548	-0.0961739	-89.896	34.125	-0.00286974	-0.00955621	0.996664	34.125	0	0
23	582740	0.568435	-0.100435	-89.9053	34.125	-0.00284093	-0.00933387	0.996498	34.125	0	0
23	582750	0.542783	-0.0705217	-89.9172	34.125	-0.00285497	-0.00928881	0.99695	34.125	0	0
23	582760	0.547652	-0.0962609	-89.8774	34.125	-0.00302782	-0.00927329	0.996647	34.125	0	0
23	582770	0.56913	-0.081913	-89.9224	34.125	-0.00285571	-0.00947126	0.996192	34.125	0	0
23	582780	0.547652	-0.086087	-89.8972	34.125	-0.00297759	-0.00933239	0.996524	34.125	0	0
23	582790	0.533565	-0.100522	-89.9743	34.125	-0.00269977	-0.0094129	0.996751	34.125	0	0
23	582800	0.543391	-0.0809565	-89.9272	34.125	-0.00277667	-0.00955325	0.996774	34.125	0	0
23	582810	0.54513	-0.0968696	-89.8998	34.125	-0.00273604	-0.00955694	0.996748	34.125	0	0
23	582820	0.540696	-0.0885217	-89.8865	34.125	-0.00308543	-0.0096936	0.996333	34.125	0	0
23	582830	0.547652	-0.0657391	-89.9117	34.125	-0.00274638	-0.00925113	0.996698	34.125	0	0
23	582840	0.566	-0.089913	-89.9475	34.125	-0.0028365	-0.00936341	0.996705	34.125	0	0
23	582850	0.558783	-0.10313	-89.9811	34.125	-0.00279957	-0.00932131	0.996814	34.125	0	0
23	582860	0.551304	-0.111304	-89.9019	34.125	-0.00262524	-0.00968547	0.996532	34.125	0	0
23	582870	0.540956	-0.108783	-89.8893	34.125	-0.00286679	-0.00956876	0.996446	34.125	0	0
23	582880	0.550174	-0.0738261	-89.9256	34.125	-0.00278553	-0.00943285	0.996434	34.125	0	0
23	582890	0.561217	-0.0893044	-89.8761	34.125	-0.00277371	-0.009814	0.996657	34.125	0	0
23	582900	0.542174	-0.0931304	-89.8899	34.125	-0.00267917	-0.00929102	0.996223	34.125	0	0
23	582910	0.548957	-0.0912174	-89.8854	34.125	-0.0027848	-0.00933091	0.996649	34.125	0	0
23	582920	0.536087	-0.121304	-89.879	34.125	-0.00279957	-0.00939739	0.996539	34.125	0	0
23	582930	0.547826	-0.0933043	-89.9669	34.125	-0.00318146	-0.00901624	0.996279	34.125	0	0
23	582940	0.557826	-0.081913	-89.8784	34.125	-0.00267473	-0.00949342	0.996744	34.125	0	0
23	582950	0.548696	-0.0767826	-89.9155	34.125	-0.00275525	-0.00948825	0.996618	34.125	0	0
23	582960	0.524609	-0.0894783	-89.9039	34.125	-0.0025728	-0.00921198	0.996442	34.125	0	0
23	582970	0.547739	-0.0835652	-89.943	34.125	-0.00291997	-0.00901107	0.996472	34.125	0	0
23	582980	0.553043	-0.0907826	-89.8726	34.125	-0.00265479	-0.00922897	0.996663	34.125	0	0
23	582990	0.531826	-0.101304	-89.8169	34.125	-0.00255359	-0.00926739	0.996513	34.125	0	0
23	583000	0.546956	-0.0972174	-89.8574	34.125	-0.00272127	-0.00954291	0.996623	34.125	0	0
23	583010	0.54687	-0.0931304	-89.9364	34.125	-0.00278553	-0.0093383	0.996341	34.125	0	0
23	583020	0.544696	-0.0973043	-89.9738	34.125	-0.00272644	-0.00904431	0.996557	34.125	0	0
23	583030	0.546087	-0.0938261	-89.8887	34.125	-0.00281656	-0.00957615	0.996512	34.125	0	0
23	583040	0.55287	-0.0955652	-89.9654	34.125	-0.00288378	-0.00930284	0.996581	34.125	0	0
23	583050	0.538957	-0.115391	-89.8791	34.125	-0.00275525	-0.00979775	0.996471	34.125	0	0
23	583060	0.53487	-0.101565	-89.8827	34.125	-0.00269763	-0.00923488	0.996836	34.125	0	0
23	583070	0.552348	-0.0761739	-89.8668	34.125	-0.00272422	-0.00953996	0.996578	34.125	0	0
23	583080	0.56	-0.0807826	-89.8591	34.125	-0.00267326	-0.0092696	0.996717	34.125	0	0
23	583090	0.552348	-0.0941739	-89.8714	34.125	-0.00281065	-0.00955104	0.996466	34.125	0	0
23	583100	0.562348	-0.0941739	-89.9181	34.125	-0.00288747	-0.00983469	0.99646	34.125	0	0
23	583110	0.556783	-0.0910435	-89.9353	34.125	-0.00287344	-0.009472	0.996274	34.125	0	0
23	583120	0.54087	-0.0845217	-89.9607	34.125	-0.00265257	-0.00953339	0.996735	34.125	0	0
23	583130	0.552087	-0.0790435	-89.9014	34.125	-0.00268951	-0.00913886	0.996353	34.125	0	0
23	583140	0.552696	-0.104	-89.8352	34.125	-0.00280622	-0.00933387	0.996485	34.125	0	0
23	583150	0.542435	-0.101826	-89.9205	34.125	-0.00270133	-0.00924744	0.996648	34.125	0	0
23	583160	0.544783	-0.0918261	-89.8955	34.125	-0.00274417	-0.00946757	0.996539	34.125	0	0
23	583170	0.55113	-0.0837391	-89.889	34.125	-0.0027811	-0.0100075	0.997032	34.125	0	0
23	583180	0.551565	-0.0927826	-89.9152	34.125	-0.00266291	-0.00964263	0.996739	34.125	0	0
23	583190	0.546435	-0.0878261	-89.8755	34.125	-0.00277076	-0.0094358	0.996708	34.125	0	0
23	583200	0.554174	-0.0766957	-89.9142	34.125	-0.00289264	-0.00919426	0.996666	34.125	0	0
23	583210	0.541739	-0.0921739	-89.887	34.125	-0.00279661	-0.00945427	0.996503	34.125	0	0
23	583220	0.555217	-0.0837391	-89.8467	34.125	-0.00272349	-0.00950007	0.996587	34.125	0	0
23	583230	0.572	-0.0849565	-89.8688	34.125	-0.00259643	-0.00940699	0.996645	34.125	0	0
23	583240	0.552435	-0.0909565	-89.9043	34.125	-0.00268212	-0.0095503	0.996987	34.125	0	0
23	583250	0.550696	-0.0905217	-89.9062	34.125	-0.00265183	-0.0099381	0.996279	34.125	0	0
23	583260	0.543217	-0.07	-89.9099	34.125	-0.00275008	-0.00951927	0.99662	34.125	0	0
23	583270	0.53887	-0.0795652	-89.8647	34.125	-0.00262524	-0.00966405	0.996271	34.125	0	0
23	583280	0.532348	-0.0821739	-89.8603	34.125	-0.00284684	-0.00939148	0.996593	34.125	0	0
23	583290	0.538435	-0.100087	-89.8332	34.125	-0.00288895	-0.0095599	0.996457	34.125	0	0
23	583300	0.548783	-0.096087	-89.9004	34.125	-0.00288673	-0.0096478	0.996562	34.125	0	0
23	583310	0.548783	-0.0987826	-89.9175	34.125	-0.00258683	-0.00936858	0.996696	34.125	0	0
23	583320	0.54087	-0.0813913	-89.9196	34.125	-0.00263411	-0.00968326	0.996731	34.125	0	0
23	583330	0.547739	-0.0808696	-89.8577	34.125	-0.00299088	-0.00907828	0.996525	34.125	0	0
23	583340	0.522174	-0.109391	-89.8777	34.125	-0.00272201	-0.00908641	0.996579	34.125	0	0
23	583350	0.549565	-0.110783	-89.8997	34.125	-0.00300049	-0.00978815	0.996504	34.125	0	0
23	583360	0.551391	-0.10687	-89.8424	34.125	-0.00253808	-0.00944023	0.996635	34.125	0	0
23	583370	0.567217	-0.0896522	-89.8409	34.125	-0.00267473	-0.00950302	0.996654	34.125	0	0
23	583380	0.54313	-0.0826087	-89.9973	34.125	-0.00285201	-0.00957024	0.996602	34.125	0	0
23	583390	0.544	-0.0946087	-89.8467	34.125	-0.00259865	-0.00889436	0.996158	34.125	0	0
23	583400	0.542783	-0.084	-89.8835	34.125	-0.00275377	-0.00923858	0.996835	34.125	0	0
23	583410	0.547391	-0.0907826	-89.9102	34.125	-0.00269098	-0.00969286	0.996727	34.125	0	0
23	583420	0.559826	-0.0903478	-89.8921	34.125	-0.00263189	-0.00955325	0.996332	34.125	0	0
23	583430	0.538087	-0.105043	-89.9004	34.125	-0.00274712	-0.00935455	0.996456	34.125	0	0
23	583440	0.552348	-0.0825217	-89.853	34.125	-0.00278775	-0.00937302	0.996677	34.125	0	0
23	583450	0.564609	-0.0885217	-89.906	34.125	-0.00288452	-0.00943211	0.996898	34.125	0	0
23	583460	0.537739	-0.0762609	-89.8965	34.125	-0.00241029	-0.0096803	0.996701	34.125	0	0
23	583470	0.561739	-0.0921739	-89.8679	34.125	-0.00289486	-0.00948751	0.9967	34.125	0	0
23	583480	0.544261	-0.0913043	-89.9284	34.125	-0.00282542	-0.00918613	0.996282	34.125	0	0
23	583490	0.549304	-0.0968696	-89.8937	34.125	-0.00270871	-0.00951558	0.996425	34.125	0	0
23	583500	0.564609	-0.0933913	-89.8917	34.125	-0.00294213	-0.00969212	0.996956	34.125	0	0
23	583510	0.557652	-0.082	-89.8947	34.125	-0.00276781	-0.00948455	0.996588	34.125	0	0
23	583520	0.538609	-0.0692174	-89.8696	34.125	-0.00284611	-0.00938336	0.996228	34.125	0	0
23	583530	0.53713	-0.0596522	-89.9049	34.125	-0.00283281	-0.00953996	0.996737	34.125	0	0
23	583540	0.551478	-0.0945217	-89.9835	34.125	-0.00295617	-0.00936637	0.996249	34.125	0	0
23	583550	0.554609	-0.0910435	-89.8828	34.125	-0.00264814	-0.00930432	0.99653	34.125	0	0
23	583560	0.555721	-0.0962609	-89.8622	34.125	-0.00281804	-0.00922233	0.996364	34.125	0	0
23	583570	0.568956	-0.0884348	-89.837	34.125	-0.00299384	-0.00932648	0.996588	34.125	0	0
23	583580	0.54	-0.105826	-89.8863	34.125	-0.00288969	-0.00934938	0.996392	34.125	0	0
23	583590	0.55287	-0.0864348	-89.9348	34.125	-0.00276485	-0.00969729	0.996669	34.125	0	0
23	583600	0.533913	-0.092	-89.8832	34.125	-0.00273013	-0.0100208	0.996807	34.125	0	0
23	583610	0.529304	-0.0854783	-89.879	34.125	-0.00271536	-0.00950967	0.996625	34.125	0	0
23	583620	0.539565	-0.111565	-89.9002	34.125	-0.0028136	-0.00929545	0.996349	34.125	0	0
23	583630	0.548435	-0.0974783	-89.8936	34.125	-0.00279735	-0.00939887	0.996352	34.125	0	0
23	583640	0.533478	-0.0712174	-89.9417	34.125	-0.00277076	-0.00926517	0.996753	34.125	0	0
23	583650	0.535913	-0.0810435	-89.893	34.125	-0.00257501	-0.00963894	0.996313	34.125	0	0
23	583660	0.550435	-0.0805217	-89.8434	34.125	-0.00274195	-0.00954882	0.996587	34.125	0	0
23	583670	0.558957	-0.0906956	-89.8992	34.125	-0.00278036	-0.00952297	0.996338	34.125	0	0
23	583680	0.52687	-0.0902183	-89.9468	34.125	-0.00287861	-0.0095178	0.996316	34.125	0	0
23	583690	0.549652	-0.0965217	-89.8485	34.125	-0.00267326	-0.00975639	0.996431	34.125	0	0
23	583700	0.533652	-0.100348	-89.8935	34.125	-0.00244501	-0.00963303	0.996443	34.125	0	0
23	583710	0.536522	-0.0822609	-89.895	34.125	-0.0026511	-0.00948455	0.996369	34.125	0	0
23	583720	0.537826	-0.0908696	-89.902	34.125	-0.0027257	-0.00960865	0.996432	34.125	0	0
23	583730	0.548696	-0.0750435	-89.9109	34.125	-0.00271905	-0.00927256	0.997052	34.125	0	0
23	583740	0.552348	-0.0795652	-89.867	34.125	-0.00258757	-0.00940404	0.996397	34.125	0	0
23	583750	0.543217	-0.0853913	-89.8852	34.125	-0.00269615	-0.00956359	0.996921	34.125	0	0
23	583760	0.548783	-0.0969565	-89.8626	34.125	-0.00272201	-0.00957541	0.996359	34.125	0	0
23	583770	0.549217	-0.0845217	-89.9095	34.125	-0.00293475	-0.00928142	0.997014	34.125	0	0
