23	451040	0.0215652	-0.093913	0.0632174	34.0625	3.39789e-05	-0.00577199	0.996714	34.0625	0	0
23	451050	0.0166957	-0.077913	0.111043	34.0625	-0.000148473	-0.00622849	0.996665	34.0625	0	0
23	451060	0.0126957	-0.0685217	0.0924348	34.125	-6.79579e-05	-0.00618121	0.996596	34.125	0	0
23	451070	0.0112174	-0.086	0.09	34.125	-5.17071e-05	-0.00583108	0.996423	34.125	0	0
23	451080	0.0103478	-0.0697391	0.0713044	34.0625	8.1254e-06	-0.00579119	0.996614	34.0625	0	0
23	451090	0.0112174	-0.0449565	0.0622609	34.0625	-1.84668e-05	-0.00575574	0.996556	34.0625	0	0
23	451100	0.0129565	-0.0650435	0.0930435	34.0625	-0.000186145	-0.00586949	0.996725	34.0625	0	0
23	451110	0.0282609	-0.0690435	0.0455652	34.0625	-8.19926e-05	-0.00615831	0.99681	34.0625	0	0
23	451120	0.0133913	-0.0710435	0.0975652	34.0625	-5.90938e-05	-0.00566562	0.996649	34.0625	0	0
23	451130	0.0253043	-0.0884348	0.10513	34.0625	-9.60274e-06	-0.00557919	0.996528	34.0625	0	0
23	451140	0.0135652	-0.0847826	0.107043	34.125	2.06828e-05	-0.00580966	0.99661	34.125	0	0
23	451150	0.0313913	-0.0967826	0.078	34.0625	-0.000254103	-0.00545362	0.996478	34.0625	0	0
23	451160	0.0251304	-0.0814783	0.119304	34.0625	-0.000355301	-0.0059345	0.996671	34.0625	0	0
23	451170	0.00556522	-0.066087	0.056	34.0625	2.14215e-05	-0.00640355	0.996502	34.0625	0	0
23	451180	0.0171304	-0.0774783	0.108696	34.0625	-3.32403e-05	-0.00616348	0.996725	34.0625	0	0
23	451190	0.0197391	-0.08	0.0597391	34.0625	-1.84668e-05	-0.00561096	0.996799	34.0625	0	0
23	451200	0.0132174	-0.0653043	0.0840869	34.0625	-0.000108585	-0.00593671	0.996703	34.0625	0	0
23	451210	0.00373913	-0.0834783	0.0978261	34.0625	4.2843e-05	-0.00595001	0.996614	34.0625	0	0
23	451220	0.02	-0.0828696	0.110696	34.0625	-0.000158815	-0.0055201	0.996765	34.0625	0	0
23	451230	0.0252174	-0.0864348	0.0441739	34.0625	-0.000186145	-0.00603422	0.9967	34.0625	0	0
23	451240	0.00626087	-0.0955652	0.0681739	34.0625	-5.61391e-05	-0.0059116	0.996706	34.0625	0	0
23	451250	0.0104348	-0.0844348	0.08	34.0625	2.95469e-05	-0.00618121	0.996718	34.0625	0	0
23	451260	0.00921739	-0.0754783	0.0907826	34.0625	0.000227511	-0.00595518	0.996954	34.0625	0	0
23	451270	0.0233913	-0.072087	0.088087	34.0625	-0.000169895	-0.00596109	0.996725	34.0625	0	0
23	451280	0.0178261	-0.0943478	0.0881739	34.0625	-3.47176e-05	-0.00584881	0.996107	34.0625	0	0
23	451290	0.0181739	-0.0926087	0.0861739	34.0625	-7.16512e-05	-0.0058333	0.996488	34.0625	0	0
23	451300	0.0251304	-0.0749565	0.104174	34.0625	3.02856e-05	-0.00605342	0.996619	34.0625	0	0
23	451310	0.02	-0.0716522	0.0933913	34.0625	-7.38672e-07	-0.00594705	0.996836	34.0625	0	0
23	451320	0.0106957	-0.0855652	0.0941739	34.0625	0.000100459	-0.0059995	0.996654	34.0625	0	0
23	451330	0.0157391	-0.112261	0.106783	34.0625	6.94352e-05	-0.00614354	0.996605	34.0625	0	0
23	451340	0.02	-0.0656522	0.0925217	34.0625	-1.03414e-05	-0.00584955	0.996564	34.0625	0	0
23	451350	0.0146957	-0.0761739	0.0667826	34.0625	-4.0627e-05	-0.00575721	0.996542	34.0625	0	0
23	451360	0.00747826	-0.0751304	0.0729565	34.0625	-8.7902e-05	-0.00595666	0.996645	34.0625	0	0
23	451370	0.02	-0.0695652	0.0771304	34.0625	-5.24457e-05	-0.00563238	0.996484	34.0625	0	0
23	451380	0.00869565	-0.0670435	0.0835652	34.0625	4.65364e-05	-0.0058067	0.996705	34.0625	0	0
23	451390	0.0212174	-0.0692174	0.0833913	34.0625	-1.25574e-05	-0.00591824	0.996451	34.0625	0	0
23	451400	0.0161739	-0.0813913	0.121826	34.0625	-0.000131484	-0.00559766	0.996855	34.0625	0	0
23	451410	0.00904348	-0.0953043	0.0866956	34.0625	-6.64805e-06	-0.00591824	0.996775	34.0625	0	0
23	451420	0.0193913	-0.0848696	0.0753913	34.0625	-1.55121e-05	-0.00541373	0.996512	34.0625	0	0
23	451430	0.00643478	-0.0770435	0.0957391	34.0625	-0.000186145	-0.00582222	0.99698	34.0625	0	0
23	451440	0.0205217	-0.0753043	0.0802609	34.0625	0.00011671	-0.0059404	0.996641	34.0625	0	0
23	451450	0.0195652	-0.0798261	0.0848696	34	7.9038e-05	-0.0057742	0.996629	34	0	0
23	451460	-0.0033913	-0.0811304	0.109043	34.0625	0	-0.00598768	0.99642	34.0625	0	0
23	451470	0.015913	-0.0835652	0.0968696	34.0625	-6.27872e-05	-0.00601649	0.996398	34.0625	0	0
23	451480	0.0222609	-0.0771304	0.0777391	34.0625	-4.5059e-05	-0.00552379	0.996364	34.0625	0	0
23	451490	0.0248696	-0.0741739	0.0728696	34.0625	-2.88082e-05	-0.00592932	0.996816	34.0625	0	0
23	451500	0.0103478	-0.0920869	0.101304	34.0625	-0.000121881	-0.0057742	0.996767	34.0625	0	0
23	451510	0.0125217	-0.0742609	0.0836522	34.0625	-0.000142564	-0.00560579	0.996565	34.0625	0	0
23	451520	0.000782609	-0.0917391	0.0947826	34.0625	8.5686e-05	-0.00611769	0.996121	34.0625	0	0
23	451530	0.00765217	-0.0703478	0.0704348	34.0625	-0.000125574	-0.0057779	0.996601	34.0625	0	0
23	451540	0.0191304	-0.0785217	0.0847826	34.0625	-0.000104153	-0.00565675	0.996617	34.0625	0	0
23	451550	0.0155652	-0.0792174	0.102435	34.0625	-3.32403e-05	-0.00593006	0.996674	34.0625	0	0
23	451560	0.00469565	-0.0807826	0.104783	34.0625	-0.000104891	-0.00566045	0.996785	34.0625	0	0
23	451570	0.0093913	-0.0812174	0.076	34.0625	-3.02856e-05	-0.00586358	0.996187	34.0625	0	0
23	451580	0.014	-0.0770435	0.0968696	34.0625	6.20485e-05	-0.00586949	0.996358	34.0625	0	0
23	451590	0.0248696	-0.0712174	0.112174	34.0625	-1.10801e-05	-0.00588722	0.996569	34.0625	0	0
23	451600	0.0108696	-0.0683478	0.0893044	34.0625	6.64805e-05	-0.00575204	0.996575	34.0625	0	0
23	451610	0.0197391	-0.0747826	0.0852174	34.0625	1.92055e-05	-0.005396	0.99646	34.0625	0	0
23	451620	0.00930435	-0.069913	0.096	34.0625	-2.14215e-05	-0.00592046	0.996497	34.0625	0	0
23	451630	-0.000434783	-0.0771304	0.0821739	34.0625	-2.21602e-06	-0.00574761	0.996662	34.0625	0	0
23	451640	-0.00330435	-0.0849565	0.0823478	34.0625	-0.000114494	-0.00560948	0.996279	34.0625	0	0
23	451650	0.00826087	-0.0907826	-0.00417391	34.0625	3.17629e-05	-0.00581778	0.996759	34.0625	0	0
23	451660	0.0304348	-0.0986957	-1.84417	34.0625	0.000935898	-0.00686596	0.996853	34.0625	0	0
23	451670	0.0683478	-0.0773043	-9.03974	34.0625	0.00179497	-0.00740445	0.996635	34.0625	0	0
23	451680	0.104696	-0.0928696	-17.5765	34.0625	0.00202027	-0.00779595	0.996538	34.0625	0	0
23	451690	0.170348	-0.0970435	-26.441	34.0625	0.00205868	-0.00768145	0.996562	34.0625	0	0
23	451700	0.227304	-0.082	-35.4112	34.0625	0.00178242	-0.00785283	0.996774	34.0625	0	0
23	451710	0.262087	-0.0873913	-44.4636	34.0625	0.00138723	-0.00832115	0.996609	34.0625	0	0
23	451720	0.323391	-0.0752174	-53.3831	34.0625	0.00100903	-0.00849843	0.996754	34.0625	0	0
23	451730	0.387391	-0.0877391	-62.3832	34.0625	0.000850951	-0.00915732	0.996189	34.0625	0	0
23	451740	0.445391	-0.101217	-71.3848	34.0625	0.000243762	-0.00985537	0.996595	34.0625	0	0
23	451750	0.506957	-0.0823478	-80.3062	34.0625	4.7275e-05	-0.0103931	0.996472	34.0625	0	0
23	451760	0.532	-0.0734783	-87.2292	34.0625	-0.00155121	-0.0102018	0.996439	34.0625	0	0
23	451770	0.533304	-0.0968696	-89.2663	34.0625	-0.00226255	-0.00946683	0.996721	34.0625	0	0
23	451780	0.56	-0.0852174	-89.7443	34.0625	-0.00266365	-0.00955768	0.996179	34.0625	0	0
23	451790	0.557826	-0.0986957	-89.8122	34.0625	-0.00266661	-0.00977264	0.996595	34.0625	0	0
23	451800	0.544435	-0.0817391	-89.8625	34.0625	-0.00267473	-0.00922085	0.996498	34.0625	0	0
23	451810	0.547304	-0.0936522	-89.811	34.0625	-0.00260604	-0.00929619	0.996152	34.0625	0	0
23	451820	0.550261	-0.106957	-89.8888	34.0625	-0.00256319	-0.00936193	0.996363	34.0625	0	0
23	451830	0.543391	-0.089913	-89.8812	34.0625	-0.00269837	-0.00952444	0.996612	34.0625	0	0
23	451840	0.557043	-0.113652	-89.8988	34.0625	-0.00268581	-0.00965962	0.996656	34.0625	0	0
23	451850	0.56887	-0.0901739	-89.8637	34.0625	-0.00259422	-0.00960791	0.996675	34.0625	0	0
23	451860	0.547391	-0.0902609	-89.8683	34.0625	-0.0026053	-0.0091359	0.996547	34.0625	0	0
23	451870	0.539304	-0.090087	-89.875	34.0625	-0.00261268	-0.00954143	0.996683	34.0625	0	0
23	451880	0.565304	-0.108696	-89.9071	34.0625	-0.00280474	-0.00954513	0.99648	34.0625	0	0
23	451890	0.549478	-0.0971304	-89.8497	34.0625	-0.00261121	-0.00945058	0.99633	34.0625	0	0
23	451900	0.548	-0.0873043	-89.9063	34.0625	-0.00259643	-0.00918096	0.9964	34.0625	0	0
23	451910	0.564696	-0.0863478	-89.8524	34.0625	-0.00270797	-0.00961382	0.996341	34.0625	0	0
23	451920	0.563217	-0.0803478	-89.9155	34.0625	-0.00277224	-0.00951853	0.996673	34.0625	0	0
23	451930	0.556435	-0.0977391	-89.8744	34.0625	-0.00267104	-0.00958206	0.996534	34.0625	0	0
23	451940	0.54	-0.0872174	-89.8407	34.0625	-0.00267178	-0.00959092	0.996268	34.0625	0	0
23	451950	0.531565	-0.100087	-89.8866	34.0625	-0.00262967	-0.00974457	0.996495	34.0625	0	0
23	451960	0.560087	-0.0915652	-89.8952	34.0625	-0.0027257	-0.00947421	0.996319	34.0625	0	0
23	451970	0.554261	-0.0663478	-89.8571	34.0625	-0.00257354	-0.00962416	0.996816	34.0625	0	0
23	451980	0.558087	-0.0776522	-89.8711	34.0625	-0.00276116	-0.00961973	0.996489	34.0625	0	0
23	451990	0.54	-0.0741739	-89.8995	34.0625	-0.00282764	-0.00956876	0.996499	34.0625	0	0
23	452000	0.548522	-0.101478	-89.9184	34.0625	-0.00300566	-0.00968621	0.996553	34.0625	0	0
23	452010	0.550261	-0.0912174	-89.8877	34.0625	-0.00269763	-0.00969951	0.996723	34.0625	0	0
23	452020	0.540783	-0.104522	-89.8579	34.0625	-0.00298498	-0.00944097	0.996709	34.0625	0	0
23	452030	0.553826	-0.0971304	-89.8766	34.0625	-0.00278332	-0.00942324	0.99659	34.0625	0	0
23	452040	0.55313	-0.0935652	-89.8857	34.0625	-0.00254768	-0.00945649	0.997163	34.0625	0	0
23	452050	0.558435	-0.086	-89.8625	34.0625	-0.00248268	-0.0096382	0.996383	34.0625	0	0
23	452060	0.547391	-0.0826957	-89.9793	34.0625	-0.00280991	-0.00931762	0.996313	34.0625	0	0
23	452070	0.554522	-0.0770435	-89.8533	34.0625	-0.00269985	-0.00926517	0.996614	34.0625	0	0
23	452080	0.538	-0.103304	-89.8833	34.0625	-0.00261933	-0.00940035	0.996645	34.0625	0	0
23	452090	0.546435	-0.105478	-89.9001	34.0625	-0.00282542	-0.00950524	0.996491	34.0625	0	0
23	452100	0.539652	-0.0833043	-89.9938	34.0625	-0.0027848	-0.00943654	0.996691	34.0625	0	0
23	452110	0.549304	-0.0901739	-89.9216	34.0625	-0.00247898	-0.00959536	0.996493	34.0625	0	0
23	452120	0.534522	-0.0766087	-89.8857	34.0625	-0.00247012	-0.00918022	0.996477	34.0625	0	0
23	452130	0.541391	-0.090087	-89.8511	34.0625	-0.00259496	-0.00963598	0.996806	34.0625	0	0
23	452140	0.549043	-0.0962609	-89.8699	34.0625	-0.00235563	-0.00973275	0.996441	34.0625	0	0
23	452150	0.541391	-0.0887826	-89.9171	34.0625	-0.00269025	-0.00930801	0.996371	34.0625	0	0
23	452160	0.547913	-0.100261	-89.9601	34.0625	-0.00281951	-0.00942103	0.996267	34.0625	0	0
23	452170	0.535826	-0.100783	-89.8761	34.0625	-0.00270354	-0.00918909	0.996854	34.0625	0	0
23	452180	0.53687	-0.0963478	-89.8642	34.0625	-0.00279661	-0.00970763	0.996742	34.0625	0	0
23	452190	0.524261	-0.102261	-89.875	34.0625	-0.0029148	-0.00948825	0.997034	34.0625	0	0
23	452200	0.534696	-0.0846087	-89.8855	34.0625	-0.00286753	-0.00918096	0.996714	34.0625	0	0
23	452210	0.553913	-0.0763478	-89.8756	34.0625	-0.00259717	-0.0096286	0.996816	34.0625	0	0
23	452220	0.548522	-0.0787826	-89.8994	34.0625	-0.00259791	-0.00937597	0.996977	34.0625	0	0
23	452230	0.537826	-0.120348	-89.9163	34.0625	-0.00282764	-0.00939591	0.996734	34.0625	0	0
23	452240	0.551565	-0.0966956	-89.8958	34.0625	-0.00261268	-0.00947791	0.996702	34.0625	0	0
23	452250	0.550957	-0.0827826	-89.8969	34.0625	-0.00267178	-0.00926886	0.996622	34.0625	0	0
23	452260	0.535826	-0.0923478	-89.8853	34.0625	-0.00287565	-0.00953922	0.99676	34.0625	0	0
23	452270	0.544783	-0.100957	-89.9141	34.0625	-0.00278923	-0.00907385	0.996757	34.0625	0	0
23	452280	0.547478	-0.0882609	-89.8869	34.0625	-0.00272349	-0.00928068	0.996791	34.0625	0	0
23	452290	0.546783	-0.0885217	-89.8444	34.0625	-0.0026703	-0.00884043	0.996517	34.0625	0	0
23	452300	0.549391	-0.0897391	-89.8936	34.0625	-0.00284684	-0.00929324	0.996322	34.0625	0	0
23	452310	0.540087	-0.103304	-89.8455	34.0625	-0.00276707	-0.00928955	0.996712	34.0625	0	0
23	452320	0.568087	-0.0908696	-89.8505	34.0625	-0.00290741	-0.00915658	0.996684	34.0625	0	0
23	452330	0.556696	-0.0992174	-89.8914	34.0625	-0.0030064	-0.0093708	0.99653	34.0625	0	0
23	452340	0.557478	-0.0853913	-89.887	34.0625	-0.00273457	-0.00945722	0.996513	34.0625	0	0
23	452350	0.545565	-0.0993913	-89.8379	34.0625	-0.00275673	-0.00945131	0.996598	34.0625	0	0
23	452360	0.539478	-0.0951304	-89.913	34.0625	-0.0030027	-0.00946018	0.996347	34.0625	0	0
23	452370	0.562783	-0.0907826	-89.8607	34.0625	-0.00274638	-0.00952075	0.996138	34.0625	0	0
23	452380	0.56	-0.0873913	-89.8873	34.0625	-0.0028498	-0.00949637	0.996468	34.0625	0	0
23	452390	0.553739	-0.0855652	-89.844	34.0625	-0.00283133	-0.00953109	0.996754	34.0625	0	0
23	452400	0.56	-0.0846087	-89.8823	34.0625	-0.00286383	-0.00921568	0.996324	34.0625	0	0
23	452410	0.551652	-0.123304	-89.8642	34.0625	-0.00265479	-0.00959092	0.996459	34.0625	0	0
23	452420	0.55313	-0.0856522	-89.9057	34.0625	-0.00295469	-0.00939074	0.996464	34.0625	0	0
23	452430	0.563652	-0.100348	-89.8316	34.0625	-0.00292958	-0.00972388	0.996867	34.0625	0	0
23	452440	0.554087	-0.10913	-89.8569	34.0625	-0.00296946	-0.00983469	0.996104	34.0625	0	0
23	452450	0.550696	-0.108957	-89.8837	34.0625	-0.00279218	-0.0095732	0.996483	34.0625	0	0
23	452460	0.551913	-0.0809565	-89.9013	34.0625	-0.00288378	-0.00931688	0.99655	34.0625	0	0
23	452470	0.549826	-0.0765217	-89.8989	34.0625	-0.00305663	-0.00934125	0.996539	34.0625	0	0
23	452480	0.563565	-0.0885217	-89.8125	34.125	-0.00270133	-0.0093021	0.996341	34.125	0	0
23	452490	0.547044	-0.0988696	-89.8744	34.0625	-0.00269394	-0.0096382	0.996496	34.0625	0	0
23	452500	0.557304	-0.0841739	-89.9147	34.0625	-0.00273604	-0.00973496	0.996735	34.0625	0	0
23	452510	0.534435	-0.0778261	-89.8452	34.0625	-0.00256024	-0.00925852	0.996771	34.0625	0	0
23	452520	0.54313	-0.0753043	-89.8765	34.0625	-0.00248268	-0.00938483	0.996963	34.0625	0	0
23	452530	0.550174	-0.0927826	-89.8939	34.0625	-0.00275599	-0.0095924	0.996658	34.0625	0	0
23	452540	0.525913	-0.0762609	-89.9038	34.0625	-0.00279366	-0.00959905	0.996061	34.0625	0	0
23	452550	0.549304	-0.0844348	-89.851	34.0625	-0.00271388	-0.00925483	0.99655	34.0625	0	0
23	452560	0.539565	-0.0910435	-89.88	34.0625	-0.00242211	-0.00991742	0.996692	34.0625	0	0
23	452570	0.551304	-0.104348	-89.8204	34.0625	-0.00254029	-0.00897265	0.996578	34.0625	0	0
23	452580	0.532261	-0.0946957	-89.9166	34.0625	-0.00253734	-0.00947717	0.996599	34.0625	0	0
23	452590	0.550957	-0.093913	-89.9059	34.0625	-0.00250632	-0.00930801	0.996387	34.0625	0	0
23	452600	0.560087	-0.105304	-89.8591	34.0625	-0.00251149	-0.00904578	0.996867	34.0625	0	0
23	452610	0.548174	-0.0794783	-89.9163	34.0625	-0.00249819	-0.00933756	0.996458	34.0625	0	0
23	452620	0.536609	-0.0962609	-89.925	34.0625	-0.00269172	-0.00973423	0.996519	34.0625	0	0
23	452630	0.551391	-0.118696	-89.861	34.0625	-0.00279366	-0.00972093	0.996494	34.0625	0	0
23	452640	0.546609	-0.1	-89.8854	34.0625	-0.00275156	-0.00939665	0.996675	34.0625	0	0
23	452650	0.544348	-0.0947826	-89.901	34.0625	-0.00263706	-0.00950154	0.996783	34.0625	0	0
23	452660	0.53513	-0.0947826	-89.8912	34.0625	-0.00239478	-0.00952666	0.996573	34.0625	0	0
23	452670	0.546696	-0.0809565	-89.891	34.0625	-0.00249524	-0.00903175	0.996776	34.0625	0	0
23	452680	0.563217	-0.0750435	-89.8895	34.0625	-0.00275451	-0.00946387	0.996349	34.0625	0	0
23	452690	0.572	-0.0986957	-89.8891	34.0625	-0.00261195	-0.00927182	0.996505	34.0625	0	0
23	452700	0.540435	-0.101217	-89.924	34.0625	-0.00289116	-0.00935085	0.996579	34.0625	0	0
23	452710	0.539826	-0.086	-89.8857	34.0625	-0.00252774	-0.00981843	0.996516	34.0625	0	0
23	452720	0.55313	-0.106696	-89.8858	34.0625	-0.0028136	-0.00954069	0.996282	34.0625	0	0
23	452730	0.54487	-0.0749565	-89.8781	34.0625	-0.00300714	-0.00972241	0.996613	34.0625	0	0
23	452740	0.561913	-0.0955652	-89.8733	34.0625	-0.00289043	-0.00944614	0.996498	34.0625	0	0
23	452750	0.564348	-0.0812174	-89.933	34.0625	-0.00278553	-0.0093479	0.996615	34.0625	0	0
23	452760	0.560696	-0.106783	-89.8695	34.0625	-0.00271314	-0.00960791	0.996784	34.0625	0	0
23	452770	0.561913	-0.0923478	-89.864	34.0625	-0.00243688	-0.0094683	0.996872	34.0625	0	0
23	452780	0.543652	-0.0798261	-89.8897	34.0625	-0.00290594	-0.0097719	0.996527	34.0625	0	0
23	452790	0.549478	-0.0767826	-89.8367	34.0625	-0.00272201	-0.00962343	0.996463	34.0625	0	0
23	452800	0.549478	-0.0977391	-89.8656	34.0625	-0.00303964	-0.00951484	0.996404	34.0625	0	0
23	452810	0.565826	-0.0993043	-89.885	34.0625	-0.00286753	-0.00940256	0.996525	34.0625	0	0
23	452820	0.529043	-0.0771304	-89.941	34.0625	-0.0026932	-0.00925926	0.996378	34.0625	0	0
23	452830	0.535652	-0.0801739	-89.8693	34.0625	-0.00282764	-0.00957393	0.996836	34.0625	0	0
23	452840	0.566783	-0.0749565	-89.8928	34.0625	-0.00282247	-0.00947791	0.996451	34.0625	0	0
23	452850	0.547478	-0.0966956	-89.8296	34.0625	-0.00283503	-0.00966405	0.996407	34.0625	0	0
23	452860	0.536435	-0.0812174	-89.5741	34.0625	-0.00339272	-0.00935233	0.996381	34.0625	0	0
23	452870	0.535565	-0.0616522	-85.0586	34.0625	-0.00425402	-0.00789124	0.996381	34.0625	0	0
23	452880	0.465652	-0.0969565	-77.1483	34.0625	-0.00415799	-0.00686153	0.996793	34.0625	0	0
23	452890	0.416522	-0.08	-68.4384	34.0625	-0.00383002	-0.00642202	0.996576	34.0625	0	0
23	452900	0.366783	-0.0667826	-59.5284	34.0625	-0.00344886	-0.00603274	0.996382	34.0625	0	0
23	452910	0.318261	-0.076	-50.5438	34.0625	-0.00320953	-0.005331	0.996152	34.0625	0	0
23	452920	0.238261	-0.0762609	-41.5774	34.0625	-0.00277224	-0.00505769	0.996482	34.0625	0	0
23	452930	0.138	-0.0847826	-22.4711	34.0625	-0.00662072	-0.00165241	0.996467	34.0625	0	0
23	452940	0.0352174	-0.0615652	-5.02878	34.0625	-0.00217244	-0.00451329	0.996446	34.0625	0	0
23	452950	0.0346087	-0.0756522	-1.15209	34.0625	-0.000533322	-0.00542777	0.99664	34.0625	0	0
23	452960	0.02	-0.0867826	-0.184522	34.0625	-5.54004e-05	-0.0061236	0.996515	34.0625	0	0
23	452970	0.0225217	-0.0685217	0.00226087	34.0625	-6.57418e-05	-0.00580006	0.996977	34.0625	0	0
23	452980	0.0152174	-0.0849565	0.0552174	34.0625	-0.000106369	-0.00617235	0.99644	34.0625	0	0
23	452990	0.0178261	-0.0664348	0.0812174	34.0625	-4.0627e-05	-0.00570403	0.996582	34.0625	0	0
23	453000	0.00895652	-0.0752174	0.0778261	34.0625	-6.05711e-05	-0.00586063	0.9969	34.0625	0	0
23	453010	0.0117391	-0.0862609	0.072087	34.0625	5.61391e-05	-0.00588279	0.996407	34.0625	0	0
23	453020	0.00243478	-0.0630435	0.124609	34.0625	3.69336e-05	-0.00572988	0.99676	34.0625	0	0
23	453030	0.0133913	-0.0654783	0.122	34.0625	0	-0.00582369	0.996907	34.0625	0	0
23	453040	0.012087	-0.0532174	0.0993913	34.0625	-6.13098e-05	-0.00568187	0.996652	34.0625	0	0
23	453050	0.0103478	-0.0736522	0.0788696	34.0625	-0.000107846	-0.0055297	0.996774	34.0625	0	0
23	453060	0.0195652	-0.0867826	0.0945217	34.0625	-0.000107108	-0.0054285	0.996896	34.0625	0	0
23	453070	0.00573913	-0.0920869	0.0703478	34.0625	-2.73309e-05	-0.0060224	0.996949	34.0625	0	0
23	453080	0.02	-0.0873043	0.12	34.0625	0	-0.00591012	0.996581	34.0625	0	0
23	453090	0.0234783	-0.0703478	0.106	34.0625	-4.0627e-05	-0.00581114	0.996246	34.0625	0	0
23	453100	0.0213043	-0.0747826	0.0993043	34.0625	0	-0.0056442	0.996598	34.0625	0	0
23	453110	0.0157391	-0.0888696	0.0877391	34.0625	-6.35258e-05	-0.00571437	0.996921	34.0625	0	0
23	453120	-0.0104348	-0.0795652	0.0833913	34.0625	-0.000180236	-0.0062898	0.996308	34.0625	0	0
23	453130	0.0151304	-0.0935652	0.0776522	34.0625	7.97766e-05	-0.00572841	0.99687	34.0625	0	0
23	453140	0.0115652	-0.09	0.0801739	34.0625	0.000110801	-0.00588279	0.9965	34.0625	0	0
23	453150	0.0114783	-0.0609565	0.0687826	34.0625	0.000223818	-0.00567818	0.996414	34.0625	0	0
23	453160	0.0253043	-0.098087	0.0828696	34.0625	-4.80137e-05	-0.00594484	0.996745	34.0625	0	0
23	453170	0.02	-0.0969565	0.0811304	34.0625	-8.05153e-05	-0.00574318	0.996911	34.0625	0	0
23	453180	0.0086087	-0.0798261	0.107391	34.0625	2.43762e-05	-0.00584881	0.996725	34.0625	0	0
23	453190	0.00826087	-0.0885217	0.0805217	34.0625	-1.32961e-05	-0.005967	0.996483	34.0625	0	0
23	453200	0.012087	-0.0708696	0.0770435	34.0625	-1.03414e-05	-0.00593006	0.996524	34.0625	0	0
23	453210	0.01	-0.0589565	0.0791304	34.0625	-2.88082e-05	-0.00587909	0.996299	34.0625	0	0
23	453220	0.00686957	-0.0826087	0.0905217	34.0625	-0.000123358	-0.00617087	0.996843	34.0625	0	0
23	453230	0.0174783	-0.0568696	0.104609	34.0625	-0.000143302	-0.0058525	0.996691	34.0625	0	0
23	453240	-0.000869565	-0.0613913	0.0861739	34.0625	-4.7275e-05	-0.00575352	0.996435	34.0625	0	0
23	453250	0.02	-0.0793913	0.0735652	34.0625	-0.000129268	-0.00604086	0.996538	34.0625	0	0
23	453260	0.010087	-0.0794783	0.100609	34.0625	7.97766e-05	-0.00604382	0.996343	34.0625	0	0
23	453270	0.00504348	-0.0701739	0.0684348	34.0625	-5.17071e-05	-0.00570698	0.996813	34.0625	0	0
23	453280	0.022087	-0.0843478	0.0573043	34.0625	-0.00013887	-0.00570994	0.996832	34.0625	0	0
23	453290	0.018087	-0.0782609	0.0574783	34.0625	-2.58535e-05	-0.00609405	0.996573	34.0625	0	0
23	453300	0.00321739	-0.088087	0.120261	34.0625	4.13657e-05	-0.00552305	0.996548	34.0625	0	0
23	453310	0.019913	-0.0734783	0.0985217	34.0625	-3.91496e-05	-0.00585472	0.997067	34.0625	0	0
23	453320	0.00869565	-0.0729565	0.0597391	34.0625	-3.98883e-05	-0.00563459	0.996513	34.0625	0	0
23	453330	-0.00382609	-0.0846087	0.103304	34.0625	-9.15954e-05	-0.00613689	0.996748	34.0625	0	0
23	453340	0.0210435	-0.0734783	0.110261	34.0625	7.60833e-05	-0.00575721	0.996732	34.0625	0	0
23	453350	0.0145217	-0.0750435	0.101826	34.0625	1.25574e-05	-0.00597438	0.996596	34.0625	0	0
23	453360	0.0206957	-0.0941739	0.13487	34.0625	-4.35817e-05	-0.00557476	0.996583	34.0625	0	0
23	453370	0.0150435	-0.0834783	0.0836522	34.0625	-9.52887e-05	-0.00586801	0.996583	34.0625	0	0
23	453380	0.0115652	-0.0898261	0.123478	34.0625	9.30727e-05	-0.00583182	0.996576	34.0625	0	0
23	453390	0.0109565	-0.0746957	0.058	34.0625	-3.32403e-05	-0.00600836	0.996492	34.0625	0	0
23	453400	0.0108696	-0.0688696	0.127826	34.0625	-0.000140348	-0.00627059	0.996824	34.0625	0	0
23	453410	0.00547826	-0.0993043	0.0963478	34.0625	7.97766e-05	-0.00610661	0.996537	34.0625	0	0
23	453420	0.0153043	-0.0696522	0.108087	34.0625	8.7902e-05	-0.00582148	0.996756	34.0625	0	0
23	453430	0.0164348	-0.077913	0.0503478	34.0625	-2.73309e-05	-0.00598399	0.9967	34.0625	0	0
23	453440	0.0115652	-0.0862609	0.0708696	34.0625	-0.00014478	-0.00589756	0.996938	34.0625	0	0
23	453450	0.0188696	-0.0726957	0.0747826	34.0625	-5.02297e-05	-0.00592046	0.996482	34.0625	0	0
23	453460	0.0178261	-0.0775652	0.11287	34.0625	-0.000104153	-0.00608962	0.996966	34.0625	0	0
23	453470	0.0130435	-0.0784348	0.11313	34.0625	-8.1254e-06	-0.00611399	0.996505	34.0625	0	0
23	453480	0.0133043	-0.0697391	0.0812174	34.0625	3.39789e-05	-0.00589904	0.996647	34.0625	0	0
23	453490	0.0246087	-0.0824348	0.0546087	34.0625	-0.000207567	-0.00552601	0.996391	34.0625	0	0
23	453500	0.00965217	-0.0694783	0.0981739	34.0625	-7.82993e-05	-0.00587983	0.99647	34.0625	0	0
23	453510	0.011913	-0.0806956	0.0548696	34.0625	-0.000158076	-0.00620928	0.996669	34.0625	0	0
23	453520	0.0121739	-0.092	0.063913	34.0625	2.88082e-05	-0.00579858	0.99663	34.0625	0	0
23	453530	0.00147826	-0.0840869	0.0869565	34.0625	-1.55121e-05	-0.00586654	0.996598	34.0625	0	0
23	453540	0.0193913	-0.0905217	0.105652	34.0625	5.90938e-06	-0.00568335	0.996477	34.0625	0	0
23	453550	0.00826087	-0.062087	0.0811304	34.0625	5.09684e-05	-0.0061982	0.996469	34.0625	0	0
