23	441120	0.0242609	-0.0869565	0.0830435	34.0625	-5.90938e-06	-0.00605416	0.996391	34.0625	0	0
23	441130	0.0193043	-0.0725217	0.115913	34.0625	-0.000171372	-0.00603274	0.996824	34.0625	0	0
23	441140	0.0215652	-0.0849565	0.0882609	34.0625	-8.1254e-05	-0.00611621	0.99635	34.0625	0	0
23	441150	0.0189565	-0.0986087	0.0837391	34.0625	-0.000201658	-0.00578233	0.99669	34.0625	0	0
23	441160	0.022087	-0.0689565	0.0945217	34.0625	-4.35817e-05	-0.00544475	0.996468	34.0625	0	0
23	441170	-0.00478261	-0.0798261	0.0925217	34.0625	-0.0001891	-0.00582	0.996479	34.0625	0	0
23	441180	0.00852174	-0.096087	0.0917391	34.0625	0.00010563	-0.00580744	0.996556	34.0625	0	0
23	441190	0.00965217	-0.0908696	0.109043	34.0625	-1.69895e-05	-0.00619155	0.996661	34.0625	0	0
23	441200	0.00808696	-0.0723478	0.0593913	34.0625	-0.000240807	-0.00576165	0.996649	34.0625	0	0
23	441210	0.02	-0.0718261	0.0734783	34.0625	-5.17071e-06	-0.00587983	0.996502	34.0625	0	0
23	441220	0.0229565	-0.079913	0.119826	34.0625	-0.000132961	-0.0058296	0.996787	34.0625	0	0
23	441230	0.0266087	-0.087913	0.130174	34.0625	1.32961e-05	-0.00598325	0.996955	34.0625	0	0
23	441240	0.00921739	-0.0814783	0.116522	34.125	-2.95469e-05	-0.0058296	0.996913	34.125	0	0
23	441250	0.0103478	-0.0840869	0.107391	34.125	-2.14215e-05	-0.00557476	0.996635	34.125	0	0
23	441260	0.0106957	-0.0653913	0.108696	34.0625	2.14215e-05	-0.00576682	0.996576	34.0625	0	0
23	441270	-0.000521739	-0.0955652	0.0513043	34.0625	-7.9038e-05	-0.00608223	0.996215	34.0625	0	0
23	441280	0.0182609	-0.0794783	0.0751304	34.0625	-0.000101937	-0.0058067	0.996311	34.0625	0	0
23	441290	0.0132174	-0.072087	0.0550435	34.0625	-8.64247e-05	-0.00578159	0.996497	34.0625	0	0
23	441300	0.014087	-0.10087	0.095913	34.0625	-0.000172849	-0.00600024	0.996542	34.0625	0	0
23	441310	0.021913	-0.0907826	0.103217	34.0625	3.25016e-05	-0.00570846	0.996765	34.0625	0	0
23	441320	0.0273043	-0.0741739	0.103304	34.0625	2.58535e-05	-0.00581778	0.996409	34.0625	0	0
23	441330	0.0141739	-0.0752174	0.062087	34.0625	-0.00019501	-0.00586358	0.996367	34.0625	0	0
23	441340	0.0226957	-0.0746087	0.0816522	34.0625	0	-0.00579784	0.996663	34.0625	0	0
23	441350	0.0244348	-0.0838261	0.0967826	34.0625	-0.000232682	-0.00616127	0.996855	34.0625	0	0
23	441360	0.0156522	-0.0726957	0.0873043	34.0625	-4.35817e-05	-0.00586284	0.996265	34.0625	0	0
23	441370	0.00852174	-0.0711304	0.0612174	34.0625	7.01739e-05	-0.00577568	0.996729	34.0625	0	0
23	441380	0.00791304	-0.0635652	0.0696522	34.0625	-0.000157337	-0.00588426	0.996399	34.0625	0	0
23	441390	0.0103478	-0.0771304	0.0826087	34.0625	-3.98883e-05	-0.0061332	0.996494	34.0625	0	0
23	441400	0.0278261	-0.098087	0.0733913	34.125	-3.25016e-05	-0.00608223	0.996593	34.125	0	0
23	441410	0.00417391	-0.0915652	0.0696522	34.0625	1.84668e-05	-0.00551271	0.996581	34.0625	0	0
23	441420	0.01	-0.0921739	0.0726957	34.0625	4.2843e-05	-0.0054285	0.996786	34.0625	0	0
23	441430	0.0236522	-0.0826957	0.11113	34.0625	-5.46618e-05	-0.0059116	0.996381	34.0625	0	0
23	441440	0.0145217	-0.0710435	0.066	34.0625	4.2843e-05	-0.00603939	0.996826	34.0625	0	0
23	441450	0.0126957	-0.0835652	0.116783	34.0625	0.000100459	-0.00597955	0.996627	34.0625	0	0
23	441460	0.00486956	-0.0933043	0.11113	34.0625	-3.8411e-05	-0.00589017	0.996692	34.0625	0	0
23	441470	0.0113043	-0.0714783	0.0741739	34.0625	-1.77281e-05	-0.00621371	0.996652	34.0625	0	0
23	441480	0.0229565	-0.0672174	0.0618261	34.0625	-0.00012262	-0.00572693	0.996861	34.0625	0	0
23	441490	0.0103478	-0.0730435	0.066	34.0625	-2.06828e-05	-0.00601058	0.996655	34.0625	0	0
23	441500	-0.00243478	-0.0789565	0.0988696	34.0625	-7.38672e-06	-0.00599507	0.996341	34.0625	0	0
23	441510	0.0209565	-0.104174	0.0743478	34.0625	-7.9038e-05	-0.00590273	0.996263	34.0625	0	0
23	441520	0.0236522	-0.0858261	0.0955652	34.0625	1.99442e-05	-0.00614502	0.996632	34.0625	0	0
23	441530	0.0125217	-0.0777391	0.0490435	34.0625	-0.000107108	-0.00591381	0.99671	34.0625	0	0
23	441540	0.0208696	-0.100435	0.121478	34.0625	-0.000129268	-0.00575648	0.996358	34.0625	0	0
23	441550	0.0115652	-0.072	0.112435	34.0625	2.06828e-05	-0.00615831	0.996842	34.0625	0	0
23	441560	0.011913	-0.0833043	0.127826	34.0625	-3.69336e-05	-0.00615093	0.996479	34.0625	0	0
23	441570	0.0195652	-0.0666087	0.0226957	34.0625	9.60274e-05	-0.00591898	0.996553	34.0625	0	0
23	441580	0.027913	-0.0826957	-1.99104	34.0625	0.000816972	-0.00665248	0.996146	34.0625	0	0
23	441590	0.0514783	-0.0717391	-9.25087	34.0625	0.00180679	-0.00754111	0.99651	34.0625	0	0
23	441600	0.113043	-0.090087	-17.863	34.0625	0.00185037	-0.00749605	0.996641	34.0625	0	0
23	441610	0.164696	-0.0947826	-26.7282	34.0625	0.0017898	-0.00795033	0.996183	34.0625	0	0
23	441620	0.224174	-0.0753043	-35.7031	34.0625	0.00175804	-0.00796511	0.996765	34.0625	0	0
23	441630	0.308609	-0.0734783	-44.7392	34.0625	0.00172775	-0.00857377	0.996809	34.0625	0	0
23	441640	0.323913	-0.0687826	-53.7443	34.0625	0.00121364	-0.0090251	0.996864	34.0625	0	0
23	441650	0.365913	-0.0771304	-62.6844	34.0625	0.000814756	-0.00930358	0.996759	34.0625	0	0
23	441660	0.441826	-0.074087	-71.6486	34.0625	0.000542186	-0.00948308	0.996505	34.0625	0	0
23	441670	0.488783	-0.0878261	-80.6897	34.0625	-4.43203e-06	-0.0103111	0.996754	34.0625	0	0
23	441680	0.516522	-0.0861739	-87.4834	34.0625	-0.0013466	-0.00944614	0.996729	34.0625	0	0
23	441690	0.545304	-0.0876522	-89.2486	34.0625	-0.00237262	-0.00953552	0.996802	34.0625	0	0
23	441700	0.535478	-0.0950435	-89.7094	34.0625	-0.00276485	-0.00949194	0.99646	34.0625	0	0
23	441710	0.55113	-0.0933043	-89.8657	34.0625	-0.00260825	-0.0091588	0.997045	34.0625	0	0
23	441720	0.546783	-0.105478	-89.8634	34.0625	-0.00267843	-0.00949785	0.996648	34.0625	0	0
23	441730	0.55113	-0.0921739	-89.8599	34.0625	-0.00282394	-0.00922676	0.996903	34.0625	0	0
23	441740	0.535652	-0.071913	-89.9045	34.0625	-0.00269837	-0.00972758	0.996281	34.0625	0	0
23	441750	0.541739	-0.0941739	-89.8386	34.0625	-0.00256467	-0.00918022	0.996615	34.0625	0	0
23	441760	0.53513	-0.100348	-89.8861	34.0625	-0.00260308	-0.00959979	0.996629	34.0625	0	0
23	441770	0.534348	-0.0786956	-89.8974	34.0625	-0.00253734	-0.00964189	0.996428	34.0625	0	0
23	441780	0.538435	-0.103913	-89.9237	34.0625	-0.00271093	-0.00910635	0.996425	34.0625	0	0
23	441790	0.533304	-0.0891304	-89.9104	34.0625	-0.00264519	-0.00923562	0.996787	34.0625	0	0
23	441800	0.544957	-0.0746087	-89.874	34.0625	-0.00292293	-0.00955104	0.996513	34.0625	0	0
23	441810	0.549043	-0.0987826	-89.8402	34.0625	-0.00277889	-0.00956285	0.996699	34.0625	0	0
23	441820	0.556261	-0.107739	-89.9173	34.0625	-0.00268951	-0.00953626	0.996126	34.0625	0	0
23	441830	0.542261	-0.0922609	-89.8816	34.0625	-0.00287344	-0.00944393	0.996284	34.0625	0	0
23	441840	0.559565	-0.0874783	-89.8761	34.0625	-0.00277298	-0.00980809	0.99657	34.0625	0	0
23	441850	0.554087	-0.0995652	-89.8898	34.0625	-0.0027028	-0.0096382	0.996289	34.0625	0	0
23	441860	0.560957	-0.105304	-89.8633	34.0625	-0.00290298	-0.00946683	0.996626	34.0625	0	0
23	441870	0.553043	-0.101826	-89.9081	34.0625	-0.00291776	-0.00940847	0.996635	34.0625	0	0
23	441880	0.543913	-0.0977391	-89.8711	34.0625	-0.00283798	-0.00964854	0.996838	34.0625	0	0
23	441890	0.531304	-0.0892174	-89.8788	34.0625	-0.00283872	-0.00924079	0.996356	34.0625	0	0
23	441900	0.552	-0.1	-89.9027	34.0625	-0.00292884	-0.00938927	0.9966	34.0625	0	0
23	441910	0.550957	-0.0932174	-89.8956	34.0625	-0.0024908	-0.0091817	0.996722	34.0625	0	0
23	441920	0.565913	-0.0866087	-89.9115	34.0625	-0.0028594	-0.00911596	0.996485	34.0625	0	0
23	441930	0.544783	-0.0948696	-89.8755	34.0625	-0.00279735	-0.0092792	0.996317	34.0625	0	0
23	441940	0.56	-0.0786956	-89.8947	34.0625	-0.00281508	-0.00922824	0.996929	34.0625	0	0
23	441950	0.549391	-0.076087	-89.8966	34.125	-0.00285497	-0.00937523	0.996405	34.125	0	0
23	441960	0.558696	-0.0904348	-89.9055	34.0625	-0.0026149	-0.00991077	0.996423	34.0625	0	0
23	441970	0.527913	-0.0944348	-89.919	34.0625	-0.0028269	-0.0093021	0.996505	34.0625	0	0
23	441980	0.55687	-0.0766957	-89.855	34.0625	-0.0027715	-0.00964041	0.99644	34.0625	0	0
23	441990	0.544087	-0.0758261	-89.894	34.0625	-0.00266587	-0.00954513	0.996723	34.0625	0	0
23	442000	0.553217	-0.0922609	-89.878	34.0625	-0.00281139	-0.00964928	0.996374	34.0625	0	0
23	442010	0.534783	-0.0930435	-89.9162	34.0625	-0.00284241	-0.0094683	0.996996	34.0625	0	0
23	442020	0.542435	-0.0901739	-89.9205	34.0625	-0.00257797	-0.00931909	0.996716	34.0625	0	0
23	442030	0.545217	-0.0958261	-89.8687	34.0625	-0.00271093	-0.00943654	0.996244	34.0625	0	0
23	442040	0.547913	-0.0762609	-89.8764	34.0625	-0.00274047	-0.00922676	0.996397	34.0625	0	0
23	442050	0.531565	-0.108783	-89.9237	34.0625	-0.00254177	-0.00991077	0.996436	34.0625	0	0
23	442060	0.550174	-0.0841739	-89.9363	34.0625	-0.00274047	-0.00925113	0.99626	34.0625	0	0
23	442070	0.553478	-0.0957391	-89.8777	34.0625	-0.00263189	-0.00940404	0.996261	34.0625	0	0
23	442080	0.539913	-0.0927826	-89.8884	34.0625	-0.00280769	-0.00943728	0.996639	34.0625	0	0
23	442090	0.536174	-0.0847826	-89.8268	34.0625	-0.00262081	-0.0093346	0.996661	34.0625	0	0
23	442100	0.531304	-0.0851304	-89.8872	34.0625	-0.0027619	-0.00978298	0.996445	34.0625	0	0
23	442110	0.552174	-0.103043	-89.8407	34.0625	-0.00256984	-0.00905465	0.99666	34.0625	0	0
23	442120	0.548522	-0.0783478	-89.8875	34.0625	-0.00251444	-0.00932722	0.996346	34.0625	0	0
23	442130	0.550087	-0.0946957	-89.9076	34.0625	-0.00264519	-0.00957024	0.996657	34.0625	0	0
23	442140	0.545391	-0.0893913	-89.9157	34.0625	-0.00276781	-0.00910044	0.996603	34.0625	0	0
23	442150	0.559217	-0.103043	-89.8966	34.0625	-0.00256098	-0.00918835	0.996516	34.0625	0	0
23	442160	0.549217	-0.102174	-89.894	34.0625	-0.00291259	-0.0094949	0.996702	34.0625	0	0
23	442170	0.550609	-0.076	-89.8863	34.0625	-0.00282764	-0.00917727	0.996275	34.0625	0	0
23	442180	0.54687	-0.0669565	-89.9283	34.0625	-0.00267399	-0.00944614	0.996299	34.0625	0	0
23	442190	0.545478	-0.0772174	-89.9977	34.0625	-0.00270723	-0.00910266	0.9964	34.0625	0	0
23	442200	0.550174	-0.116522	-89.9188	34.0625	-0.00295174	-0.00913959	0.996675	34.0625	0	0
23	442210	0.53887	-0.0869565	-89.8948	34.0625	-0.00264592	-0.00946387	0.996751	34.0625	0	0
23	442220	0.562087	-0.0893044	-89.8663	34.0625	-0.0025462	-0.00944467	0.99666	34.0625	0	0
23	442230	0.567826	-0.0835652	-89.8871	34.0625	-0.00262229	-0.00905982	0.996268	34.0625	0	0
23	442240	0.556696	-0.0907826	-89.8714	34.0625	-0.0032184	-0.00932279	0.996553	34.0625	0	0
23	442250	0.538957	-0.0752174	-89.9423	34.0625	-0.00281804	-0.00947421	0.996403	34.0625	0	0
23	442260	0.555391	-0.0965217	-89.9241	34.0625	-0.00301526	-0.00943432	0.996686	34.0625	0	0
23	442270	0.547478	-0.0673044	-89.9054	34.0625	-0.00280474	-0.00950081	0.996451	34.0625	0	0
23	442280	0.548087	-0.105043	-89.8824	34.0625	-0.00287787	-0.00967144	0.996242	34.0625	0	0
23	442290	0.539304	-0.0724348	-89.8835	34.0625	-0.00266439	-0.0097948	0.996703	34.0625	0	0
23	442300	0.558522	-0.0662609	-89.8398	34.0625	-0.00282616	-0.00928659	0.996474	34.0625	0	0
23	442310	0.556435	-0.0835652	-89.9289	34.0625	-0.00289412	-0.0095141	0.996167	34.0625	0	0
23	442320	0.542174	-0.0949565	-89.8823	34.0625	-0.00289929	-0.00956581	0.996807	34.0625	0	0
23	442330	0.555652	-0.0808696	-89.902	34.0625	-0.0028823	-0.00948677	0.996559	34.0625	0	0
23	442340	0.554696	-0.0856522	-89.8641	34.0625	-0.00263411	-0.00944023	0.996811	34.0625	0	0
23	442350	0.544609	-0.0968696	-89.8677	34.0625	-0.00282025	-0.00945796	0.99648	34.0625	0	0
23	442360	0.555913	-0.0743478	-89.8592	34.0625	-0.00301231	-0.00908198	0.996296	34.0625	0	0
23	442370	0.542435	-0.0822609	-89.9101	34.0625	-0.0025957	-0.00947569	0.996689	34.0625	0	0
23	442380	0.540956	-0.105478	-89.5288	34.0625	-0.00347472	-0.00882344	0.996188	34.0625	0	0
23	442390	0.494609	-0.0901739	-84.9168	34.0625	-0.0042939	-0.00758173	0.996467	34.0625	0	0
23	442400	0.482956	-0.0873913	-76.8652	34.0625	-0.0040627	-0.0069354	0.996293	34.0625	0	0
23	442410	0.40913	-0.0764348	-68.1754	34.0625	-0.003717	-0.00677806	0.996839	34.0625	0	0
23	442420	0.359826	-0.0771304	-59.1719	34.0625	-0.00325828	-0.00595075	0.996793	34.0625	0	0
23	442430	0.295304	-0.0873913	-50.2257	34.0625	-0.00300566	-0.00545288	0.996569	34.0625	0	0
23	442440	0.258348	-0.0876522	-41.2465	34.0625	-0.00289264	-0.00523645	0.996502	34.0625	0	0
23	442450	0.152435	-0.085913	-21.4807	34.0625	-0.00691619	-0.00194419	0.996984	34.0625	0	0
23	442460	0.0383478	-0.0754783	-4.77609	34.0625	-0.00194049	-0.00452141	0.996511	34.0625	0	0
23	442470	0.0178261	-0.0925217	-1.10435	34.0625	-0.000412918	-0.00533248	0.996593	34.0625	0	0
23	442480	0.0126087	-0.0806956	-0.194261	34.0625	-3.32403e-05	-0.00622258	0.996684	34.0625	0	0
23	442490	0.020087	-0.0910435	-0.0111304	34.0625	0.000101198	-0.00574761	0.996466	34.0625	0	0
23	442500	0.00913044	-0.0629565	0.0921739	34.0625	4.2843e-05	-0.00592711	0.996434	34.0625	0	0
23	442510	0.0191304	-0.0765217	0.0497391	34.0625	6.64805e-05	-0.00564272	0.996528	34.0625	0	0
23	442520	0.0153043	-0.0666957	0.0746087	34.0625	-1.03414e-05	-0.00574539	0.996449	34.0625	0	0
23	442530	0.0131304	-0.07	0.0936522	34.0625	-5.46618e-05	-0.00551345	0.996746	34.0625	0	0
23	442540	0.0225217	-0.0702609	0.0903478	34.0625	-2.14215e-05	-0.00594484	0.996365	34.0625	0	0
23	442550	0.0106957	-0.0873913	0.085913	34.0625	-2.06828e-05	-0.00615831	0.996935	34.0625	0	0
23	442560	0.0158261	-0.0973913	0.0662609	34.0625	-9.0118e-05	-0.0057646	0.996646	34.0625	0	0
23	442570	0.0033913	-0.085913	0.103826	34.0625	6.72192e-05	-0.00603126	0.99683	34.0625	0	0
23	442580	0.00669565	-0.0831304	0.117217	34.0625	-0.000177281	-0.00571142	0.996996	34.0625	0	0
23	442590	0.0251304	-0.0751304	0.0386957	34.0625	-0.000182452	-0.00569886	0.996509	34.0625	0	0
23	442600	0.00243478	-0.0888696	0.0477391	34.0625	1.84668e-05	-0.00557993	0.996686	34.0625	0	0
23	442610	0.020087	-0.0862609	0.070087	34.0625	-0.000159553	-0.00568704	0.996577	34.0625	0	0
23	442620	0.008	-0.0826087	0.0986957	34.0625	-0.000115972	-0.0059441	0.996611	34.0625	0	0
23	442630	0.02	-0.0737391	0.0532174	34.0625	-5.90938e-06	-0.00582813	0.996455	34.0625	0	0
23	442640	0.00113043	-0.0849565	0.0888696	34.0625	-1.92055e-05	-0.00579045	0.996201	34.0625	0	0
23	442650	0.0203478	-0.0835652	0.0853043	34.0625	-5.17071e-06	-0.0056538	0.996402	34.0625	0	0
23	442660	0.025913	-0.08	0.0597391	34.0625	3.98883e-05	-0.00573948	0.996535	34.0625	0	0
23	442670	0.0190435	-0.0908696	0.0789565	34.0625	-8.86407e-05	-0.00569517	0.996736	34.0625	0	0
23	442680	0.0108696	-0.106348	0.0984348	34.0625	3.98883e-05	-0.00558806	0.99624	34.0625	0	0
23	442690	0.00947826	-0.0732174	0.0918261	34.0625	3.98883e-05	-0.00602166	0.99627	34.0625	0	0
23	442700	0.0128696	-0.0785217	0.0926087	34.0625	-0.000136654	-0.0059862	0.996662	34.0625	0	0
23	442710	0.0168696	-0.0763478	0.0927826	34.0625	-4.80137e-05	-0.00563312	0.996266	34.0625	0	0
23	442720	0.0246957	-0.08	0.0732174	34.0625	-3.91496e-05	-0.00622849	0.996114	34.0625	0	0
23	442730	0.0232174	-0.079913	0.0705217	34.0625	-7.38672e-06	-0.00566562	0.996379	34.0625	0	0
23	442740	0.0297391	-0.0977391	0.0933913	34.0625	1.84668e-05	-0.0058562	0.996678	34.0625	0	0
23	442750	0.00973913	-0.097913	0.0790435	34.0625	3.39789e-05	-0.00599211	0.996682	34.0625	0	0
23	442760	0.02	-0.0909565	0.0729565	34.0625	9.60274e-06	-0.00608297	0.996521	34.0625	0	0
23	442770	0.0134783	-0.0877391	0.0502609	34.0625	-4.2843e-05	-0.0060187	0.996717	34.0625	0	0
23	442780	0.0194783	-0.0554783	0.110087	34.0625	1.99442e-05	-0.00597364	0.996689	34.0625	0	0
23	442790	0.0133043	-0.0637391	0.0845217	34.0625	2.44826e-05	-0.00596847	0.996734	34.0625	0	0
23	442800	0.0157391	-0.078087	0.0973913	34.0625	-4.94911e-05	-0.00556811	0.996548	34.0625	0	0
23	442810	0.0187826	-0.0956522	0.0920869	34.0625	1.25574e-05	-0.00612064	0.996488	34.0625	0	0
23	442820	0.0073913	-0.0773043	0.0893913	34.0625	0.000123358	-0.00634076	0.996488	34.0625	0	0
23	442830	-0.0086087	-0.0738261	0.107043	34.0625	3.25016e-05	-0.00550828	0.996177	34.0625	0	0
23	442840	0.0324348	-0.0729565	0.117913	34.0625	-0.000187623	-0.00606007	0.996793	34.0625	0	0
23	442850	0.00443478	-0.0605217	0.062	34.0625	-0.000164724	-0.0063223	0.996512	34.0625	0	0
23	442860	0.00113043	-0.0702609	0.096	34.0625	-0.000363427	-0.00577199	0.996829	34.0625	0	0
23	442870	-0.004	-0.0925217	0.063913	34.0625	1.03414e-05	-0.00586506	0.99674	34.0625	0	0
23	442880	0.028	-0.0711304	0.0635652	34.0625	-0.000242285	-0.00586949	0.996735	34.0625	0	0
23	442890	0.0208696	-0.0874783	0.0768696	34.0625	9.75048e-05	-0.00571659	0.996663	34.0625	0	0
23	442900	0.0163478	-0.0672174	0.0874783	34.0625	8.27313e-05	-0.00584438	0.996584	34.0625	0	0
23	442910	0.0111304	-0.0658261	0.0910435	34.0625	-3.76723e-05	-0.00544475	0.996621	34.0625	0	0
23	442920	0.0126957	-0.0730435	0.0873043	34.0625	0	-0.00566931	0.996501	34.0625	0	0
23	442930	0.0165217	-0.0692174	0.107478	34.0625	-4.35817e-05	-0.00566266	0.99663	34.0625	0	0
23	442940	0.0164348	-0.0792174	0.108609	34.0625	-0.000152905	-0.00572988	0.996411	34.0625	0	0
23	442950	0.0210435	-0.0805217	0.072087	34.0625	-0.000160292	-0.00550385	0.996229	34.0625	0	0
23	442960	0.0176522	-0.0728696	0.0513043	34.0625	-1.03414e-05	-0.00592046	0.99634	34.0625	0	0
23	442970	0.0234783	-0.064087	0.0684348	34.0625	-8.86407e-06	-0.00568704	0.996362	34.0625	0	0
23	442980	0.0194783	-0.0682609	0.0928696	34.0625	6.35258e-05	-0.00597808	0.996627	34.0625	0	0
23	442990	0.019913	-0.0793043	0.0664348	34.0625	-1.03414e-05	-0.00609331	0.996716	34.0625	0	0
23	443000	0.016	-0.0710435	0.0825217	34.0625	8.71634e-05	-0.00574687	0.996501	34.0625	0	0
23	443010	0.010087	-0.0942609	0.079913	34.0625	-8.27313e-05	-0.0058983	0.996567	34.0625	0	0
23	443020	0.0183478	-0.0752174	0.103391	34.0625	-3.76723e-05	-0.00577494	0.996283	34.0625	0	0
23	443030	0.00826087	-0.0938261	0.075913	34.0625	-4.43203e-06	-0.00603865	0.996954	34.0625	0	0
23	443040	0.0128696	-0.0970435	0.0929565	34.0625	-1.92055e-05	-0.00602609	0.996675	34.0625	0	0
23	443050	0.0171304	-0.0969565	0.0936522	34.0625	9.75048e-05	-0.00577642	0.996618	34.0625	0	0
23	443060	0.0142609	-0.0893044	0.064	34.0625	-9.08567e-05	-0.00561613	0.996739	34.0625	0	0
23	443070	0.0157391	-0.0848696	0.0951304	34	8.1254e-06	-0.00594336	0.996501	34	0	0
23	443080	-0.00286957	-0.0794783	0.0676522	34.0625	6.42645e-05	-0.0057742	0.996513	34.0625	0	0
23	443090	0.00869565	-0.0765217	0.0584348	34	-0.000209044	-0.00575721	0.996892	34	0	0
23	443100	0.00173913	-0.0717391	0.0882609	34.0625	-9.30727e-05	-0.00564641	0.996228	34.0625	0	0
23	443110	0.00843478	-0.0926087	0.0846957	34.0625	-7.09126e-05	-0.00597069	0.996895	34.0625	0	0
23	443120	0.0193913	-0.0693913	0.0966956	34	-4.80137e-05	-0.00604795	0.996758	34	0	0
23	443130	0.0113913	-0.0603478	0.0842609	34	1.25574e-05	-0.00606302	0.996479	34	0	0
23	443140	0.0123478	-0.0827826	0.105391	34	-7.16512e-05	-0.00560209	0.996613	34	0	0
23	443150	0.0121739	-0.0873043	0.0846087	34.0625	-2.80696e-05	-0.00601649	0.996217	34.0625	0	0
23	443160	-0.00513043	-0.0625217	0.0834783	34.0625	-5.39231e-05	-0.00535759	0.996588	34.0625	0	0
23	443170	0.00973913	-0.0751304	0.0850435	34.0625	-0.00012779	-0.00603495	0.996476	34.0625	0	0
23	443180	0.0174783	-0.0886087	0.103304	34.0625	9.38114e-05	-0.00587023	0.996209	34.0625	0	0
23	443190	0.0125217	-0.0736522	0.0636522	34.0625	-2.06828e-05	-0.00597808	0.996634	34.0625	0	0
23	443200	0.00973913	-0.0930435	0.0836522	34.0625	4.43203e-05	-0.00591307	0.996675	34.0625	0	0
23	443210	0.0246087	-0.0674783	0.0829565	34.0625	-8.19926e-05	-0.00576682	0.996539	34.0625	0	0
23	443220	0.0272174	-0.0764348	0.0801739	34.0625	-0.000160292	-0.00552158	0.996328	34.0625	0	0
23	443230	0.00652174	-0.091913	0.0927826	34.0625	1.62508e-05	-0.00563903	0.996633	34.0625	0	0
23	443240	0.02	-0.0902609	0.0784348	34.0625	5.02297e-05	-0.00575426	0.996507	34.0625	0	0
23	443250	0.0229565	-0.0923478	0.119304	34.0625	-0.000127052	-0.00597955	0.996377	34.0625	0	0
23	443260	0.0157391	-0.0844348	0.111826	34.0625	2.14215e-05	-0.00543885	0.996571	34.0625	0	0
23	443270	0.0273913	-0.0796522	0.11913	34.0625	-0.000246717	-0.00566192	0.997005	34.0625	0	0
23	443280	0.00582609	-0.0767826	0.122435	34.0625	-1.77281e-05	-0.00530071	0.996605	34.0625	0	0
23	443290	0.0106957	-0.0895652	0.0747826	34.0625	-8.27313e-05	-0.00577642	0.996508	34.0625	0	0
23	443300	0.00956522	-0.0901739	0.09	34.0625	-6.42645e-05	-0.00558215	0.99676	34.0625	0	0
23	443310	0.0178261	-0.0851304	0.079913	34.0625	1.32961e-05	-0.00595296	0.99677	34.0625	0	0
